4235 2 50397730 -71.154602 42.297071
4575 2 49275876 -71.157372 42.297177
2530 0 48845077 -71.169186 42.26685
2770 1 48845076 -71.169186 42.26685
2665 1 36397271 -71.1561689 42.3002164
3060 2 44719428 -71.15569 42.299097
2205 2 45649355 -71.1582 42.2606
3150 2 48428040 -71.137608 42.287615
3729 3 48593846 -71.1406889414333 42.2733245775331
4044 3 48607956 -71.1731050047107 42.2775805775331
3500 4 48626099 -71.133765 42.27726
3840 2 48637150 -71.155444 42.296089
2795 2 49064810 -71.1804768225389 42.2601284944425
6930 3 49303634 -71.154507 42.287406
4620 1 49411039 -71.136337 42.276183
2970 2 49503341 -71.158237 42.260622
8460 3 49554755 -71.137773 42.291651
3300 3 49964516 -71.1638518677508 42.268367577533
3605 2 50074860 -71.157718 42.296503
2900 3 50250322 -71.143378 42.285904
4235 2 50349595 -71.157989 42.296968
3360 1 50419610 -71.156544 42.297097
2990 2 50421732 -71.144649 42.286201
7995 3 50464098 -71.146159 42.299129
4405 2 50477170 -71.153108 42.297499
3400 2 50504041 -71.170382 42.300214
3500 2 50504247 -71.157722 42.296454
3800 2 50504251 -71.15481 42.297667
3866 2 50516445 -71.156303 42.296943
3926 2 50516447 -71.150686 42.258441
3366 1 50516449 -71.152826 42.263727
2600 2 50629857 -71.158628 42.292116
3150 2 50671943 -71.152703 42.287755
2655 1 50732140 -71.1568276 42.2983426
2650 2 50752739 -71.1473893 42.2703698
2900 2 50854534 -71.171063 42.278401
1749 1 50869845 -71.1582 42.2793
2250 2 50891263 -71.159074 42.257472
2200 2 50968792 -71.133375 42.277109
3180 2 50969454 -71.157256 42.29941
5000 2 50971552 -71.1460817 42.2895963
3500 3 50975063 -71.165629 42.264671
4250 3 51023169 -71.162445 42.277926
3195 1 51030312 -71.154602 42.2970695
4455 2 51030480 -71.154602 42.2970695
2500 2 51038961 -71.163358 42.269789
7995 2 51051632 -71.146159 42.299129
5880 1 51055680 -71.133392 42.292177
4500 3 51083583 -71.162358 42.273779
2800 1 50375711 -71.174829 42.337813
2850 2 39882891 -71.156993 42.340127
2195 1 39882890 -71.156993 42.340127
3845 2 22915838 -71.173619 42.319798
2800 2 47820211 -71.1584268916084 42.3391592554958
3010 1 48821941 -71.157253 42.30086
2800 3 49215292 -71.174879 42.336854
8730 3 49520178 -71.162743 42.323313
4475 2 49548019 -71.157253 42.30086
3000 1 49903290 -71.174829 42.337813
3760 2 49937488 -71.174829 42.337813
4700 3 50224221 -71.17379 42.301622
6500 4 50436268 -71.17536 42.336797
2850 2 50447786 -71.164112 42.302564
3600 3 50473877 -71.173568 42.341354
3500 3 50496268 -71.1657978544735 42.3424472554958
3000 1 50504113 -71.179913 42.321299
3200 1 50504245 -71.1651 42.3025
4250 2 50504263 -71.157269 42.300641
3866 2 50516451 -71.17114 42.319756
3800 2 50524814 -71.165797 42.300687
14900 5 50534841 -71.160678 42.323155
4300 2 50568631 -71.17379 42.301622
8000 4 50733927 -71.167397 42.308641
3300 2 50755399 -71.17214 42.319028
2325 1 50770332 -71.160827 42.340331
3950 4 50775945 -71.181915 42.320259
8500 5 50909375 -71.161227 42.333364
3900 2 50912062 -71.171093 42.319479
2650 2 50964151 -71.167188 42.344282
2500 1 51004127 -71.172694 42.319842
7000 5 51025869 -71.160586 42.3413
7500 5 51039033 -71.174088 42.33698
3300 2 51051631 -71.17214 42.319028
2150 0 35001566 -71.153529 42.33868
1800 0 35001565 -71.153529 42.33868
2100 2 28243135 -71.1526655 42.3403133
1950 2 36315744 -71.134978 42.340563
2175 2 45395994 -71.146165 42.342047
2620 1 46519527 -71.155074 42.339356
4900 2 47378269 -71.1451948237828 42.3451642554958
2800 0 47553576 -71.154969 42.341482
2900 1 47618663 -71.147861 42.336137
3600 3 47996294 -71.150925 42.336601
4000 1 48414840 -71.151028 42.338093
3800 1 48422138 -71.146826 42.3364171
4500 1 48425240 -71.156303 42.339523
3800 1 48425258 -71.138475 42.338089
3800 1 48425299 -71.132086 42.338175
6000 2 48433222 -71.142847 42.342135
8500 3 48433258 -71.151028 42.338093
2800 0 48442930 -71.151028 42.338093
2850 1 48491788 -71.144439 42.344279
2675 1 48591639 -71.152149 42.33831
4000 1 48731994 -71.149251 42.337254
3250 3 49287532 -71.147968 42.338416
8520 2 49676041 -71.13583 42.345079
11760 3 49725515 -71.135608 42.342513
5150 6 49787559 -71.1405558278382 42.3448052554958
2975 3 49965125 -71.133556 42.339188
2225 1 49979795 -71.150325 42.339601
2175 1 49979799 -71.151429 42.339705
2100 1 50074852 -71.131492 42.345178
2100 1 50080220 -71.131527 42.345141
2795 1 50147917 -71.147801 42.340182
2175 2 50157676 -71.150945 42.339975
5200 6 50185147 -71.142103005813 42.3447915775331
9000 2 50198642 -71.142431 42.345046
2275 1 50207047 -71.132133 42.3405
3500 3 50250318 -71.136388 42.337684
3950 2 50267516 -71.145668 42.336669
2650 1 50316888 -71.153658 42.338797
4200 4 50375667 -71.144861 42.326979
3622 2 50404734 -71.143755 42.326952
5500 3 50486978 -71.1387559 42.3375707
3850 2 50587409 -71.145605 42.337802
4400 4 50609407 -71.1361946 42.3368167
5000 4 50612250 -71.150483 42.340328
3550 4 50678468 -71.149182 42.336866
6750 3 50682022 -71.1377178844952 42.3369258266068
3750 3 50712631 -71.131249 42.302386
2700 1 50733461 -71.140676 42.337188
4400 4 50740197 -71.1452448264714 42.3449262554958
5500 5 50750012 -71.1452448264714 42.3449262554958
2250 1 50783987 -71.1490448213314 42.3453812554958
2025 0 50785558 -71.1550225 42.3394901
2400 1 50798032 -71.137556 42.337778
2300 1 50808392 -71.134231 42.337249
2795 2 50825322 -71.140341 42.344838
3100 2 50844068 -71.132556 42.339192
2700 2 50873403 -71.145424 42.342712
3195 2 50878457 -71.1538565 42.3441835
7500 4 50879232 -71.1505399 42.3403337
2000 1 50903257 -71.152149 42.33831
2700 2 50924922 -71.154229 42.341293
2795 2 50948595 -71.133113 42.340279
2200 2 50952551 -71.147439 42.344265
3000 3 50964797 -71.156772 42.340555
2550 2 50994612 -71.152672 42.344178
2175 2 50997452 -71.146165 42.342047
2500 1 51009466 -71.1557596 42.33927
4950 4 51014118 -71.150211 42.343959
4500 3 51015740 -71.145698 42.336292
5000 3 51016777 -71.13563 42.341695
4400 3 51017038 -71.153899 42.339008
3200 3 51028889 -71.134157 42.338969
2025 0 51032091 -71.154455 42.339448
2795 2 51037016 -71.132133 42.3405
2500 2 51079444 -71.146417 42.337234
3200 3 51027179 -71.087072 42.283623
2650 3 50502821 -71.08768 42.289615
2000 1 50554209 -71.109124 42.264789
2400 2 45992892 -71.087072 42.29635
3100 3 43706337 -71.085907 42.277029
1995 1 50709577 -71.091053 42.269088
2250 2 50567171 -71.102222 42.263411
2000 1 40892197 -71.089504 42.291274
1825 1 33751931 -71.120007 42.256784
3800 3 45693516 -71.1170052587762 42.2946595775331
3700 4 46396110 -71.115628 42.296462
2400 2 46743029 -71.102911 42.2711699
2500 2 47976476 -71.103519 42.271294
2800 3 48744841 -71.09244 42.287107
3050 1 48892077 -71.112053 42.3004
5880 2 49242073 -71.07938 42.291906
2450 2 49451383 -71.119053 42.277796
12000 4 49467285 -71.097648 42.278169
7710 3 49487190 -71.126143 42.276475
5700 2 49602111 -71.115645 42.275804
7050 2 49632933 -71.122683 42.264937
7140 2 49704886 -71.13071 42.288536
2900 3 49833432 -71.0941829 42.2870448
3000 3 49903346 -71.082369 42.299953
1995 2 50083096 -71.118042 42.292509
3000 4 50137532 -71.084577 42.300005
3300 3 50313201 -71.123355 42.291289
2750 3 50381995 -71.083274 42.288195
2100 3 50419602 -71.0823162634047 42.2949705775331
5000 3 50438153 -71.11742 42.289466
3000 3 50438157 -71.0875140576209 42.281138577533
2800 3 50438198 -71.098763 42.260131
8700 2 50461724 -71.11712 42.27656
3200 2 50473878 -71.115712 42.297396
2000 1 50555362 -71.109009 42.265009
3500 3 50644392 -71.0979395 42.2615824
2550 3 50674629 -71.0862402 42.2726804
2550 2 50682018 -71.113512 42.289299
1850 1 50684998 -71.1144323240427 42.2990445775331
2900 3 50686394 -71.083525 42.288436
2100 2 50713929 -71.079738 42.282187
1995 1 50721289 -71.130765 42.277235
2750 3 50767538 -71.086219 42.276744
2600 3 50783998 -71.088709 42.279446
2500 2 50798068 -71.0872439471717 42.2737105775331
3200 3 50817367 -71.114017 42.298818
4900 5 50825287 -71.110198105647 42.2843675775331
6600 3 50837032 -71.095257 42.287026
2900 3 50874362 -71.080192 42.280786
3000 1 50883093 -71.079924 42.286486
2500 2 50889162 -71.123802 42.289509
2600 3 50920551 -71.080116 42.297805
2550 3 50931999 -71.08623 42.272687
2500 3 50934356 -71.097567 42.267179
2800 4 51016692 -71.097209 42.281436
3400 3 51028901 -71.114148 42.296934
2250 2 51032398 -71.092726 42.260131
2850 3 51032881 -71.0932089 42.2745026
2500 3 51041446 -71.110133 42.264101
2250 2 51071596 -71.088028 42.280963
2950 3 51083600 -71.087784 42.279963
2371 0 29676924 -71.110745 42.303258
3200 3 46996274 -71.108208 42.321009
3390 2 47838577 -71.107533 42.316312
7590 3 49365645 -71.114068 42.319274
12300 4 49516460 -71.111796 42.320029
15630 4 49814519 -71.11188 42.32008
2800 2 49817934 -71.108208 42.321009
4900 3 49827254 -71.1098454869674 42.3099865775331
2800 3 50169162 -71.113965 42.316406
2500 2 50517115 -71.118029 42.308123
3350 2 50663890 -71.113086 42.308489
3580 1 50699632 -71.1126 42.3107
2475 0 50794685 -71.105484 42.309595
2900 1 50794688 -71.105484 42.309595
2300 1 50808411 -71.114053 42.316886
2500 2 50838209 -71.114523 42.322621
3310 0 51004821 -71.1126 42.3107
3000 2 51017675 -71.109949 42.320285
3800 2 51045171 -71.115329 42.311798
5775 2 51027530 -71.1307 42.3303
8000 4 49980230 -71.129566 42.341799
2775 1 34613406 -71.130792 42.340224
2400 1 34613407 -71.130792 42.340224
2455 0 49741323 -71.126998 42.341014
2005 0 5314825 -71.128123 42.340647
2350 1 5314828 -71.128123 42.340647
4000 4 37305522 -71.121696 42.338151
3600 3 39425317 -71.118636 42.344051
2650 1 41117364 -71.121697 42.339626
3000 2 42732031 -71.11885 42.341412
7000 4 45172186 -71.1255646 42.3288049
6290 5 45194170 -71.12272 42.343636
1740 1 45649276 -71.11826 42.34264
3630 2 45649280 -71.11888 42.33153
1728 1 45649281 -71.12406 42.34216
2025 1 45649286 -71.12521 42.34028
2650 1 45739539 -71.11838 42.339303
3680 2 45771344 -71.118371 42.339303
2025 1 45813510 -71.12521 42.34028
2750 0 46519526 -71.126999 42.341014
3000 2 47092086 -71.124064 42.335408
2700 1 47177157 -71.124104 42.338601
3300 1 47257731 -71.119628 42.343008
6300 5 47888101 -71.12272 42.343636
3800 1 48425264 -71.119728 42.324502
4000 1 48425281 -71.118985 42.331592
3800 1 48425305 -71.124894 42.325823
8500 3 48433226 -71.118474 42.332969
6500 2 48433235 -71.125043 42.336057
6500 2 48433244 -71.118985 42.331592
4340 2 48439806 -71.119628 42.343008
2420 0 48560600 -71.126999 42.341014
2800 1 48598664 -71.118637796311 42.3425258266068
4170 2 48880258 -71.119628 42.343008
2575 1 48937053 -71.120138 42.340674
5850 1 49270848 -71.118804 42.331584
3800 4 49396959 -71.121802 42.324285
5850 2 49429060 -71.12519 42.330548
5550 1 49474419 -71.127742 42.329645
6000 1 49479538 -71.125775 42.326799
9420 2 49533518 -71.118647 42.333155
2714 1 49549769 -71.124566 42.340856
6210 1 49611852 -71.124302 42.325626
4650 1 49733717 -71.127591 42.336503
4295 4 50049716 -71.119812 42.336303
4000 1 50055979 -71.1184049524272 42.3326108266068
2800 2 50120337 -71.128329 42.339646
4000 3 50155652 -71.127626 42.343476
2800 1 50155804 -71.12764 42.339833
3800 1 50267531 -71.1235610673972 42.3253058266068
2250 0 50290677 -71.119628 42.341014
2250 0 50290683 -71.119447 42.341008
4500 4 50290749 -71.118576 42.343582
2250 0 50323342 -71.118244 42.341482
3800 3 50323357 -71.119904 42.340066
2600 2 50421726 -71.1220740473966 42.3265768266068
9000 3 50446570 -71.121963 42.339669
10000 4 50448389 -71.131054 42.331913
2700 3 50464221 -71.127234 42.337386
10500 3 50494451 -71.121963 42.339669
2500 1 50532298 -71.124879 42.342282
3500 2 50593675 -71.128096 42.340998
10000 2 50610605 -71.122437 42.339833
2400 1 50661580 -71.12419 42.334192
4450 2 50712634 -71.129329 42.33931
3295 1 50767545 -71.123234 42.338057
2300 1 50825298 -71.124718 42.337275
9000 3 50932407 -71.12264 42.339684
4000 2 50957487 -71.12719 42.344538
4000 2 50958237 -71.1261997722135 42.3440558266068
3000 2 50964792 -71.125602 42.343014
4300 2 51004147 -71.124429 42.337249
4200 4 51016748 -71.122602 42.336928
3600 2 51038879 -71.125167 42.338813
4200 4 51039011 -71.122696 42.336627
4000 1 51048522 -71.124474 42.333611
4100 2 51059914 -71.127152 42.342574
3100 2 51060812 -71.120632 42.325985
9000 3 51083607 -71.121864 42.339846
10000 3 49317423 -71.11138 42.341574
4575 4 40141541 -71.105858788324 42.3302095775331
1650 1 48052383 -71.1114558 42.3321369
5695 6 48303962 -71.1052199965028 42.344167577533
6000 5 48303963 -71.1052149963088 42.3441545775331
6500 2 48433199 -71.112668 42.337523
6500 2 48433213 -71.112642 42.337188
2800 1 48442921 -71.117965 42.342647
1600 0 48605889 -71.117033 42.342039
2495 2 48712533 -71.111512 42.332024
3000 3 49151372 -71.114395 42.324103
6810 1 49191978 -71.115017 42.335338
7200 4 49399273 -71.113148 42.338913
1800 0 49449385 -71.111484 42.333254
5760 2 49467899 -71.112668 42.337523
2595 2 49489333 -71.114395 42.324103
9000 2 49497145 -71.11285 42.336903
6720 1 49610732 -71.115728 42.335486
6660 1 49697136 -71.112642 42.337188
13890 3 49697143 -71.115092 42.334341
3500 2 49826633 -71.108449 42.327788
3500 2 50106323 -71.109008 42.330866
2800 1 50155660 -71.106519 42.344709
8000 4 50166616 -71.110153 42.344803
6000 4 50180283 -71.114812 42.340779
4500 4 50190332 -71.117985 42.343695
4000 2 50224405 -71.112558 42.335797
2150 0 50244405 -71.116812 42.341617
2000 0 50265693 -71.116772 42.342047
2300 1 50334092 -71.111584 42.324274
2250 0 50344636 -71.117804 42.341468
3300 2 50484545 -71.114689 42.331722
1725 0 50529959 -71.1124608232289 42.3325505775331
3600 1 50606137 -71.112668 42.337523
3125 1 50617015 -71.117474 42.342799
2500 2 50698762 -71.108248 42.326876
3950 3 50712563 -71.1179349297429 42.3340518266068
3000 2 50782437 -71.116365 42.330386
2695 2 50858534 -71.1115699 42.3320338
2795 2 50879120 -71.111188 42.332652
2450 2 50887071 -71.112177 42.332338
3600 3 50973104 -71.109116 42.332254
3500 2 51028872 -71.113454 42.33898
3690 1 51043301 -71.114074 42.333552
4200 6 51083574 -71.107019 42.331671
3400 4 50020147 -71.083311 42.305775
2500 2 50905656 -71.080986 42.317593
2600 3 48102888 -71.08345 42.306205
2346 0 36879563 -71.101084 42.31253
2500 2 41815262 -71.0814167 42.3155239
3200 2 47746904 -71.085995 42.306218
2895 5 47814102 -71.0899583 42.3142324
4100 3 49143220 -71.093143 42.321129
7830 2 49188018 -71.099909 42.315208
3400 3 49270142 -71.1044449 42.3208976
5370 1 49484483 -71.102205 42.311361
6390 2 49560949 -71.09844 42.309916
3100 3 50236205 -71.094134 42.321558
2800 2 50623130 -71.0908857 42.3195553
3950 2 50661174 -71.102248 42.308284
2400 2 50682029 -71.080357482261 42.3096705775331
2500 1 50723244 -71.104887 42.322858
2400 2 50767561 -71.084028 42.314295
2750 3 50789073 -71.081144 42.319129
3600 3 50808409 -71.092489 42.322229
6390 3 50878323 -71.083139 42.320708
1950 2 50891265 -71.080934 42.314347
3100 3 50957795 -71.102616 42.309808
4025 3 50988891 -71.084438 42.301538
2150 1 51017679 -71.101568 42.311113
11970 4 51032007 -71.102205 42.311361
2850 1 51079714 -71.08623 42.307752
2075 1 51037965 -71.084614 42.324904
6000 2 50325098 -71.080709 42.34515
2888 0 45959893 -71.101039 42.334151
3174 0 47049369 -71.101291 42.333789
3700 1 43136482 -71.0823684 42.3444878
3200 1 43062412 -71.0823684 42.3444878
5250 4 40459234 -71.098215 42.331822
3440 2 29653528 -71.101622 42.333447
2625 1 29653527 -71.101622 42.333447
5200 5 40054813 -71.102021780109 42.3296585775331
3680 1 43198588 -71.087098 42.345141
3380 1 45030985 -71.0863087 42.3437753
3750 1 45813517 -71.10195 42.34367
12480 1 47570437 -71.07962 42.34178
6700 6 47615141 -71.099329 42.329904
2625 1 47629065 -71.101818 42.33494
4500 3 48198509 -71.085442 42.336753
4300 4 48303965 -71.0858198565124 42.3347825775331
4400 4 48396449 -71.096432 42.325244
3660 1 48792899 -71.087098 42.345141
3025 1 48985588 -71.089539 42.344265
4600 2 49124628 -71.087972 42.341468
3490 0 49139897 -71.081698 42.338833
4020 1 49194622 -71.104368 42.343575
4050 3 49236206 -71.101479 42.33031
5075 3 49236262 -71.08362 42.336548
15000 2 49259203 -71.082815 42.34097
17250 4 49358739 -71.093993 42.32844
4050 1 49387107 -71.103677 42.343161
16500 2 49424587 -71.082815 42.34097
10500 3 49441554 -71.089941 42.324374
30150 2 49476029 -71.101921 42.343695
10740 1 49476038 -71.101921 42.343695
12060 0 49476041 -71.101921 42.343695
23430 3 49476045 -71.101921 42.343695
9150 0 49476130 -71.101921 42.343695
5190 1 49557933 -71.094748 42.329337
5400 1 49624436 -71.094647 42.329058
22170 2 49661295 -71.092662 42.324161
5070 0 49671338 -71.094909 42.32921
4650 1 49689193 -71.094748 42.329337
11250 3 49689442 -71.097264 42.325701
8250 3 49715688 -71.093474 42.325426
2600 3 49787892 -71.0939 42.3411
3200 3 49803621 -71.083015 42.333008
25500 2 49833337 -71.08237 42.34449
6500 2 49860115 -71.08456 42.336809
4200 2 49919275 -71.079931 42.339303
8000 2 49921295 -71.08476 42.336669
3400 1 49951717 -71.096543 42.343244
2800 2 49982440 -71.089539 42.328755
3325 1 50010176 -71.08023 42.339611
3600 2 50049780 -71.096841 42.343083
2100 0 50386903 -71.079729 42.3413
3350 3 50404730 -71.0968999896844 42.3437105775331
3675 1 50431805 -71.087207 42.342647
5400 3 50525845 -71.098271 42.343743
4100 3 50539859 -71.092428 42.328544
2300 0 50554638 -71.095581 42.3435
4000 4 50563565 -71.091841 42.323028
6245 2 50611310 -71.1020339839255 42.3433245775331
4840 1 50611887 -71.102096 42.343661
7774 2 50611934 -71.0855260143476 42.345363577533
4276 1 50611993 -71.101096 42.343893
3750 2 50612365 -71.095886 42.343947
2500 0 50665571 -71.097474 42.342876
6770 2 50684968 -71.1030339804642 42.343092577533
4168 0 50684974 -71.1030339804642 42.343092577533
2500 1 50699658 -71.097909 42.341862
3248 1 50704169 -71.101039 42.334151
2643 0 50711144 -71.088326 42.344209
3000 1 50737281 -71.080311 42.345021
2725 0 50739548 -71.101568 42.334975
3600 2 50749389 -71.096841 42.343083
6490 2 50749928 -71.10121 42.344083
3900 2 50757839 -71.096924 42.343239
4800 3 50777510 -71.0843954 42.3450786
2850 1 50777580 -71.0985142 42.340905
3175 1 50777989 -71.091271 42.34119
4800 3 50783641 -71.084784 42.345279
2275 1 50825270 -71.087995 42.345354
3857 0 50863653 -71.101096 42.343893
3550 2 50894855 -71.096349 42.342779
3400 1 50903886 -71.081698 42.338833
2350 1 50922333 -71.097143 42.341998
2475 1 50950877 -71.088967 42.3446021
3695 2 50987244 -71.080082 42.3386116
4600 2 50987606 -71.0817721 42.338849
3695 2 50995483 -71.080028 42.338584
5700 2 51004852 -71.081606 42.341047
3595 2 51043601 -71.080028 42.338671
2600 1 51048544 -71.083003 42.342823
3300 2 51054576 -71.080028 42.32421
3695 2 51067263 -71.079752 42.339093
2800 2 51083570 -71.093329 42.327147
3000 2 51083572 -71.090333 42.345051
2450 0 51083573 -71.100043 42.341217
2400 3 51038446 -71.171014 42.3495
3700 4 47289402 -71.175008 42.352458
2791 1 31929091 -71.174448 42.364836
3300 4 14666155 -71.1783193 42.38366
5000 5 43656530 -71.175638 42.352733
2950 3 45382420 -71.15869 42.355883
2750 1 48023095 -71.1579797922405 42.3479562554958
2600 1 48023097 -71.1579797922405 42.3479562554958
2650 1 48023101 -71.1579797922405 42.3479562554958
2800 1 48023103 -71.1579797922405 42.3479562554958
2950 1 48023108 -71.1579797922405 42.3479562554958
3000 1 48023109 -71.1579797922405 42.3479562554958
3100 1 48023112 -71.1579797922405 42.3479562554958
3550 2 48023113 -71.1579797922405 42.3479562554958
3500 2 48023117 -71.1579797922405 42.3479562554958
3550 2 48023118 -71.1579797922405 42.3479562554958
3800 4 48591695 -71.168511 42.352103
4395 4 49143232 -71.170576 42.352458
3800 4 49297509 -71.181174 42.358229
2800 2 49803585 -71.1629270236017 42.3740762572248
3950 4 49827257 -71.1747676442623 42.3531903156152
3750 2 50011932 -71.176305 42.353229
3200 2 50093068 -71.1807639200358 42.3660942572248
2800 3 50106399 -71.164289 42.368571
2850 3 50106420 -71.171938 42.370079
2800 3 50106555 -71.170993 42.363162
5000 4 50122066 -71.167762 42.377749
2800 2 50134048 -71.175733 42.381288
8000 5 50134180 -71.164875 42.385747
3200 4 50148995 -71.161178 42.354449
5370 1 50161697 -71.157665 42.370087
3400 4 50236291 -71.16954 42.349959
2995 2 50387306 -71.171088 42.380981
3300 3 50387307 -71.176806 42.381039
3200 4 50438142 -71.162816 42.353283
2100 1 50455547 -71.175733 42.381288
3000 3 50457953 -71.162263 42.355777
3400 4 50488173 -71.169073 42.352664
3900 0 50489821 -71.162018 42.371049
3600 4 50499823 -71.164279 42.356685
3500 3 50593664 -71.161064 42.356937
3000 4 50677231 -71.164459 42.373793
3600 4 50690951 -71.164511 42.356789
3500 4 50711572 -71.178063 42.383672
2700 2 50712052 -71.182259 42.358234
3000 2 50720907 -71.162289 42.379552
3300 3 50729847 -71.159434 42.368245
5925 5 50742738 -71.158429 42.353207
3500 3 50776092 -71.165139 42.349113
2600 2 50776350 -71.156958 42.348524
3500 2 50780444 -71.15869 42.348468
2350 1 50780536 -71.174088 42.378991
2600 3 50783990 -71.1680084925998 42.3771439700638
2600 1 50817378 -71.15869 42.348468
3000 3 50817425 -71.180928 42.363308
1900 1 50869692 -71.180273 42.367543
4500 4 50876429 -71.178221 42.365873
3100 4 50909366 -71.165424 42.349959
4200 3 50922519 -71.161434 42.378152
3100 1 50932011 -71.175179 42.379808
4208 2 50932049 -71.175179 42.379808
2475 3 50954982 -71.16037 42.368197
2500 2 50964808 -71.182807 42.363939
2650 2 50964813 -71.1569777241924 42.3539782554958
2985 3 50972846 -71.165293 42.351699
2100 1 51017706 -71.1763915264656 42.3804129700638
2400 2 51017707 -71.1767265276778 42.3805299700638
4000 4 51018431 -71.1678622 42.3777204
2250 1 51028274 -71.179514 42.362779
3300 2 51032239 -71.171546 42.37927
2400 2 51039501 -71.1766965289936 42.3806569700638
2300 2 51065018 -71.157137 42.350758
2100 1 51082500 -71.175646 42.381057
2900 2 51028289 -71.147782 42.364978
2100 1 48346245 -71.144659 42.354581
2540 0 43845739 -71.1455 42.347376
3207 0 36275699 -71.133678 42.347959
1856 0 36275695 -71.133678 42.347959
2116 1 36275724 -71.133678 42.347959
2000 1 35001569 -71.1527 42.3495
2400 2 15291824 -71.1350686 42.348035
2400 3 38126981 -71.150149 42.346084
3320 2 40328151 -71.149378 42.349617
3190 2 40328152 -71.149365 42.349661
3270 0 43898841 -71.1455 42.347376
3380 1 43898843 -71.1455 42.347376
3380 1 43903035 -71.1455 42.347376
4613 3 45649369 -71.14273 42.35822
21180 3 46763244 -71.13217 42.36276
3160 1 46958420 -71.1455 42.347376
2895 1 47608775 -71.135778 42.356263
2995 3 47614175 -71.139289 42.347743
4500 6 48522589 -71.136375 42.350949
4500 5 48712985 -71.1314195271945 42.3628120660475
5000 4 48941410 -71.132392 42.35049
1895 0 49009748 -71.1395367779253 42.3492232554958
2100 1 49068500 -71.133622 42.347244
3779 3 49094358 -71.1428356681404 42.3589372554958
2000 1 49130318 -71.131351 42.355769
3480 0 49696033 -71.136351 42.35861
3600 0 49696091 -71.137878 42.357509
11040 3 49731337 -71.142247 42.358716
21180 3 49753351 -71.13219 42.3628
2200 1 50226764 -71.1371713277296 42.3473630660475
2350 2 50246206 -71.15669 42.356344
2400 2 50272999 -71.1448877502412 42.3516732554958
2200 1 50290965 -71.14039 42.346555
11070 1 50346375 -71.134905 42.363522
3800 2 50444206 -71.1316896 42.3467444
2800 2 50455725 -71.140881 42.359488
3600 2 50483869 -71.131113 42.347008
2800 2 50494120 -71.134919 42.352214
2800 2 50494125 -71.144659 42.354581
3600 2 50494175 -71.131449 42.346812
15870 3 50496278 -71.132192 42.362818
3025 1 50499824 -71.149482 42.355069
2950 1 50499826 -71.149414 42.355497
3295 4 50517128 -71.134319 42.352607
3000 2 50534816 -71.134765 42.347412
3600 3 50604622 -71.134648 42.354937
4058 1 50611901 -71.142895 42.356283
3185 0 50611964 -71.142895 42.356283
2450 2 50612222 -71.134801 42.354913
3646 2 50612262 -71.1405887741062 42.3495612554958
2995 3 50633724 -71.138965 42.352528
3300 3 50663939 -71.150455 42.35296
2795 2 50671955 -71.138192 42.345661
3995 2 50690911 -71.135748 42.356428
3219 1 50704168 -71.145378 42.361326
3319 1 50704170 -71.145378 42.361326
4050 3 50724283 -71.1380224 42.3530109
2800 2 50730165 -71.145247 42.345438
2795 2 50739558 -71.138192 42.345661
3100 3 50740166 -71.1405844211999 42.3546040660475
2950 4 50754450 -71.145638 42.352758
2800 2 50854768 -71.1348759 42.3522073
2495 2 50861848 -71.135978 42.346681
1880 1 50869844 -71.153269 42.348903
3900 3 50893323 -71.137997 42.352955
1600 1 50903258 -71.133692 42.350428
4050 3 50907511 -71.137997 42.352955
3900 3 50907512 -71.137997 42.352955
4050 3 50916895 -71.137997 42.352955
4200 3 50916896 -71.137997 42.352955
4699 2 50922391 -71.146341 42.359972
2200 2 50924923 -71.137142 42.347574
3600 2 50949179 -71.132276 42.346354
1750 0 51004881 -71.137192 42.346538
2750 2 51010531 -71.140881 42.359458
2895 3 51021992 -71.139289 42.347743
2700 3 51025472 -71.133337 42.358758
5175 4 51032504 -71.131276 42.355651
3200 1 51039467 -71.149454 42.359998
3200 0 51039469 -71.149454 42.359998
3000 2 51039487 -71.149968 42.349838
3130 1 51043296 -71.133678 42.347959
3290 1 51043298 -71.133419 42.347279
3320 1 51043299 -71.133419 42.347279
2675 2 51043609 -71.14917 42.350255
2075 0 51048473 -71.131351 42.355769
3019 1 51049038 -71.143943 42.361535
4500 2 51051574 -71.149454 42.359998
3306 0 51052876 -71.133989 42.347661
4000 4 51052881 -71.1525787640836 42.3504482554958
3019 1 51052884 -71.145378 42.361326
4419 2 51052885 -71.145378 42.361326
3519 2 51055972 -71.145378 42.361326
3019 1 51067260 -71.145171 42.361516
3390 1 51071406 -71.133419 42.347279
2450 2 51073537 -71.138752 42.352834
2450 2 51073538 -71.134648 42.354937
2200 1 51082718 -71.140044 42.347755
2650 2 47047428 -71.147895 42.375893
2900 1 48610002 -71.144444 42.388981
1500 1 48809336 -71.13398 42.3847
8610 3 49188161 -71.149724 42.377703
4050 0 49203332 -71.144359 42.379441
3100 2 49505194 -71.154113 42.375606
7600 4 49950939 -71.136492 42.382728
4200 4 50106466 -71.153229 42.373298
2950 3 50122028 -71.156871 42.375902
3800 2 50130918 -71.144444 42.388981
2600 2 50344181 -71.134723 42.381669
5000 3 50413768 -71.134974 42.384159
4100 2 50472385 -71.140449 42.3888347
4800 2 50484499 -71.132464 42.390049
2858 1 50504004 -71.15482 42.381412
4250 2 50550370 -71.149409 42.37847
2849 1 50604785 -71.154791 42.380783
3608 2 50604789 -71.1537523844561 42.3812446378995
3800 2 50612246 -71.144444 42.388981
2500 2 50663339 -71.153884 42.373326
3800 2 50913185 -71.1444561 42.3890724
3450 2 51017655 -71.149454 42.378419
4500 2 51025507 -71.140335 42.389026
4125 4 51028145 -71.149606 42.372544
2700 2 51054548 -71.1327011 42.3902807
2150 1 51073529 -71.148279 42.377135
2150 1 51082753 -71.148279 42.377135
4510 1 49030485 -71.154355 42.399304
2604 0 47509951 -71.144912 42.398475
2638 0 40248671 -71.142909 42.393077
2339 0 40248666 -71.142909 42.393077
2201 1 40248673 -71.142909 42.393077
3000 3 443279 -71.1443283 42.4131992
1950 1 15202804 -71.1700944 42.420486
2100 2 30799875 -71.132689 42.403418
2723 1 37395326 -71.146218 42.39175
2400 2 40146222 -71.170608 42.420755
4900 4 40996394 -71.134475 42.394432
2500 1 41285474 -71.13283 42.3973593
2400 2 41801221 -71.134009 42.404019
1300 1 42930643 -71.1328286 42.3973936
3520 1 45171239 -71.13418 42.398356
3800 3 45850921 -71.1376090746217 42.3999666378995
3000 2 46549963 -71.1363105 42.3997194
3200 2 46720682 -71.131449 42.398016
2150 1 47457921 -71.1696989642355 42.4226337778984
3370 2 47557231 -71.145365 42.393737
3050 1 47838578 -71.145638 42.391718
6500 5 48049907 -71.158155 42.431678
1800 4 48414796 -71.134475 42.394474
3000 3 48666819 -71.133936 42.418154
3100 3 48958405 -71.158256 42.41535
2450 2 49011919 -71.1421668543712 42.4148747778984
3600 4 50156080 -71.144103 42.405389
1950 1 50326087 -71.133608 42.413853
3000 4 50400364 -71.135723 42.419753
2600 2 50494321 -71.169018 42.416398
3000 3 50559512 -71.16754 42.418398
3105 1 50604426 -71.145365 42.393737
3900 3 50609519 -71.1321962 42.3930825
2970 1 50611509 -71.145638 42.391718
3984 2 50611545 -71.146895 42.395474
3614 2 50611660 -71.145638 42.391718
4833 3 50611971 -71.146895 42.395474
3224 1 50612058 -71.146895 42.395474
3932 2 50612082 -71.1443261701091 42.3941986378995
3200 2 50664372 -71.1370215 42.3917755
2814 0 50722067 -71.1443261701091 42.3941986378995
2600 2 50730166 -71.161526 42.416685
3400 1 50732907 -71.13418 42.398356
2800 2 50775059 -71.136257 42.414504
2100 1 50783964 -71.137669 42.414284
2600 2 50784003 -71.161526 42.416685
3000 2 50788321 -71.1805685 42.4225578
2750 2 50838227 -71.141598 42.412833
2350 2 50889092 -71.138033 42.419806
2200 1 50912064 -71.133033 42.399243
2150 0 50921847 -71.148713 42.407039
3153 1 50959025 -71.1417241663517 42.3944256378995
3000 2 51017654 -71.147713 42.406961
3300 3 51025066 -71.1450753 42.4210157
2550 3 51033094 -71.1438557293807 42.4060437778984
5900 4 51045147 -71.133748 42.398362
3600 3 51045174 -71.138337 42.399513
2300 2 51046659 -71.1653642 42.4191666
2200 1 51052901 -71.1619438879815 42.4172487778984
3000 3 51083605 -71.144266 42.413428
3700 2 51082653 -71.121802 42.346982
4800 4 48967412 -71.125019 42.350846
1900 0 51020780 -71.126618 42.350269
2000 1 50572370 -71.126618 42.350269
2100 0 46605263 -71.121733 42.350874
3150 2 46605267 -71.121733 42.350874
3200 1 45137238 -71.126329 42.353307
2975 2 45137242 -71.126329 42.353307
4500 5 27767452 -71.123669 42.348354
3650 3 38814039 -71.123537 42.3483
2550 2 39518489 -71.124901 42.350439
3800 4 43777619 -71.126437 42.349265
5750 7 45467716 -71.124596 42.360019
7300 5 48319178 -71.125975 42.349182
3000 1 48439809 -71.129602 42.35296
4500 2 48958225 -71.124999 42.354037
3300 3 49068498 -71.129303 42.352893
2100 0 49080540 -71.129502 42.350846
4900 3 49143230 -71.130541 42.35218
6800 6 49399290 -71.129901 42.348047
2950 3 49493884 -71.126437 42.349265
15240 3 49711312 -71.129402 42.351199
2700 3 50013514 -71.12719 42.358396
3800 3 50155739 -71.124867 42.348113
2950 3 50195977 -71.12858 42.354883
2650 0 50322328 -71.129023 42.350955
3000 2 50334706 -71.126267 42.353777
3800 1 50385800 -71.121946 42.351572
5750 7 50438106 -71.1243 42.3597
2995 2 50517122 -71.129821 42.35014
3300 3 50577689 -71.129143 42.350988
2495 1 50612247 -71.130323 42.348884
6500 5 50612249 -71.129901 42.348047
4250 1 50618855 -71.128019 42.346726
1625 4 50671366 -71.1308 42.3561
2800 1 50724121 -71.127104 42.35349
2195 0 50859256 -71.1249245 42.3519321
2195 0 50907506 -71.126856 42.351199
3400 1 50916888 -71.127104 42.35349
3600 2 50949180 -71.130936 42.346709
6500 5 50952756 -71.13008 42.34828
2887 1 50959048 -71.1236885366494 42.3635440660475
2500 2 51042311 -71.1295794 42.3509577
2500 2 51043099 -71.129596 42.350874
3019 1 51048980 -71.118243 42.364229
4650 3 51055966 -71.11973 42.345726
5250 4 51059915 -71.130953 42.345838
3700 2 51071784 -71.121482 42.34688
2000 0 51072750 -71.127143 42.350168
3700 2 51082494 -71.121802 42.346982
3600 2 51082614 -71.130169 42.346735
3800 1 51082618 -71.121802 42.346982
3350 2 51082576 -71.11738 42.347923
5900 4 44949809 -71.108349 42.347787
3800 3 44807492 -71.108349 42.347787
3350 2 51028633 -71.117277 42.348047
5100 4 28900381 -71.116547 42.349209
3900 3 28723538 -71.116547 42.349209
3700 2 13430644 -71.1065016262827 42.3666196378995
4100 3 13569367 -71.1079616735191 42.3637616378995
3500 2 14715984 -71.1077974 42.3674454
4400 3 24207135 -71.1130836325802 42.3662406378995
4400 3 25089410 -71.1104567684835 42.3580146378995
3995 3 31596221 -71.1094306767583 42.3635686378995
4500 4 34386122 -71.117009 42.349109
5900 4 34472539 -71.108043 42.347779
3200 2 34589162 -71.108291 42.346563
4100 3 39816666 -71.117009 42.349109
4595 3 41645816 -71.106027 42.365706
4900 4 41811934 -71.116712 42.349224
6250 5 44351996 -71.107753 42.34815
5400 5 44697648 -71.108158 42.348182
3525 1 44911740 -71.1080136123485 42.3674626378995
3000 2 45298944 -71.108043 42.347779
3500 3 45388323 -71.111866 42.361818
3025 2 45481481 -71.1144007078264 42.3616856378995
3500 2 45791925 -71.1068486520834 42.3650586378995
2925 1 45829766 -71.110636 42.367792
4495 3 45851850 -71.106027 42.365706
3100 2 47447052 -71.108143 42.367748
3950 3 48174666 -71.117251 42.349282
4000 3 48189252 -71.117484 42.349659
4045 3 48235302 -71.11642 42.348932
4950 4 48266985 -71.117251 42.349282
2000 0 48291592 -71.1077974 42.3674454
8500 3 48442851 -71.113371 42.364326
1800 4 48442882 -71.113365 42.364334
2800 1 48442898 -71.107949 42.345412
6000 2 48777041 -71.110251 42.365262
3210 1 49103071 -71.105914 42.356777
4150 3 49151455 -71.109367 42.362836
3630 1 49372467 -71.107857 42.345449
7290 1 49417097 -71.108708 42.346135
4770 0 49618943 -71.11059 42.3463
3400 2 49786684 -71.11342 42.364689
8500 3 49976146 -71.113371 42.364326
4975 5 49980506 -71.112251 42.357626
5880 6 49980507 -71.112313 42.357572
4400 3 50038273 -71.1121147056452 42.3618176378995
2400 2 50111011 -71.1093902 42.3635709
11500 7 50155651 -71.10739 42.345563
3200 2 50155654 -71.117074 42.348812
3800 2 50200389 -71.106638 42.359988
3900 2 50248984 -71.1075006 42.3660343
3190 1 50316203 -71.105914 42.356777
3860 1 50316205 -71.105914 42.356777
3900 2 50772433 -71.10754 42.366158
3200 2 50784000 -71.109782 42.345726
3400 2 50801062 -71.1171094 42.3454692
3450 2 50891425 -71.1060677 42.3460225
3801 0 50893325 -71.105914 42.356777
3500 2 50898950 -71.106935 42.35718
2350 1 50964806 -71.1066776174561 42.3671536378995
3850 2 50972827 -71.1063462 42.3457358
3400 2 51004144 -71.116973 42.345498
2100 1 51013858 -71.10654 42.346582
5600 4 51016772 -71.117439 42.3493
4500 3 51016773 -71.116985 42.349254
3900 2 51028117 -71.10754 42.366158
5400 4 51033532 -71.117712 42.348884
4000 2 51039005 -71.115636 42.3473
3025 1 51068889 -71.1144007078264 42.3616856378995
2800 0 51071787 -71.107949 42.345412
3350 2 51073539 -71.11738 42.347923
3500 2 51075630 -71.107187 42.357532
3600 2 51082523 -71.117712 42.348884
3600 2 51082605 -71.118068 42.349127
3300 2 50923443 -71.121988 42.384925
3000 2 50107910 -71.121988 42.384925
3550 2 40343594 -71.112339 42.370049
3200 2 40343589 -71.111877 42.36913
2795 1 35001587 -71.117046 42.384956
3500 2 35001589 -71.117046 42.384956
2550 0 35001574 -71.108505 42.370252
2200 1 12831583 -71.120228 42.380138
2420 0 253059 -71.108995 42.368903
2555 0 16557009 -71.129658 42.387138
3110 2 16557013 -71.129658 42.387138
3120 1 13430610 -71.1213464864338 42.3750786378995
4115 2 13430642 -71.1213464864503 42.3750776378995
3525 1 13430646 -71.1192603821072 42.3813856378995
3535 1 13430673 -71.1194603935537 42.3807006378995
2900 2 18499505 -71.1111565304996 42.3724136378995
4100 4 25710386 -71.1309263540517 42.3830826378995
2500 1 29426489 -71.1191515277219 42.3725816378995
3500 1 30442935 -71.1215874954955 42.3745306378995
2650 1 31570544 -71.1210433510243 42.3832656378995
3330 1 35260613 -71.116743 42.385458
2600 1 35667633 -71.1111565304996 42.3724136378995
2500 0 36212138 -71.1191515277219 42.3725816378995
3525 0 37308674 -71.1210575088229 42.3737246378995
3000 1 37395585 -71.108505 42.370252
3375 1 40995914 -71.122775 42.373991
3600 4 40996271 -71.119561 42.386336
3000 1 41645989 -71.122688 42.379148
2600 1 42055126 -71.112195 42.371952
2350 2 44419439 -71.1131727 42.3891268
3350 1 45336956 -71.122626 42.374069
2500 1 45336972 -71.110484 42.371287
4195 3 45385998 -71.105422 42.36934
8100 7 45517690 -71.106841 42.374298
2925 2 45718647 -71.1095975992732 42.3682536378995
2880 0 45726526 -71.120299 42.380925
5000 3 45833941 -71.124355 42.378408
3600 2 45925117 -71.11342 42.370769
2800 2 46846798 -71.1287108 42.3824097
1700 1 47079688 -71.1272823979204 42.3804306378995
4195 3 47615110 -71.105381 42.36928
3600 2 48602090 -71.1245775192233 42.3730956378995
3000 2 48761495 -71.109716 42.375079
4200 4 49113937 -71.123082 42.387686
9600 2 49188931 -71.1122 42.367939
8900 3 49453478 -71.12237 42.389253
17640 1 49582749 -71.110911 42.372494
2500 1 49801497 -71.12019 42.37212
2300 1 49963311 -71.113148 42.372053
2300 1 50033930 -71.113148 42.372053
3600 2 50165623 -71.1194354031803 42.3801126378995
2400 2 50209203 -71.1112941 42.3881402
3000 2 50260712 -71.1220654 42.3849201
3950 2 50287335 -71.112296 42.376021
3700 3 50294634 -71.120138 42.385039
4000 4 50318068 -71.1139450021383 42.3888996497556
2500 1 50397330 -71.110484 42.371287
3400 1 50418806 -71.1245873938679 42.3806756378995
3600 3 50428562 -71.1065994402782 42.3778696378995
3750 3 50444411 -71.1252943958363 42.3805566378995
3800 3 50457924 -71.130592 42.386473
3225 3 50464411 -71.106995 42.383596
1800 0 50470981 -71.11473 42.387621
3295 1 50504000 -71.11723 42.385189
3400 2 50555027 -71.1246752 42.3884376
1800 0 50559355 -71.111339 42.377069
3600 2 50559356 -71.124626 42.388419
2525 2 50618783 -71.105494 42.38658
3100 1 50664336 -71.1089458 42.3680819
2700 2 50670854 -71.110512 42.387314
2550 1 50712640 -71.106367 42.369581
8400 3 50733923 -71.129361 42.376446
2995 1 50739552 -71.116911 42.384919
2800 2 50768030 -71.120329 42.382561
4000 4 50825258 -71.105722 42.389534
2800 1 50838179 -71.1247445090544 42.3737106378995
2425 1 50853097 -71.1060588 42.386081
11670 2 50876259 -71.110112 42.369891
3300 2 50912746 -71.1220654 42.3849201
1900 1 50932731 -71.106008 42.386759
11000 8 50954979 -71.125901 42.373978
2750 3 50964789 -71.1109519911407 42.3900796497556
4100 3 50973102 -71.108163 42.374533
2800 2 50990094 -71.1087008 42.3801924
2570 1 51021625 -71.1177674 42.3818323
4195 3 51021989 -71.105422 42.36934
4195 3 51021990 -71.105381 42.36928
2995 1 51028445 -71.116911 42.384919
3200 2 51028553 -71.116965 42.385473
2800 2 51038776 -71.107336090235 42.3794446497556
3500 2 51040486 -71.1096183 42.3702575
3500 2 51041442 -71.10966 42.370111
2880 0 51044412 -71.120299 42.380925
3000 1 51058516 -71.112408 42.368418
2800 2 51060810 -71.108638 42.371533
2995 1 51067267 -71.116812 42.385007
2800 2 51072751 -71.112576 42.371893
3800 2 51079410 -71.120669 42.379249
2500 2 51083564 -71.109935 42.382239
9750 5 50041808 -71.099134 42.350396
2630 0 42926891 -71.099897 42.347946
3865 2 64206 -71.104646 42.3646
3895 2 13430628 -71.102882643274 42.3655916378995
4500 3 26647284 -71.1049886337537 42.3661676378995
300 0 37153341 -71.1032 42.3634
4160 1 39901443 -71.100291 42.363748
2815 0 40995703 -71.099815 42.363753
5375 2 40996274 -71.099815 42.363753
5994 3 40996410 -71.099815 42.363753
4400 1 43903030 -71.100291 42.363748
1500 0 45383210 -71.0945420484438 42.3476485775331
3218 1 46391525 -71.101008 42.359874
3742 1 46391527 -71.101008 42.359874
4010 1 46391529 -71.101008 42.359874
3591 1 46486079 -71.101008 42.359874
3598 1 46486080 -71.101008 42.359874
3608 1 46486081 -71.101008 42.359874
3652 1 46486082 -71.101008 42.359874
3657 1 46486083 -71.101008 42.359874
3828 1 46486084 -71.101008 42.359874
3367 1 46514667 -71.102418 42.360783
4000 2 47456701 -71.1023147019271 42.3620426378995
4260 2 48499115 -71.101008 42.359874
3890 1 48499117 -71.101008 42.359874
4010 1 48921587 -71.102418 42.360783
3560 1 48921588 -71.102418 42.360783
4020 0 49190788 -71.104349 42.36334
4110 1 49669576 -71.099423 42.362387
300 0 49946094 -71.1032 42.3634
4000 2 49962354 -71.1025996977131 42.3622976378995
6500 3 50252321 -71.098467 42.367439
5695 3 50377863 -71.101102 42.362616
5000 5 50454213 -71.103708 42.346476
1695 1 50667278 -71.1051336 42.3466875
3450 1 50683985 -71.103921 42.36513
3360 1 50692554 -71.103921 42.36513
2300 0 50726783 -71.0975936699163 42.3639796378995
2395 0 50845854 -71.093851 42.3465
3025 1 50845855 -71.09355 42.346932
9750 5 50879060 -71.0993601 42.3504804
2995 1 50929888 -71.093018 42.346982
8500 2 50961824 -71.102822 42.346582
5480 3 51043292 -71.104019 42.361767
2100 0 51068888 -71.1037836113897 42.3675206378995
5110 2 51071409 -71.101102 42.362616
5110 2 51071410 -71.101102 42.362616
3004 0 49116408 -71.081921 42.366001
3085 0 34358562 -71.079719 42.348099
5290 2 47755872 -71.079719 42.348099
3845 1 27249990 -71.08162 42.347959
6760 3 27250005 -71.08162 42.347959
3250 0 16557529 -71.082178 42.366835
3075 1 16557497 -71.082178 42.366835
3241 0 65048 -71.083719 42.365063
4170 1 35152470 -71.080773 42.34815
4330 1 35167670 -71.08162 42.347959
2400 0 35366796 -71.0886125 42.3508066
3430 1 37483160 -71.090289 42.350396
3770 1 37781348 -71.082178 42.366835
4290 1 39693362 -71.08162 42.347959
2870 1 42055198 -71.085907 42.360093
2450 0 42055269 -71.085907 42.360093
2425 0 42055270 -71.085907 42.360093
4090 2 44929448 -71.089851 42.350572
5000 1 45385602 -71.0865496735687 42.3637586378995
3726 1 45649255 -71.08361 42.36374
3995 1 45649256 -71.08263 42.36305
4293 1 45649257 -71.08342 42.36369
5070 1 45649258 -71.08232 42.36363
2349 1 45649346 -71.08271 42.34975
4400 1 45935954 -71.0812450168394 42.3455305775331
6500 2 46355772 -71.08045 42.352649
3270 1 48095993 -71.086986 42.351117
3520 1 48302656 -71.086986 42.351117
4500 1 48425246 -71.081877 42.353214
3000 0 48442964 -71.082823 42.352402
3260 0 48657444 -71.081484 42.349695
4000 1 48900834 -71.089866 42.3496838
44700 2 49357382 -71.08448 42.352831
12420 2 49732244 -71.086192 42.348823
2700 1 49869133 -71.089039 42.350699
1995 0 50045886 -71.0903466 42.3468987
4150 1 50117594 -71.079719 42.348099
3700 1 50310208 -71.084163 42.349823
3640 1 50316204 -71.08123 42.349712
9120 1 50319525 -71.08156 42.34964
3000 0 50381972 -71.0828151230215 42.3526455775331
3460 1 50408444 -71.08123 42.349712
3570 1 50408445 -71.081326 42.349712
6278 2 50484470 -71.084588 42.345932
3861 1 50623637 -71.0803070780219 42.3496305775331
3296 0 50629876 -71.088311 42.346217
3410 0 50683984 -71.080773 42.34815
5653 2 50685001 -71.0796060160635 42.3454785775331
3800 1 50712580 -71.088736 42.351307
3296 1 50716711 -71.0883396 42.3462733
5250 1 50735533 -71.0826441 42.351033
10980 1 50744596 -71.08987 42.34857
4500 2 50756946 -71.088059 42.349709
4200 2 50788499 -71.0896803 42.3497264
3860 2 50825210 -71.083207 42.366027
3400 1 50916119 -71.091049 42.348412
1975 0 50928656 -71.0826238 42.3493765
3075 1 50931047 -71.082168628448 42.3664886378995
4626 1 50964760 -71.084588 42.345932
2650 1 50965912 -71.0816563 42.349997
2200 0 50970181 -71.087851 42.350591
6500 2 50971636 -71.0822988 42.3530707
3740 0 51025647 -71.08162 42.347959
2900 1 51033562 -71.0886180780219 42.3496305775331
3213 1 51036576 -71.088178 42.345965
3312 1 51036577 -71.08788 42.345459
3410 0 51043300 -71.081484 42.349695
3970 1 51043304 -71.081395 42.349695
2850 1 51052949 -71.079379 42.353283
8970 1 51080054 -71.088174 42.34723
2650 1 51083597 -71.08168 42.350037
3600 5 50504261 -71.095604 42.389043
2200 2 45177933 -71.1020209 42.3682799
2100 1 45450709 -71.095349 42.384095
2100 0 39882898 -71.100494 42.387783
1995 0 35001561 -71.102398 42.387797
2950 2 32098563 -71.1021245902144 42.3688016378995
2550 1 35902823 -71.1012525902144 42.3688016378995
2300 2 40995683 -71.097763 42.380672
3000 4 40995867 -71.082636 42.389641
2800 3 40995878 -71.102519 42.390016
3800 5 40996227 -71.095604 42.389043
6900 3 40996413 -71.098962 42.371826
7985 7 40996434 -71.098459 42.369962
3900 2 41692657 -71.0984 42.371978
4550 2 42535679 -71.098962 42.371826
4500 3 45866142 -71.103479 42.373644
4495 3 46543320 -71.101764 42.374832
4400 3 47903641 -71.090053 42.370696
14970 3 48168333 -71.09044 42.38502
3200 3 48327422 -71.091911 42.382974
3000 4 48539999 -71.08756 42.389101
2000 0 48744706 -71.102831 42.37333
3300 1 48830912 -71.079552 42.368535
2600 1 49001702 -71.102638 42.369046
1750 1 49035054 -71.0918550455537 42.3842406497556
5375 5 49081614 -71.098459 42.369962
10110 2 49205128 -71.08535 42.369679
6750 3 49206748 -71.091515 42.389672
1800 1 49223357 -71.09922 42.370346
2000 0 49259448 -71.100921 42.369903
11070 4 49606119 -71.08785 42.381205
3200 2 49749259 -71.099726 42.370446
4495 4 49801504 -71.101814 42.374832
3100 3 49824045 -71.091049 42.390204
2200 2 49918493 -71.1000779 42.3767942
4600 4 49947012 -71.089425 42.383502
3900 2 49999501 -71.0984 42.371978
2795 1 50049761 -71.102102 42.387655
3750 2 50098657 -71.1038485693849 42.3700616378995
2800 2 50157612 -71.103078 42.383366
2550 1 50204923 -71.102983 42.387942
2500 2 50226696 -71.0798685408827 42.3717856378995
3790 2 50288616 -71.091232 42.382561
2900 3 50295430 -71.0944080073666 42.3883386497556
2800 3 50310294 -71.102519 42.390016
2800 3 50310295 -71.102519 42.390016
3300 3 50380756 -71.081116 42.383925
3800 4 50397536 -71.101803 42.386883
2500 3 50408741 -71.102803 42.370682
2400 2 50435800 -71.096732 42.369197
4000 3 50457989 -71.09467 42.36848
2950 0 50473891 -71.087555 42.385981
3500 2 50479080 -71.1020006044306 42.3679416378995
3500 2 50484513 -71.088299 42.388306
2500 2 50494405 -71.086823 42.389695
5900 3 50518626 -71.096264 42.371009
4500 5 50607362 -71.0831186 42.3894246
6750 3 50609840 -71.098962 42.371826
5866 3 50623633 -71.085591519835 42.3730586378995
2900 3 50643711 -71.0962246 42.3760899
2900 2 50643880 -71.0963747 42.3775685
3300 2 50671911 -71.091232 42.382561
1500 1 50675355 -71.0800164 42.3703242
4950 2 50703893 -71.0997636 42.3728435
2000 2 50712632 -71.083995 42.386999
3000 2 50740193 -71.0851240459171 42.3842016497556
3750 2 50744201 -71.081438596463 42.3684236378995
2400 1 50745761 -71.095748 42.374209
2600 2 50768018 -71.09044 42.374053
2600 3 50774586 -71.0951891247447 42.3757396497556
3300 2 50778048 -71.1042587 42.3717784
2750 3 50784004 -71.082672 42.389621
4950 3 50798031 -71.0860950770535 42.3808596497556
3800 4 50884574 -71.088591 42.38638
3400 4 50885451 -71.101782 42.38693
3300 3 50931924 -71.102124 42.385199
2500 2 50949495 -71.085851 42.388436
2600 1 50989694 -71.1040735 42.3694581
3600 4 50990580 -71.1017798 42.3869726
2600 2 51004885 -71.092363 42.379902
3600 4 51015741 -71.101803 42.386883
3500 2 51016763 -71.089477 42.386907
2800 3 51017702 -71.095732 42.375512
1950 0 51021233 -71.1047226 42.3742098
3600 3 51038818 -71.101803 42.386883
4480 3 51043290 -71.090053 42.370696
2100 1 51043606 -71.102571 42.387798
4100 4 51059949 -71.101261 42.378665
3000 3 51067270 -71.102069 42.384894
2995 3 51074660 -71.0951819 42.3893711
6000 3 51083568 -71.0840045594656 42.3706616378995
3100 1 48346329 -71.124783 42.393611
2000 0 49740832 -71.124783 42.393611
3930 2 46388455 -71.129929 42.392448
2950 3 42337589 -71.129096 42.40156
3750 3 13430656 -71.1251621961943 42.3926286378995
3100 3 32279528 -71.126812849175 42.4053056497556
3350 4 40996197 -71.113189 42.414604
4400 3 40996382 -71.11301 42.400702
3500 2 41377322 -71.130527 42.412389
3600 4 41645813 -71.12952 42.40513
800 0 45313252 -71.121975 42.415195
5400 6 45337054 -71.111247 42.403738
2000 0 45389521 -71.123915 42.394551
3900 2 45391229 -71.1113783698198 42.3999647224721
2995 1 45424803 -71.1291611773423 42.3937616378995
4400 4 45950345 -71.112956 42.411531
3500 4 46479782 -71.105205 42.396232
3000 3 46878449 -71.121946 42.402039
4800 4 47450335 -71.125064 42.407824
5500 4 47450337 -71.125718 42.406023
5000 6 48539992 -71.125618 42.406184
3000 3 48701677 -71.112343 42.408049
2850 2 48958728 -71.106586 42.398399
2900 3 48989265 -71.106586 42.398399
4000 5 49113939 -71.125718 42.406023
10500 3 49205753 -71.115329 42.402157
9240 2 49694530 -71.106172 42.400286
2400 1 49749260 -71.126152 42.403081
9800 4 49804714 -71.120618 42.390348
3000 3 49809973 -71.126702 42.414276
4200 5 49835604 -71.107287 42.390513
3400 1 49855656 -71.111939 42.400727
3450 3 49869457 -71.127632 42.408023
2250 2 49925698 -71.113698 42.415468
2500 2 49976785 -71.105405 42.423707
3200 3 50063621 -71.127398 42.405948
4060 2 50089298 -71.1195589608006 42.3933346497556
4300 1 50169163 -71.119686 42.393796
2800 2 50226695 -71.1259602284008 42.3906766378995
2100 0 50386957 -71.130527 42.412389
2650 2 50387552 -71.113888 42.391541
2400 2 50435802 -71.116743 42.394609
2250 1 50435803 -71.129702 42.405053
3300 2 50447119 -71.111447 42.391085
2900 2 50457935 -71.128429 42.415428
2800 2 50473871 -71.1235572045028 42.3921206378995
2800 2 50503994 -71.127218 42.405887
3750 1 50504003 -71.120602 42.39037
4250 3 50534066 -71.124901 42.397693
2995 3 50577390 -71.1209242230057 42.3910026378995
2600 2 50619487 -71.1158932242437 42.4162507224721
3000 3 50633459 -71.1274261474609 42.4099311828613
1800 1 50634836 -71.109576 42.418371
3200 3 50643142 -71.1215622 42.3905492
1625 0 50647122 -71.123228 42.41312
1700 1 50663101 -71.1160568 42.4156119
2600 2 50675272 -71.1159323 42.4194856
7100 7 50704166 -71.114408 42.401961
3600 2 50712629 -71.109722 42.393077
4400 4 50712630 -71.125023 42.403164
2900 2 50730093 -71.115973 42.402576
2000 0 50730161 -71.12472 42.393826
4200 4 50739470 -71.116793 42.404887
2300 2 50740167 -71.108013 42.404085
5500 5 50749992 -71.126821 42.411531
2600 2 50758684 -71.110793 42.408514
6500 5 50762683 -71.114863 42.402916
3900 3 50783524 -71.110033 42.393204
2500 2 50783962 -71.129696 42.410742
2600 1 50798056 -71.106586 42.398399
2000 0 50916887 -71.12472 42.393826
2700 3 50959053 -71.10621 42.422813
1700 0 50964791 -71.10990821404 42.4173917224721
2700 3 51004879 -71.1112702919517 42.4086777224721
3000 3 51004884 -71.122688 42.402514
5925 4 51009551 -71.116251 42.392834
4800 4 51011322 -71.116985 42.404081
6000 3 51017660 -71.1260251377312 42.3961546378995
800 0 51025565 -71.121975 42.415195
7625 6 51032502 -71.116251 42.392834
3800 4 51038978 -71.109778 42.406222
2400 2 51039458 -71.106158 42.421251
5000 4 51039480 -71.1161128655347 42.4035516497556
1925 2 51055799 -71.108689 42.411792
3800 3 51059943 -71.130086 42.40556
5000 3 51064549 -71.1196141 42.3903244
4000 2 51083592 -71.130257 42.398128
2728 1 46399232 -71.094844 42.405997
2419 0 46399231 -71.094844 42.405997
5650 5 42240965 -71.104187 42.393989
2668 0 36275660 -71.080116 42.403796
2232 0 36275659 -71.080116 42.403796
2818 0 31371254 -71.080795 42.394186
2813 0 22915731 -71.080442 42.395356
1750 2 28604541 -71.1020646 42.3989485
5500 7 40996417 -71.098985 42.394388
5500 5 40996424 -71.103646 42.390597
3880 2 45171235 -71.088183 42.394597
3260 1 45171237 -71.088183 42.394597
3875 4 45337215 -71.096297 42.395229
2200 3 45392009 -71.084469 42.431292
2700 1 45693475 -71.0805923608845 42.4009647224721
1280 1 47003447 -71.086896 42.395128
2400 2 47985977 -71.0848836836655 42.4194676010472
3340 0 48022114 -71.080442 42.395356
2700 3 48539960 -71.101876 42.398492
3700 1 48697890 -71.080442 42.395356
2700 3 48701678 -71.081003 42.4073
6720 3 49204192 -71.090931 42.392737
3930 1 49358951 -71.090931 42.392737
2595 2 49443259 -71.085941 42.432322
5580 2 49651373 -71.081666 42.407081
2500 2 49826643 -71.089986 42.421843
4500 5 50157680 -71.088326 42.434557
2700 2 50178315 -71.104841 42.394296
4000 4 50178316 -71.0995 42.396869
2970 4 50251023 -71.093 42.3904
2400 2 50253959 -71.100981 42.393407
3500 3 50421736 -71.0943841678525 42.4225557224721
3345 2 50455712 -71.103708 42.395882
5200 4 50470988 -71.0958772625131 42.4119707224721
4000 4 50496187 -71.0892149838893 42.3908576497556
2400 1 50496267 -71.100981 42.393407
4000 4 50604831 -71.0994 42.392304
3000 3 50612152 -71.091012 42.424551
2500 3 50625194 -71.0880457 42.4176841
5000 5 50666645 -71.094792 42.395567
2900 2 50727659 -71.090792 42.405286
2500 2 50765605 -71.081896 42.410928
4000 5 50864100 -71.083343 42.421248
3500 5 50959118 -71.0936606 42.425022
3500 2 51033552 -71.096153 42.391174
3350 4 51039489 -71.103887 42.394388
3700 4 51048750 -71.09367 42.424934
2700 3 51048764 -71.090626 42.421885
2300 1 51051642 -71.102622 42.4189
3600 4 51059938 -71.102622 42.4189
3000 2 51059955 -71.093718 42.391843
2200 2 51066721 -71.091832 42.419428
4995 5 51082493 -71.081995 42.41043
3950 2 51027239 -71.066183 42.291294
2328 0 48179689 -71.067379 42.271849
3000 3 51037655 -71.077598 42.290448
2545 1 39613345 -71.065346 42.284405
3300 4 45608239 -71.0618782549068 42.294399577533
2020 2 46989968 -71.035349 42.263324
2200 2 47032727 -71.068445 42.292709
3200 4 47032728 -71.068445 42.292709
3000 3 47481383 -71.032233 42.280388
2230 0 48560595 -71.067379 42.271849
3000 4 48862945 -71.054016 42.288284
3300 1 49283134 -71.05955 42.29872
5820 2 49509872 -71.074752 42.28068
5160 2 49520617 -71.053832 42.29255
4170 1 49522183 -71.045926 42.286835
6420 2 49591910 -71.068164 42.288992
3450 1 49597584 -71.068164 42.288992
10470 0 49623835 -71.030242 42.273825
7260 0 49623841 -71.030242 42.273825
6960 0 49623843 -71.030242 42.273825
10470 0 49623866 -71.030242 42.273825
2020 1 49788627 -71.035349 42.263324
10620 3 49807887 -71.068164 42.288992
2400 2 49826612 -71.058152 42.288414
3950 5 50058984 -71.060975 42.279169
2450 3 50106320 -71.067079 42.288074
2600 2 50258828 -71.0523623440646 42.3003895775331
3600 3 50310586 -71.066835 42.294315
3000 2 50313152 -71.0555202291915 42.292671577533
2595 3 50381993 -71.074268 42.292228
2800 2 50389615 -71.064545 42.282342
2900 3 50432051 -71.0704127 42.295812
2900 3 50432083 -71.0704127 42.295812
2325 1 50496264 -71.031113 42.273717
2650 3 50502768 -71.0722 42.2873
2500 2 50562271 -71.053499 42.283847
7148 4 50611931 -71.02984 42.298924
2700 3 50618790 -71.068245 42.300416
2823 1 50619378 -71.02984 42.298924
3400 2 50626986 -71.072509 42.271729
2800 3 50635858 -71.051758 42.283772
3000 4 50641044 -71.0739192437007 42.2936465775331
2600 2 50651273 -71.0763341595276 42.2879895775331
3200 4 50715112 -71.0784469 42.299154
2600 2 50722107 -71.064083 42.295129
2800 3 50723989 -71.05971 42.294968
2495 3 50730159 -71.074049 42.292724
2775 3 50749398 -71.065686 42.289623
8500 2 50752995 -71.072411 42.2735177
2400 3 50776352 -71.0769940880806 42.2831865775331
2400 2 50779510 -71.075013 42.292548
3600 1 50794487 -71.075925 42.291436
2500 1 50825323 -71.0654070950713 42.2836565775331
3400 3 50826325 -71.0738493 42.2881497
4000 4 50829920 -71.069262 42.293071
2353 0 50868296 -71.02984 42.298924
3000 1 50882787 -71.074743 42.28628
2900 3 50917437 -71.0781256 42.2956792
2300 2 50924103 -71.046863 42.272335
2800 3 50929841 -71.0764976 42.2992666
4164 2 50964753 -71.02984 42.298924
1400 3 51014168 -71.040579 42.287772
4000 2 51052858 -71.062169 42.29929
3400 3 51057992 -71.0738493 42.2881497
2300 3 51062491 -71.031445 42.279363
3400 3 51082513 -71.07389 42.288143
3175 5 50952924 -71.066941 42.311631
3900 4 50612662 -71.0683246 42.3013632
2850 3 51037662 -71.069458 42.309963
3000 3 46962940 -71.062739 42.317113
3000 4 46526023 -71.070965 42.301091
2250 3 31844863 -71.0642391 42.310437
2400 3 44736113 -71.076336 42.309958
2500 2 46506120 -71.063136 42.30919
1300 0 47553390 -71.0712519 42.3155685
2700 3 47842490 -71.059555 42.32238
2600 3 48623957 -71.05865 42.310361
3400 2 48892069 -71.060288 42.309538
4775 3 49236239 -71.056069 42.322264
8580 2 49241416 -71.056069 42.313406
8460 2 49243102 -71.056304 42.313442
9720 2 49243115 -71.056304 42.313442
7830 2 49312369 -71.073057 42.316376
7650 1 49476089 -71.056304 42.313442
6360 1 49481067 -71.056304 42.313442
3750 1 49489182 -71.061465 42.313913
2400 3 49814524 -71.072965 42.304808
2595 2 49899583 -71.053951 42.316874
3100 4 49984860 -71.064686 42.301522
6425 4 50086940 -71.054058 42.319096
3510 3 50368168 -71.060662 42.319077
3300 3 50389626 -71.059356 42.320904
3300 3 50393528 -71.071317 42.321904
3500 4 50396420 -71.064941 42.30246
2700 3 50430362 -71.077132 42.316165
3000 3 50435907 -71.055514 42.316853
2600 3 50525843 -71.072049 42.314347
3200 3 50593684 -71.077246620314 42.318937577533
2800 3 50621263 -71.064035 42.310543
3000 4 50642384 -71.064035 42.310543
2990 1 50734951 -71.06354 42.31229
2500 2 50740221 -71.074587 42.313512
2100 0 50740776 -71.0676854 42.3073402
2900 4 50740948 -71.0642864 42.3091823
18000 3 50744595 -71.06354 42.31229
2600 3 50765272 -71.064327 42.306257
3500 5 50787726 -71.067992 42.309264
12000 3 50822941 -71.062212 42.314412
3000 3 50864094 -71.064118 42.310933
2700 2 50928464 -71.058373 42.313254
3300 3 50952525 -71.056069 42.322843
2500 3 50962184 -71.063535 42.30585
2500 3 50962982 -71.063301 42.305933
2600 2 51019309 -71.0534359 42.3181289
8910 2 51019398 -71.058569 42.318543
2395 2 51052913 -71.056864 42.303582
3200 2 51060675 -71.063124 42.315765
680 4 50745996 -71.0728749 42.3240591
5400 4 49215704 -71.0542786 42.3294981
3125 0 32489212 -71.062692 42.343617
3000 1 32489217 -71.062692 42.343617
3350 1 26405792 -71.068059 42.340127
3780 1 33581227 -71.068059 42.340127
2550 0 39322690 -71.0744856 42.344787
4155 2 42663170 -71.062429 42.344182
1259 1 45649314 -71.05662 42.34255
7041 1 45649319 -71.06593 42.34517
6320 2 45649321 -71.06593 42.34517
2349 1 45649325 -71.07644 42.34447
2349 1 45649328 -71.07647 42.34453
2349 1 45649336 -71.07639 42.34454
2349 1 45649350 -71.07645 42.3445
2070 1 45813520 -71.07644 42.34447
1980 1 45813540 -71.07636 42.34448
4295 4 46428476 -71.076268 42.339289
4150 4 46479388 -71.063941 42.343217
3260 1 47257728 -71.071965 42.337289
3410 1 47264181 -71.071965 42.337289
3340 1 47264182 -71.071965 42.337289
3390 1 47653554 -71.071965 42.337289
3780 1 47812527 -71.068622 42.338332
3330 0 48095991 -71.064173 42.345127
3620 0 48095992 -71.063346 42.345224
3110 1 48499113 -71.056583 42.342755
3400 4 48526100 -71.077708 42.327729
3440 0 48560604 -71.068622 42.338332
3425 1 48591638 -71.075861 42.335913
4110 3 48767552 -71.0761 42.3344
2780 0 48912790 -71.060954 42.32532
2850 1 49001532 -71.054907 42.334894
7860 1 49251530 -71.07457 42.343293
7980 4 49617711 -71.059208 42.323479
9960 1 49689496 -71.069992 42.344066
2900 1 49860601 -71.055951 42.341601
6180 1 49973706 -71.070929946913 42.3408435775331
2585 0 50028293 -71.061429 42.345337
4750 2 50051845 -71.078411 42.334573
3700 2 50144332 -71.074738 42.345317
3000 1 50239295 -71.07757 42.337303
2500 2 50392495 -71.057832 42.323823
4600 4 50400164 -71.057507 42.330722
3090 0 50539621 -71.062534 42.344205
3900 2 50596050 -71.054696 42.329488
7185 3 50611463 -71.064173 42.345127
4125 1 50611564 -71.0651110023365 42.344558577533
4500 4 50681088 -71.053766 42.335137
3710 0 50693994 -71.0651110023365 42.344558577533
6200 3 50699660 -71.07789 42.342438
4550 2 50749987 -71.075931 42.337848
5555 2 50762631 -71.0651110023365 42.344558577533
3200 3 50773265 -71.056272 42.331364
4550 2 50845900 -71.071887 42.338338
4200 2 50889136 -71.054166 42.335736
4780 2 50922720 -71.054298 42.329544
3998 2 51014490 -71.054544 42.329374
3500 2 51017681 -71.069871 42.34197
7000 3 51022585 -71.0722244 42.3425523
3200 1 51048535 -71.075509 42.337854
680 1 51066757 -71.072833 42.324018
2795 2 51078850 -71.068504 42.325313
800 1 51079362 -71.078397 42.337356
3000 1 50251109 -71.043308 42.318604
2910 1 50251112 -71.043308 42.318604
4200 2 40025281 -71.048961 42.340109
2500 1 39004030 -71.0395579 42.3191719
2800 1 35001591 -71.043565 42.330957
3925 2 35001584 -71.048995 42.34062
2735 0 35001582 -71.048995 42.34062
3630 1 44851703 -71.048995 42.34062
3840 1 44851704 -71.048995 42.34062
1082 1 45649315 -71.04498 42.33573
3310 1 46009582 -71.043565 42.330957
2990 1 46009583 -71.043565 42.330957
4050 2 46078189 -71.043565 42.330957
3450 2 47257724 -71.051666 42.335627
3400 2 47620145 -71.043498 42.330431
4250 2 47620148 -71.049269 42.340037
2760 1 49103069 -71.040265 42.316906
9030 2 49230145 -71.038575 42.336969
17850 2 49237625 -71.05291 42.333684
6900 2 49497711 -71.049579 42.339719
11070 2 49731166 -71.052168 42.342084
2600 2 49794889 -71.034419 42.331341
3600 3 49803467 -71.0360028043669 42.3312855775331
4400 4 49910009 -71.0413568 42.3343444
4000 4 49955092 -71.041339 42.334356
4050 3 50019476 -71.0470143 42.3311533
3200 2 50100362 -71.041706 42.334289
5700 5 50144327 -71.050417 42.340695
2500 0 50210905 -71.047247 42.330942
7800 6 50270477 -71.0310858597038 42.3349965775331
3800 2 50318010 -71.046232 42.338565
5000 5 50408410 -71.037097 42.332175
4000 4 50446574 -71.041339 42.334356
5750 3 50470972 -71.0417358156541 42.3320425775331
2800 1 50506640 -71.036627 42.333601
4200 3 50511587 -71.0324058 42.332496
3900 3 50516421 -71.046974 42.331119
3600 2 50521078 -71.0499414 42.3356913
4900 2 50561527 -71.037022 42.334552
5300 3 50582443 -71.03846 42.331275
3712 3 50605716 -71.046974 42.331119
2550 1 50618722 -71.049156 42.338933
2500 2 50712597 -71.050102 42.31165
3800 3 50718506 -71.048112 42.333523
3025 1 50739549 -71.043565 42.330957
3150 1 50739554 -71.048995 42.34062
3040 1 50739556 -71.043565 42.330957
3495 2 50739562 -71.043565 42.330957
3395 2 50739565 -71.043565 42.330957
4895 3 50739566 -71.043565 42.330957
2900 2 50749986 -71.049631 42.335933
3900 3 50754420 -71.029485 42.337657
6000 2 50794887 -71.04827 42.339137
18000 3 50804004 -71.038708 42.338275
3000 2 50861196 -71.049759 42.338722
8500 5 50879171 -71.0487437 42.3386616
6500 5 50879201 -71.0338724 42.3317225
3400 2 50882504 -71.040874 42.336778
6417 5 50889137 -71.042358 42.332112
4000 2 50890181 -71.042308 42.331219
5250 3 50913955 -71.030686 42.331292
4400 3 50916898 -71.041339 42.334356
3800 2 50956742 -71.0392081 42.3357448
2600 1 50961676 -71.047112 42.331392
4860 3 50962136 -71.043464 42.330558
3800 2 51013824 -71.039166 42.335745
7300 6 51013872 -71.034984 42.337249
4575 2 51014951 -71.042026 42.337894
5000 4 51028098 -71.053337 42.335119
4100 2 51032590 -71.0375488 42.336331
2845 0 51039437 -71.043995 42.344354
3960 2 51043303 -71.043565 42.330957
4170 2 51043307 -71.043565 42.330957
4160 2 51043313 -71.043565 42.330957
3600 4 47316494 -71.021564 42.265578
1650 1 49831460 -71.015508 42.274893
2500 2 49982450 -71.016868 42.260492
2999 3 50233189 -71.0067 42.256488
2900 3 50480509 -71.02068 42.274387
2155 1 50504001 -71.018922 42.279434
2824 2 50612144 -71.020318 42.278538
3600 2 50633729 -71.026119 42.335303
2500 2 50737174 -71.025726 42.273084
1650 1 50782513 -71.009878 42.255691
1800 2 50829923 -71.02151 42.268754
4600 2 50847779 -71.025769 42.337303
2400 2 50848213 -71.008305 42.256802
3500 3 50907523 -71.0123047358014 42.2599280662945
3500 3 50914053 -71.011277 42.25945
2450 1 50928465 -71.012085 42.277352
2500 2 50928466 -71.012085 42.277352
1800 0 50928467 -71.012085 42.277352
3595 2 50932712 -71.027001 42.298548
2400 3 50966009 -71.020559 42.275744
1850 2 50990081 -71.021743 42.277718
2595 3 50990082 -71.019991 42.263942
1600 0 51052849 -71.0093326926457 42.2572800662945
2200 2 51071591 -71.019328 42.264741
1750 1 51072749 -71.006522 42.259802
2200 1 51079457 -71.019328 42.264741
5900 2 50915071 -71.0770063 42.350831
6500 4 50669943 -71.069048 42.358073
3024 0 46753016 -71.078353 42.367627
3224 0 46753017 -71.078353 42.367627
5999 3 46753036 -71.078353 42.367627
3504 1 49116404 -71.078652 42.366311
4447 1 22917430 -71.07924 42.348555
2645 0 64802 -71.068278 42.364334
2720 0 17810853 -71.068661 42.364386
4240 2 17810858 -71.068661 42.364386
6500 4 31518811 -71.0689746 42.3580719
3090 1 34258437 -71.067519 42.365245
3150 1 36667064 -71.0785151 42.3540398
2900 1 36667066 -71.0785151 42.3540398
2650 0 36678048 -71.0785151 42.3540398
3500 1 36678586 -71.0785151 42.3540398
2450 1 41495286 -71.073329 42.354942
2300 0 42862597 -71.074225 42.354769
3260 0 44336509 -71.077349 42.350733
5900 2 44690792 -71.0770063 42.350831
3622 1 45649313 -71.07072 42.35849
1740 1 45813518 -71.07194 42.34842
2725 2 46271533 -71.070336 42.348601
3300 1 46396099 -71.074844 42.345538
3300 0 47288965 -71.073929 42.348755
2450 1 48649806 -71.0733489 42.3549621
2300 0 48677647 -71.074225 42.354769
4360 1 48892071 -71.069458 42.349803
7290 1 49230665 -71.069881 42.34842
5460 1 49230669 -71.070479 42.348406
6450 1 49230671 -71.069818 42.34842
6240 1 49230673 -71.069927 42.348412
6450 0 49230680 -71.069597 42.348582
6330 0 49230687 -71.069818 42.34842
6930 1 49230692 -71.069597 42.348582
6540 0 49230694 -71.069927 42.348412
6570 1 49309284 -71.070188 42.34842
6930 1 49419264 -71.069739 42.34842
7350 1 49419267 -71.069739 42.34842
6780 1 49419274 -71.069739 42.34842
8820 1 49581252 -71.079202 42.353318
8940 1 49654932 -71.071852 42.346317
7260 1 49712596 -71.069818 42.34842
9180 1 49732688 -71.067042 42.361062
4000 1 49827255 -71.0694832272712 42.3596285775331
3570 1 49967305 -71.068662 42.364386
5000 2 50016298 -71.068319 42.349768
6500 3 50092140 -71.0732458 42.3549779
2950 1 50106328 -71.067519 42.365245
41640 1 50200770 -71.0709 42.34591
2525 0 50368377 -71.068802 42.350915
8500 2 50522638 -71.069294 42.356366
3000 1 50525851 -71.075383 42.352214
4300 2 50538720 -71.077825 42.347047
2950 1 50564881 -71.0688353 42.3599411
3600 2 50564912 -71.0688353 42.3599411
3938 1 50612295 -71.078668 42.346047
3800 2 50622559 -71.0688353 42.3599411
3700 2 50623646 -71.067519 42.365245
3600 2 50647600 -71.068762 42.359913
7830 1 50654950 -71.069597 42.348582
7900 2 50722706 -71.0736183 42.3488635
3350 1 50740174 -71.0760201089612 42.3517035775331
3800 2 50749387 -71.068762 42.359913
4800 2 50788240 -71.0683254 42.3498145
3600 2 50822892 -71.068762 42.359913
3800 2 50822893 -71.068762 42.359913
23640 2 50843248 -71.070235 42.358439
2100 0 50869713 -71.071524 42.35849
3425 1 50884346 -71.068573 42.360493
6175 2 50895982 -71.073929 42.348755
7295 2 50964767 -71.069458 42.349803
4235 1 50964784 -71.069458 42.349803
5900 2 50971682 -71.0788633 42.3508138
2900 1 51017686 -71.0679732271518 42.3596205775331
4250 2 51021988 -71.079057 42.367735
8500 2 51025479 -71.067301 42.351103
4250 2 51032250 -71.079057 42.367735
7600 1 51045158 -71.069871 42.351828
3938 1 51058503 -71.078435 42.345918
4780 1 51068823 -71.073929 42.348755
2600 1 41779399 -71.064394 42.351988
2150 0 41779396 -71.064394 42.351988
3445 0 22915535 -71.063961 42.351344
4765 2 22915532 -71.063961 42.351344
3170 0 16557465 -71.062103 42.351972
4400 2 16557489 -71.062103 42.351972
2960 0 39693365 -71.064394 42.351988
4200 1 39791156 -71.059208 42.35214
3453 1 45649318 -71.0608 42.35209
3606 1 45649320 -71.06083 42.35224
1650 1 45649322 -71.06426 42.35226
1200 1 45649360 -71.06462 42.35145
2130 1 45649374 -71.06203 42.35521
3775 4 46277040 -71.063988 42.353761
3788 1 47629067 -71.062724 42.351523
3128 1 48383059 -71.060346 42.349412
3125 0 48442343 -71.060346 42.349412
4480 1 48657450 -71.059208 42.35214
6500 2 48942612 -71.062843 42.353089
3800 1 49014817 -71.063961 42.351344
5250 1 49225900 -71.06201 42.351514
6780 1 49417771 -71.054484 42.354699
5430 1 49417772 -71.060416 42.355302
6420 1 49417774 -71.058527 42.352172
8880 1 49417781 -71.057373 42.355213
5880 1 49417782 -71.056575 42.351288
5820 1 49417783 -71.060245 42.354699
32220 4 49417789 -71.059907 42.355439
5460 1 49417791 -71.057516 42.355285
7920 1 49417792 -71.061301 42.355069
29940 4 49417794 -71.062739 42.353532
7920 1 49417797 -71.059093 42.352283
22470 4 49417799 -71.065686 42.355908
7560 1 49417802 -71.062227 42.355626
7170 1 49417806 -71.061212 42.356207
21660 4 49417817 -71.062198 42.35441
22320 4 49417877 -71.061035 42.354004
5580 1 49417880 -71.05665 42.351168
5820 1 49417882 -71.055555 42.353651
11610 2 49417890 -71.063634 42.354103
5520 1 49417896 -71.057679 42.356048
8640 1 49417897 -71.063216 42.355183
8310 1 49417898 -71.056775 42.35327
6960 1 49417908 -71.059688 42.355564
5970 1 49459914 -71.057451 42.355367
8970 1 49459925 -71.061756 42.354564
6270 1 49496148 -71.062183 42.355056
9030 1 49501609 -71.056499 42.354229
9420 1 49505446 -71.063083 42.356214
6150 1 49506414 -71.062183 42.355056
6480 0 49506425 -71.062183 42.355056
6810 0 49506445 -71.062183 42.355056
6150 1 49506449 -71.062183 42.355056
7260 1 49506452 -71.062183 42.355056
6150 0 49506463 -71.062183 42.355056
5760 0 49506464 -71.062183 42.355056
15540 2 49687225 -71.060954 42.35535
7620 0 49712406 -71.062183 42.355056
6270 1 49712426 -71.062183 42.355056
3900 1 49909776 -71.061961 42.353439
5000 1 49999956 -71.0639530373863 42.3469075775331
3900 1 50246214 -71.063389 42.354439
2000 4 50343837 -71.060756 42.351671
15000 3 50598309 -71.059529 42.355793
4356 1 50611286 -71.062892 42.351545
3677 0 50611316 -71.062892 42.351545
5524 2 50612035 -71.060346 42.349412
3000 1 50730163 -71.0609 42.355528
3129 0 50762669 -71.059208 42.35214
5530 2 50903027 -71.063961 42.351344
2450 1 50952483 -71.062843 42.353089
4400 1 50956451 -71.062778 42.353458
4961 2 50959029 -71.062892 42.351545
3200 1 51036578 -71.0609 42.355528
4070 1 51043305 -71.059208 42.35214
4110 1 51043306 -71.059208 42.35214
14000 3 51045148 -71.065686 42.345726
2600 1 50040276 -71.062489 42.358671
5060 2 45998365 -71.064497 42.365031
2700 1 33535296 -71.065535 42.365627
3675 1 31062319 -71.054193 42.35914
2945 0 29673535 -71.065368 42.367606
3185 1 29673542 -71.065368 42.367606
2980 0 22918655 -71.063294 42.36595
3195 1 22918662 -71.063294 42.36595
2860 0 16557571 -71.060562 42.365162
3988 2 16557630 -71.060562 42.365162
2495 0 64800 -71.063958 42.362819
2890 1 254132 -71.063958 42.362819
3335 1 36918188 -71.053929 42.359152
5045 3 37094938 -71.06369 42.362765
3910 1 37212423 -71.061656 42.365661
3890 1 37240024 -71.061656 42.365661
4170 1 37335895 -71.061656 42.365661
3060 0 37923985 -71.061656 42.365661
3920 1 38987087 -71.061656 42.365661
1836 1 45649324 -71.06355 42.36017
3738 1 45649363 -71.06271 42.35844
4572 0 45649364 -71.06271 42.35844
2070 1 45813523 -71.06346 42.36017
3435 1 45813542 -71.06423 42.35974
12780 1 45903312 -71.06346 42.36017
3600 3 45967072 -71.055255 42.363297
2985 1 47167617 -71.06369 42.362765
2630 1 47291707 -71.054403 42.367429
3270 2 47291708 -71.054403 42.367429
3050 1 47374921 -71.054403 42.367429
3180 2 47470321 -71.055417 42.364689
3375 1 47618730 -71.054672 42.365478
4750 3 47638476 -71.064331 42.364725
3050 1 47744500 -71.05559 42.366326
2775 0 48741210 -71.055369 42.364535
3450 3 49011972 -71.0658772267486 42.3595935775331
3440 0 49180229 -71.061656 42.365661
3125 1 49324193 -71.062421 42.358244
10740 1 49401196 -71.054146 42.366311
6630 1 49417809 -71.055329 42.357171
19080 3 49417810 -71.063415 42.357344
11010 2 49417878 -71.059417 42.357073
11610 2 49417886 -71.054165 42.358646
22410 4 49417899 -71.061518 42.360479
5970 1 49417909 -71.061611 42.357922
10260 0 49474090 -71.064173 42.359745
8880 1 49475781 -71.064173 42.359745
10110 1 49476289 -71.064173 42.359745
9150 2 49520565 -71.063972 42.360519
8430 2 49581862 -71.063183 42.360689
3500 0 50015898 -71.063294 42.36595
3720 1 50101069 -71.063294 42.36595
3520 0 50101075 -71.063294 42.36595
5700 2 50117606 -71.061656 42.365661
5200 4 50156050 -71.0553517 42.365719
8000 4 50226697 -71.0543552903048 42.3638495775331
3200 1 50258798 -71.0663531976631 42.357645577533
3000 0 50267541 -71.0652392291974 42.3597575775331
6000 3 50295389 -71.0589183297208 42.3664885775331
4470 2 50396716 -71.061327 42.36448
4050 1 50403022 -71.0553018 42.3637344
2800 0 50470979 -71.0659272300933 42.3598175775331
3900 3 50564982 -71.0559285 42.3649735
2700 2 50582433 -71.0562793103332 42.365190577533
3856 1 50611963 -71.061656 42.365661
5471 2 50612041 -71.0625943088695 42.3650925775331
3203 0 50612105 -71.061656 42.365661
7000 4 50612260 -71.0537662946061 42.3641375775331
8795 3 50690897 -71.059 42.3658
3800 1 50716228 -71.06014 42.36654
3450 2 50716604 -71.0649819 42.3600996
3195 2 50716704 -71.0560678 42.3658137
5200 4 50723149 -71.055417 42.364689
4260 3 50742817 -71.055926 42.364962
16200 1 50774785 -71.06345 42.36577
4950 2 50777413 -71.0551778 42.3634415
4450 2 50777426 -71.0551778 42.3634415
2500 0 50777452 -71.0534636 42.364773
3800 1 50777455 -71.0553018 42.3637344
2500 1 50788573 -71.056601 42.36743
5200 4 50796928 -71.055373 42.365706
3900 3 50869720 -71.057002 42.365994
4595 1 50909273 -71.0599383109456 42.3652315775331
7500 2 50912061 -71.06014 42.36654
8790 1 50914835 -71.059134 42.363883
3900 3 50995482 -71.056907 42.366139
4550 1 51019331 -71.0553018 42.3637344
8500 2 51025863 -71.063804 42.359988
4400 2 51043308 -71.060562 42.365162
3900 3 51048422 -71.056951 42.366019
6325 3 51055333 -71.054672 42.365478
5552 2 51068821 -71.0585211987978 42.357721577533
3200 2 51079282 -71.060006 42.357244
2000 0 50674980 -71.068137 42.378475
2925 0 49320942 -71.075289 42.372467
2964 0 46786374 -71.073163 42.370069
2507 0 46786379 -71.073163 42.370069
2932 0 49115957 -71.074606 42.368073
2855 0 39433096 -71.07389 42.370468
2914 0 5464804 -71.077709 42.384669
2769 1 5464805 -71.077709 42.384669
3200 2 36679576 -71.067252 42.381729
3470 1 47257727 -71.07857 42.372826
2780 0 47873572 -71.072861 42.370249
2100 0 48265263 -71.058758 42.37412
3480 1 48697887 -71.07857 42.372826
2600 1 49151363 -71.077676 42.371863
3300 1 49161233 -71.0785135869909 42.3689966378995
7350 1 49389353 -71.062035 42.374179
9750 1 49638009 -71.062373 42.378838
5970 3 49678252 -71.077764 42.385958
22770 5 49730604 -71.07924 42.38315
3300 1 49827282 -71.0787125904293 42.3687886378995
3400 3 50404713 -71.0629 42.38011
4200 2 50553508 -71.059329 42.374105
3000 1 50563564 -71.067558535385 42.380252577533
2650 2 50867921 -71.0632325 42.3788693
5282 2 51039436 -71.0706695369642 42.3720226378995
3200 1 51052863 -71.074587 42.369504
2500 1 51067035 -71.068559 42.381043
2995 0 46732020 -71.046698 42.348982
6250 3 46732035 -71.046698 42.348982
3033 0 43459195 -71.044412 42.351135
3178 0 40268765 -71.0447 42.3492
3057 0 40268767 -71.0447 42.3492
2979 1 40268775 -71.0447 42.3492
2799 0 12513818 -71.047646 42.349582
3450 0 16555755 -71.048628 42.348768
3659 1 36886440 -71.043705 42.351546
3500 1 38154941 -71.0504837036133 42.3576699
3410 1 39088609 -71.049782 42.365219
3800 1 39088610 -71.049782 42.365219
4200 2 39091172 -71.049782 42.365219
4020 1 42541036 -71.046698 42.348983
26850 3 45649316 -71.05266 42.36428
4531 1 45649317 -71.04305 42.35151
4320 1 45649335 -71.05266 42.36428
3720 1 45649370 -71.04025 42.36583
5010 1 45813514 -71.0533 42.35912
4020 1 47533219 -71.048628 42.348768
2898 0 47582066 -71.046302 42.352285
5000 4 47620155 -71.05288 42.364501
7000 4 47634087 -71.052666 42.364392
3570 0 47812530 -71.043138 42.351472
3430 0 47838576 -71.046259 42.351591
4420 1 47946561 -71.043138 42.351472
4200 1 47946562 -71.043138 42.351472
2500 1 47961021 -71.030228 42.364245
2900 2 47961076 -71.030228 42.364245
3450 2 48186511 -71.035349 42.3666
21810 3 49560193 -71.052688 42.36428
6210 1 49684747 -71.052613 42.364252
6000 4 49910190 -71.0526651 42.3626218
1600 1 49954457 -71.0527980700135 42.3618763138285
2550 0 50340539 -71.051311 42.364978
4500 1 50506654 -71.052636 42.357229
4581 1 50611687 -71.045738 42.352532
5491 2 50611708 -71.04609 42.353146
3755 1 50611792 -71.04609 42.353146
4275 2 50611966 -71.0446 42.34942
4373 1 50612071 -71.047197098797 42.3510225775331
5315 2 50612089 -71.047197098797 42.3510225775331
5294 2 50612313 -71.043138 42.351472
7341 3 50663849 -71.045738 42.352532
3270 0 50675500 -71.047197098797 42.3510225775331
7000 4 50739567 -71.052828 42.364706
6000 5 50784006 -71.035036 42.366063
4200 3 50784007 -71.035036 42.366063
4000 2 50784008 -71.035036 42.366063
3441 0 50868345 -71.04609 42.353146
1800 1 51025386 -71.029818 42.364378
1850 1 51025388 -71.030148 42.36434
3200 1 51025473 -71.052828 42.364706
3200 1 51036606 -71.052758 42.364661
2350 0 51038775 -71.0373613382349 42.3670585775331
3733 1 51039426 -71.0390030433552 42.3473075775331
4512 2 51068831 -71.0390030433552 42.3473075775331
2587 0 51079692 -71.0468 42.352922
6506 2 51083549 -71.045738 42.352532
2750 3 50478320 -71.031748 42.38232
4200 4 50469825 -71.035534 42.377494
2600 1 47771669 -71.031686 42.376214
2100 1 46709708 -71.036109 42.387783
2150 1 46248512 -71.03528 42.379846
1800 2 45052930 -71.040776 42.371468
2500 3 46972221 -71.028726 42.39014
2776 0 40258453 -71.049491 42.378297
3732 2 40258491 -71.049491 42.378297
2476 1 40258454 -71.049491 42.378297
2337 1 40258465 -71.049491 42.378297
3200 2 39500733 -71.042591 42.371767
3300 2 42374120 -71.038475 42.367945
4200 4 45053066 -71.040646 42.371644
1800 1 45382768 -71.0426724987677 42.3870236158673
2300 3 45615155 -71.032716 42.375725
4200 5 46653348 -71.036318 42.379544
3525 3 47611625 -71.039592 42.373679
2800 2 47611626 -71.030437 42.377316
2385 1 47611629 -71.030437 42.377316
3000 2 47611633 -71.033391 42.369532
4600 3 47611635 -71.030437 42.377316
2850 2 47611636 -71.039592 42.373679
2600 2 48748307 -71.036778 42.381523
2200 0 49112397 -71.0420824272752 42.3730185775331
5340 2 49354679 -71.040079 42.388919
6690 1 49599813 -71.0345 42.367994
3000 3 49852643 -71.034233 42.373544
4700 4 50233683 -71.036349 42.371263
4700 4 50238733 -71.040265 42.369898
3800 2 50339581 -71.032053 42.379135
3200 3 50339588 -71.032053 42.379135
3100 1 50384697 -71.042936 42.368597
3300 3 50386914 -71.034808 42.373561
3500 2 50471409 -71.0362658 42.3687176
4050 3 50586986 -71.037146 42.378559
4000 3 50605675 -71.03867 42.377644
3400 2 50605727 -71.03867 42.377644
2400 2 50612180 -71.030875494402 42.3775105775331
3500 2 50674094 -71.0391854 42.3778631
3475 2 50721284 -71.037146 42.378559
2750 3 50727442 -71.035203 42.374705
2400 2 50733482 -71.032324 42.378252
4200 4 50733937 -71.0355926 42.3775257
2000 1 50749990 -71.0384874799353 42.3765425775331
3250 3 50864095 -71.033324 42.377587
3895 4 50864096 -71.033324 42.377587
3500 2 50878868 -71.037213 42.374631
3750 3 50889164 -71.037194 42.378301
3450 2 50891589 -71.0388297 42.3777925
2300 0 50913953 -71.0418 42.371873
3450 2 50916891 -71.037146 42.378559
3450 2 50916892 -71.037146 42.378559
3450 2 50916893 -71.037146 42.378559
3450 2 50916894 -71.037146 42.378559
4050 3 50916897 -71.037146 42.378559
2300 1 50964807 -71.0511718729889 42.377240005681
2700 2 50989343 -71.032476 42.3760865
3400 4 51011329 -71.0356085550714 42.381569577533
2800 2 51064804 -71.0473977 42.3880039
1600 0 50951658 -71.054174 42.407399
2100 2 50948591 -71.063818 42.421302
2400 2 50899616 -71.0616856 42.4251539
2400 2 50899798 -71.0616856 42.4251539
1700 1 50822097 -71.0338 42.3966
3400 4 50917453 -71.060497 42.432591
2280 0 50248858 -71.071219 42.427093
2695 1 45585723 -71.063083 42.425776
1450 0 50916438 -71.034679 42.39331
2365 0 29849317 -71.076309 42.412065
3895 2 22915455 -71.078353 42.394794
2895 1 22915452 -71.078353 42.394794
2521 0 22216651 -71.075509 42.40913
2726 1 22216654 -71.075509 42.40913
1941 0 22216649 -71.075509 42.40913
1981 1 22216650 -71.075509 42.40913
2773 1 22216599 -71.077794 42.405503
2840 1 22216597 -71.077794 42.405503
2355 0 64013 -71.074132 42.427872
2945 2 64015 -71.074132 42.427872
1950 1 37353941 -71.0310924 42.3967587
3470 1 39690057 -71.078173 42.393915
3910 1 39690060 -71.078173 42.393915
2300 2 42066438 -71.0337732 42.3943689
1850 0 45378308 -71.073383 42.428159
2000 2 46457756 -71.0741743 42.4327732
2700 3 47082319 -71.035194 42.412551
3480 1 47871296 -71.078353 42.394794
3800 2 47871297 -71.078353 42.394794
2400 3 48217486 -71.043265 42.408118
2400 3 48310945 -71.0592104721816 42.4337016010472
1800 1 48459374 -71.041579 42.433665
2500 3 49011208 -71.037389 42.39225
2400 2 49107817 -71.060048 42.432591
2800 3 49135090 -71.039957 42.431875
8670 2 49247758 -71.069041 42.427846
5400 1 49248037 -71.067664 42.430699
7500 1 49354007 -71.06343 42.420137
4830 2 49465161 -71.058113 42.409599
3420 1 49481515 -71.036393 42.405149
8730 3 49502958 -71.045339 42.417981
6000 2 49506554 -71.069059 42.417493
6000 1 49528150 -71.051832 42.417996
12000 6 49602986 -71.050618 42.407118
11250 3 49606444 -71.077288 42.43318
4710 1 49706259 -71.032647 42.396116
9000 3 49706871 -71.050417 42.405858
7590 3 49730787 -71.062393 42.410768
12000 1 50200764 -71.0738 42.43398
3900 1 50221196 -71.042026 42.413071
2100 1 50223419 -71.033393 42.395033
3420 1 50248801 -71.078353 42.394794
2399 1 50284892 -71.059544 42.403233
11400 2 50363430 -71.060283 42.401483
3975 4 50375341 -71.066818 42.418786
2200 2 50384671 -71.041759 42.422885
2435 0 50430324 -71.077141676269 42.4199656010472
4000 3 50470989 -71.043768 42.405378
2200 2 50542885 -71.028674 42.430088
2623 1 50603925 -71.0446011587255 42.4021446700587
3591 2 50604277 -71.0446011587255 42.4021446700587
2680 1 50611440 -71.062575169835 42.4013146700587
2841 0 50633562 -71.062575169835 42.4013146700587
5340 4 50655835 -71.07812 42.3931
3700 3 50665610 -71.0659530290308 42.4118316700587
2500 4 50674720 -71.064916 42.404378
3500 4 50704575 -71.0770934692684 42.4338976010472
2580 1 50732911 -71.077822 42.393342
2300 2 50737282 -71.042882 42.42728
1980 1 50768031 -71.054222 42.412768
3500 2 50770179 -71.079229 42.405719
3250 2 50779828 -71.0610967 42.4119288
2100 2 50784010 -71.056872 42.413095
7800 1 50800201 -71.063415 42.400522
19380 2 50834254 -71.030664 42.392243
2450 2 50869634 -71.060302 42.412388
12690 1 50876086 -71.047437 42.401559
9210 3 50894568 -71.061006 42.408503
3000 2 50896126 -71.066421 42.422764
2950 3 50909343 -71.050249 42.406389
2895 3 50920550 -71.0488 42.418768
1900 1 50924943 -71.065407 42.431452
2800 3 50975777 -71.048676 42.407105
2505 1 51011310 -71.067445 42.427646
2750 3 51011332 -71.028164 42.397229
2795 4 51011336 -71.053636 42.411774
3125 2 51028894 -71.067445 42.427646
2850 3 51033408 -71.04466 42.43227
2200 2 51033554 -71.0666136278899 42.4232226010472
2000 2 51035843 -71.057766 42.423567
2850 3 51038989 -71.044712 42.432238
3220 1 51043297 -71.077822 42.393342
10500 2 51043735 -71.061489 42.403346
2750 1 51052864 -71.079264 42.394127
12000 1 51056504 -71.04165 42.39887
1900 1 51064660 -71.055472 42.405049
5190 2 51071411 -71.077822 42.393342
2500 2 51079430 -71.065407 42.431452
2773 1 51083599 -71.0774213258093 42.4048897224721
2600 2 50752767 -71.017872 42.413389
2100 2 45052914 -71.0200613 42.3695431
1700 0 50669851 -70.994137 42.407763
1600 0 50669855 -70.994137 42.407763
2000 2 50616125 -71.022529 42.400006
2450 1 50108093 -70.991297 42.403053
2650 1 49737022 -70.98733 42.374696
1500 0 43049556 -71.000549 42.406614
1600 0 45831408 -71.013778 42.408257
2229 1 32841168 -71.022538 42.402763
2075 2 46655785 -70.999732 42.418611
3400 1 48704425 -71.009808 42.38538
3500 2 48709599 -71.009808 42.38538
12300 1 49170215 -71.01104 42.42282
36180 2 49170218 -71.01085 42.42292
1850 2 49324332 -71.008021 42.415154
3600 4 49324346 -71.001746 42.388703
4830 2 49393522 -70.98372 42.394631
2250 0 49446199 -71.009808 42.38538
4080 2 49461265 -70.989019 42.396505
8850 4 49473835 -70.992756 42.406587
10500 2 49559781 -71.005518 42.388695
6720 2 49596469 -70.986752 42.368578
3720 2 49600508 -71.012009 42.418903
5550 1 49629905 -70.989399 42.398243
5760 2 49634265 -70.993515 42.419029
5760 2 49672188 -71.019843 42.411468
3480 1 49706239 -71.00964 42.415312
8610 2 50151098 -70.98579 42.420774
2000 2 50413739 -71.009838 42.390541
2750 2 50483501 -70.991358 42.417889
3000 2 50554625 -70.991818 42.410733
2400 2 50562711 -70.987411 42.39792
2200 1 50668527 -70.984136 42.396888
2500 2 50694027 -71.002272 42.404587
2650 2 50722075 -71.016133 42.406049
2300 2 50750000 -70.991076 42.397115
3600 3 50768016 -71.004585955739 42.3847496022822
2850 3 50778248 -71.005722 42.389253
2495 3 50798071 -70.9961300918146 42.4060712552488
9030 2 50838211 -70.986902 42.419389
5310 3 50839350 -71.027544 42.396348
9150 3 50839952 -70.994832 42.416389
3000 2 50848212 -70.989253 42.379617
2295 2 50854562 -70.989013240547 42.3960242552488
2750 3 50864098 -71.022001 42.380428
2995 5 50893333 -71.013192 42.382342
2100 1 50931170 -70.9925918 42.4047213
3250 3 50970184 -70.988222 42.40113
1270 1 51025385 -70.99932 42.390332
3000 3 51036282 -71.026956 42.381039
1700 1 51059731 -71.026858 42.419336
6570 3 51071104 -71.022644 42.391199
