2035 0 12479601 -71.0998673 42.3377223
2795 2 12440073 -71.0946003 42.3434854
3400 2 8071273 -71.0768719 42.3368113
1835 0 12836977 -71.0867569 42.3434522
2595 2 12439877 -71.0946003 42.3434854
2150 2 2735548 -71.0370766198 42.43417353
1900 0 3585392 -71.0759039 42.3439136
3200 3 12688104 -71.1049691 42.3771278
2800 3 6970102 -71.132077 42.359504
3400 4 6530867 -71.133492 42.352043
2395 2 12405492 -71.112062 42.3319404
2900 2 9027756 -71.1216183 42.3400469
3000 3 12689906 -71.1356383 42.34787
2595 2 12439868 -71.0946003 42.3434854
2400 2 12784585 -71.1177891 42.3085149
5000 5 11813935 -71.1014717 42.3303243
2025 0 12811824 -71.1199794 42.3800122
2825 2 13063515 -71.1430698 42.3376721
1995 0 9191368 -71.0682419 42.3603031
6800 6 5169489 -71.15974 42.3405775
2300 2 12467293 -71.0998673 42.3377223
1800 0 12517641 -71.095326 42.345231
3295 3 12405550 -71.112062 42.3319404
1600 0 12663046 -71.139932 42.348463
2800 3 12864637 -71.1583799 42.3533216
4500 4 6139594 -71.1171966 42.3494095
2350 2 12905673 -71.111607 42.306907
1795 0 5314824 -71.1280614 42.3405683
2295 1 12688368 -71.105133 42.3466924
3850 4 12457397 -71.1226803 42.3368596
3800 2 12591639 -71.0554773 42.3661603
2700 2 12629700 -71.0998673 42.3377223
2900 2 11163031 -71.141132 42.362164
2900 2 12531546 -71.1199794 42.3800122
5000 5 6874041 -71.13473 42.349722
1815 0 12846547 -71.0984143 42.3407765
1800 0 12340830 -71.095326 42.345231
3400 3 12350244 -71.1051336 42.3466875
1750 0 7237174 -71.081818 42.352646
1875 0 13040089 -71.101529 42.3353023
1525 0 12554277 -71.1320109 42.3496307
2200 2 12981064 -71.103776 42.31961
1710 0 12945787 -71.093226 42.3465449
4300 5 6529383 -71.136303 42.350046
2800 3 7779642 -71.101642 42.3148225
2800 2 12833657 -71.1169497 42.3446302
2600 2 13019557 -71.0891771 42.388431
3200 4 6484847 -71.1276782 42.3524023
1850 0 12531512 -71.1199794 42.3800122
2600 2 3701246 -71.1101831 42.3365012
1850 0 12340903 -71.1199751 42.380001
1795 0 12439375 -71.0946003 42.3434854
1795 0 12436976 -71.0965007 42.3418361
2800 3 6970103 -71.132077 42.359504
2150 0 12293487 -71.1051336 42.3466875
3200 2 12591491 -71.0804458 42.3393028
3575 4 13010698 -71.1340334 42.3531773
1865 0 12479627 -71.0867569 42.3434522
3400 2 3988585 -71.0597732 42.3584308
4410 1 12224628 -71.074024 42.3488
2950 1 6702597 -71.0553651 42.364481
2450 2 6472476 -71.1319937 42.3405032
1450 0 12945334 -71.1121138 42.3320457
2300 2 12554289 -71.1320109 42.3496307
2250 2 12937211 -71.0650877 42.4084513
2400 2 12332752 -71.0945802 42.3434684
1650 0 12542782 -71.0677306 42.3595461
3050 3 6602831 -71.125413 42.350912
4005 4 10883640 -71.1537196 42.3409216
4295 4 12406293 -71.1126978 42.331947
2695 2 12440077 -71.0946003 42.3434854
2175 1 12831587 -71.120171 42.3804307
1695 1 12408469 -71.1095766 42.3331907
1825 0 12873211 -71.093226 42.3465449
1575 0 12290770 -71.065956 42.3593268
1975 0 12836881 -71.0867569 42.3434522
2450 2 12514401 -71.1033158 42.3470978
1850 0 12366644 -71.1201603 42.3801588
2800 3 3459543 -71.1308998 42.3597687
2500 1 12513818 -71.0476439 42.3495491
2800 3 12711993 -71.1356383 42.34787
2400 3 11293643 -71.0893857 42.3853418
3400 4 12363908 -71.1227421 42.3306876
1790 1 12700610 -71.1323883 42.354219
1800 0 12762957 -71.094462 42.3460864
1692 1 2618253 -71.0037884 42.4224027
4700 4 6139491 -71.1165978 42.3493363
2370 1 12811795 -71.1199794 42.3800122
2750 2 4705769 -71.0755248 42.336289
4750 5 6312396 -71.1253082 42.3543731
1800 0 12644072 -71.0677999 42.3603102
4100 3 12452512 -71.0677999 42.3603102
2850 2 4302960 -71.0698835 42.3441479
2950 3 10613742 -71.1235161 42.3479242
3500 3 12688298 -71.1144052 42.3893569
2395 2 12408401 -71.1095766 42.3331907
2425 1 12390563 -71.1040699 42.3788328
2550 1 10803849 -71.1183041 42.3474811
2990 3 12774108 -71.1472161 42.3412829
2800 3 6702603 -71.1329174 42.351261
