2300 2 46907142 -71.134142 42.277068
2055 1 30003437 -71.156407 42.264671
3250 3 31172482 -71.1385047 42.2906982
2600 1 38269224 -71.1573882 42.2970871
1750 1 45513313 -71.1569795 42.2956282
2205 2 45649355 -71.1582 42.2606
2900 4 46221464 -71.137978 42.278121
3090 2 46989173 -71.157269 42.299015
2635 1 46990265 -71.157198 42.300249
2120 1 47019264 -71.150374 42.258073
4500 3 47148656 -71.154507 42.287406
2000 1 47176388 -71.141517 42.285922
1500 0 47200708 -71.132293 42.286634
2350 2 47231667 -71.1413935 42.2845239
2300 2 47259370 -71.163358 42.269789
3180 1 47265466 -71.1556758 42.2999317
2450 3 47313321 -71.150682 42.288556
2600 3 47313622 -71.13857 42.285466
3200 3 47313631 -71.153289 42.292101
2500 3 47313640 -71.153331 42.291332
2200 2 47358530 -71.149926 42.275248
2400 2 47358917 -71.156407 42.262411
2600 1 47360349 -71.150155 42.286528
2000 2 47424905 -71.1529055 42.2650777
3250 3 47446029 -71.138492 42.290709
3200 3 47446047 -71.13518 42.288707
2750 1 47446419 -71.172168 42.278149
2935 1 47456217 -71.162445 42.277926
2000 2 47498738 -71.134388 42.28956
2200 3 47504712 -71.160018 42.279029
2300 2 47513680 -71.138133 42.291332
2710 1 47516293 -71.155849 42.297906
2015 2 47537646 -71.154745 42.263003
1200 1 47549130 -71.147606 42.272882
4800 2 47245789 -71.171152 42.319428
4000 6 47207403 -71.174552 42.336416
3950 3 42031980 -71.158429 42.340113
3975 3 42031858 -71.158002 42.340021
3300 3 45183483 -71.157317 42.340051
3380 3 39882893 -71.156993 42.340127
3400 1 22915837 -71.173619 42.319798
2950 3 41539847 -71.174712 42.317666
2500 2 46069431 -71.178253 42.316554
2200 1 46453927 -71.170299 42.321633
2495 2 46453939 -71.17653 42.317604
1395 0 46532852 -71.1613 42.3181
1765 1 46532853 -71.1613 42.3181
4695 4 46692629 -71.165073 42.343265
2383 1 47016336 -71.174829 42.337813
3200 3 47074185 -71.178335 42.317711
6000 4 47188549 -71.17536 42.336797
2175 2 47197256 -71.168018 42.301322
2500 1 47281939 -71.17214 42.319028
4600 4 47318266 -71.1747899 42.3381185
2650 2 47338343 -71.157871 42.339264
4695 4 47340027 -71.165073 42.343265
1995 1 47413231 -71.17653 42.317604
3000 3 47513862 -71.181915 42.320259
2800 2 47532870 -71.1576647 42.3399474
3000 3 47533687 -71.1751844 42.3362353
2940 1 45771343 -71.135142 42.308105
5100 3 47342570 -71.143687 42.318073
3000 2 47342571 -71.143687 42.318073
2800 3 46930347 -71.145713 42.344293
3100 2 47365484 -71.146299 42.326198
2025 2 46248842 -71.146165 42.342047
2000 2 46732201 -71.1497 42.339913
1870 1 45237575 -71.149517 42.339601
3600 3 42031847 -71.153899 42.339008
2150 1 44837575 -71.147968 42.338416
2395 3 43049675 -71.150945 42.339975
2850 3 44382922 -71.149791 42.339789
2800 4 47127901 -71.152877 42.345314
1800 0 35001565 -71.153529 42.33868
1820 0 32991997 -71.153658 42.338797
1750 2 28243135 -71.1526655 42.3403133
1825 1 31764467 -71.144539 42.342678
1750 1 45808942 -71.1517338 42.3405937
2900 4 45880636 -71.148279 42.342021
1800 2 46431165 -71.145341 42.340574
2390 1 46519527 -71.155074 42.339356
2450 1 46519528 -71.155074 42.339356
3500 1 46658387 -71.145909 42.341331
5500 3 46717799 -71.150174 42.336953
3300 4 46811222 -71.1456139646504 42.3420325775331
2300 3 46813729 -71.148531 42.341965
2300 2 46976306 -71.14939 42.336813
2195 1 46995535 -71.144531 42.339975
1950 1 46996147 -71.151916 42.338813
2985 3 46996345 -71.146682 42.3405
2840 3 46996346 -71.1465 42.340542
2340 2 46996347 -71.1465 42.340542
2650 3 46996874 -71.151429 42.339705
2075 2 46997605 -71.147881 42.340083
1750 1 46997607 -71.151429 42.339705
1795 1 46998132 -71.1477 42.340282
1995 1 47000331 -71.144943 42.337552
1975 2 47000350 -71.144062 42.340918
1975 2 47002998 -71.150325 42.339601
2250 2 47007184 -71.146955 42.34262
1850 1 47009415 -71.150826 42.338534
3950 4 47014805 -71.144861 42.342498
2790 2 47051513 -71.1441367 42.3369908
1995 1 47085047 -71.1504157 42.3392265
900 1 47089090 -71.148439 42.340354
2500 4 47113625 -71.145493 42.341406
2300 1 47148650 -71.148585 42.337873
2500 1 47188149 -71.152042 42.337157
1895 2 47240810 -71.150237 42.340498
2750 3 47245200 -71.150826 42.338534
3300 3 47257332 -71.1475642 42.3439456
2100 2 47265520 -71.156672 42.340959
1500 0 47280460 -71.145895 42.342346
2125 2 47284426 -71.1466522 42.3425319
3250 4 47303527 -71.145159 42.341182
3250 5 47307017 -71.145164 42.3411584
2800 3 47313684 -71.155672 42.339942
2600 3 47318172 -71.1503057 42.3440814
2850 3 47326280 -71.149791 42.339789
2775 3 47356373 -71.1556076 42.3399547
1850 1 47356538 -71.1456367 42.3396823
2150 2 47356540 -71.1468602 42.3426449
2000 2 47356976 -71.1562255 42.3393539
1800 1 47357017 -71.1527657 42.3378998
1900 1 47357119 -71.152639 42.34019
2300 1 47375856 -71.1509027 42.3376024
2200 1 47376704 -71.151074 42.337705
3500 3 47379117 -71.149638 42.342412
1870 1 47379153 -71.147813 42.339542
2300 2 47379179 -71.150745 42.337729
2850 3 47379186 -71.150745 42.337729
1695 0 47392809 -71.1486858 42.3371137
2095 1 47455991 -71.146038 42.340239
2900 1 47465562 -71.1475 42.33931
2700 3 47474322 -71.150289 42.345382
1825 1 47489226 -71.154969 42.341482
1750 1 47511127 -71.145955 42.342476
1750 1 47511910 -71.1458032 42.3423876
3900 3 47517188 -71.1484954 42.336754
4450 4 47517203 -71.1478531 42.3383965
1750 1 47517442 -71.1497 42.338969
2025 1 47533653 -71.15038 42.339778
3600 4 47549466 -71.1496981 42.3374492
2700 5 44615910 -71.138388 42.341591
1650 1 41964996 -71.142987 42.342876
4600 3 46615553 -71.134869 42.339975
4900 4 45963610 -71.133541 42.340047
2000 2 15291824 -71.142826 42.34278
2400 3 32896603 -71.1419743 42.3418578
2100 1 40500565 -71.1324321 42.3404601
2350 2 42539341 -71.132133 42.3405
2395 3 45808963 -71.1418593 42.3418391
2350 3 46388070 -71.142084 42.341965
2150 1 46714913 -71.140118 42.33651
2800 1 46745891 -71.132337 42.343884
3500 5 46875659 -71.141912 42.343812
4000 3 46982369 -71.1338788440754 42.3394928266068
2475 2 46993395 -71.136919 42.338219
2175 1 46994910 -71.133556 42.339254
2125 2 46996141 -71.143836 42.340947
2200 2 46996349 -71.136094 42.338289
2625 3 46997395 -71.141774 42.341812
2000 1 46997970 -71.13157 42.339119
2425 2 46997974 -71.138249 42.336188
1975 2 46999171 -71.143056 42.342542
2375 2 47000343 -71.143003 42.337992
2100 2 47003332 -71.141084 42.344513
1650 0 47004019 -71.143881 42.34397
2500 1 47092332 -71.138345 42.336469
11100 1 47095065 -71.13499 42.3288
2500 4 47113624 -71.142062 42.341591
2700 2 47264710 -71.136241 42.3383474
3600 3 47307953 -71.134884 42.336573
2795 3 47342032 -71.140046 42.342183
3000 2 47356086 -71.1339665 42.340226
2200 2 47370631 -71.1391468269233 42.3448862554958
3900 3 47379090 -71.140198 42.338601
2175 2 47384322 -71.143251 42.342555
1875 1 47412241 -71.1319937 42.3405032
2450 2 47429152 -71.140118 42.33651
2650 2 47517077 -71.1319705 42.3417434
1650 1 47211235 -71.120076 42.256691
2300 2 46746575 -71.082225 42.287734
2800 3 46557198 -71.111281 42.298532
1656 1 47189866 -71.088877 42.279363
1900 1 47458847 -71.121762 42.293651
1970 2 47499824 -71.102764 42.263883
1940 2 47499804 -71.103716 42.264062
2600 3 47120309 -71.085972 42.298997
1940 2 43591734 -71.103975 42.263879
1450 0 47499718 -71.100646 42.270825
2100 2 36798585 -71.117495 42.263848
2350 3 44230093 -71.090841 42.284284
2000 2 44727560 -71.1198267 42.2764883
2200 2 45890148 -71.080083 42.282068
1100 1 45968747 -71.129267 42.273751
2300 2 45982918 -71.0820202 42.2996875
2300 3 46919536 -71.0878697 42.2833285
3175 2 47030237 -71.126733 42.285863
3250 2 47030239 -71.126733 42.285863
3750 2 47032519 -71.126733 42.285863
1800 1 47040017 -71.119576 42.273002
2400 3 47076407 -71.122241 42.289169
2295 2 47079192 -71.115509 42.259466
2800 4 47130181 -71.1258 42.2837
2200 2 47210937 -71.089921 42.276068
3000 4 47236271 -71.079514 42.28668
2875 3 47295152 -71.0800239 42.2927319
2400 3 47322817 -71.092301 42.287074
2500 3 47358532 -71.097349 42.267362
3300 2 47358907 -71.126733 42.285863
3300 2 47360608 -71.127812 42.286229
2800 4 47370923 -71.0859663 42.2730407
2400 3 47379137 -71.11773 42.284696
2000 2 47379216 -71.11565 42.293624
2708 2 47392292 -71.126733 42.285863
2195 1 47395796 -71.115509 42.259466
2400 1 47423976 -71.115712 42.297396
2600 2 47428748 -71.1190425 42.28706
2600 2 47430260 -71.118534 42.28834
2800 2 47446234 -71.128811 42.27322
2450 3 47451560 -71.127347 42.258974
2450 3 47456198 -71.127361 42.259008
2475 2 47456328 -71.089641 42.289416
10575 2 47464273 -71.08072 42.28879
2750 3 47470608 -71.115754 42.295997
3175 2 47473706 -71.126733 42.285863
2100 2 47498726 -71.121303 42.279796
3150 3 47498751 -71.121138 42.29241
2800 4 47503551 -71.1296168 42.2850089
3200 3 47512071 -71.082387 42.285414
2800 2 47513787 -71.113712 42.298624
1850 2 47514473 -71.092088 42.287325
2600 3 47534892 -71.082784 42.282201
2475 2 47549245 -71.084614 42.287828
3295 4 46892145 -71.1096179 42.3226996
3295 4 46865945 -71.109405 42.32264
2370 1 46287223 -71.107646 42.321129
2240 0 29676924 -71.110745 42.303258
1550 1 27374333 -71.109699 42.32164
2750 2 35755071 -71.1096886 42.3181519
2800 3 45570606 -71.106699 42.319593
2700 3 46346216 -71.107124 42.321229
3300 3 46583063 -71.1126 42.3108
3200 3 46753317 -71.107699 42.312621
875 4 46816404 -71.1126 42.3107
2700 3 46997125 -71.106133 42.31961
2700 3 47013630 -71.109071 42.321976
2700 3 47076403 -71.105422 42.308843
1875 1 47182085 -71.114281 42.302641
2250 2 47182087 -71.113821 42.302416
2400 2 47280458 -71.107594 42.305279
3450 3 47341688 -71.107306 42.321313
2250 2 47401909 -71.113889 42.302622
4250 3 47446108 -71.109353 42.311254
2800 3 47465652 -71.1126 42.3107
3000 4 47513873 -71.110636 42.321701
2850 3 47513876 -71.110636 42.321701
3200 2 47437123 -71.12764 42.339833
2525 1 47211256 -71.130792 42.340224
4500 1 47211255 -71.122988 42.340449
3525 4 46482427 -71.125259 42.331722
15000 6 45259871 -71.130388 42.344317
2250 1 47275601 -71.120138 42.340674
1300 1 40916063 -71.1252479 42.3443992
1800 3 44142116 -71.121218 42.330705
1575 0 34830584 -71.124058 42.340856
1875 0 5314825 -71.128123 42.340647
1495 0 19168585 -71.120558 42.340696
1795 0 32706034 -71.119812 42.340601
1650 0 32856852 -71.1200637 42.3408124
3900 3 34973840 -71.126464 42.342982
9995 4 39425018 -71.127385 42.338684
4000 3 41597806 -71.121696 42.338151
2850 2 41950112 -71.120347 42.343998
1495 0 42271991 -71.120955 42.338684
3400 3 42594066 -71.120008 42.338736
2650 1 42594083 -71.119628 42.343008
2995 1 44495962 -71.118371 42.332789
2695 1 45092385 -71.118343 42.339548
2200 2 45330574 -71.118412 42.344903
1740 1 45649276 -71.11826 42.34264
1740 1 45649277 -71.11826 42.34264
3630 2 45649280 -71.11888 42.33153
1728 1 45649281 -71.12406 42.34216
2025 1 45649282 -71.12406 42.34216
2025 1 45649283 -71.12406 42.34216
2025 1 45649284 -71.12406 42.34216
2025 1 45649285 -71.12406 42.34216
2025 1 45649286 -71.12521 42.34028
2025 1 45649287 -71.12521 42.34028
2025 1 45649288 -71.12521 42.34028
1836 1 45649289 -71.12521 42.34028
2025 1 45649290 -71.12521 42.34028
1728 1 45649291 -71.12521 42.34028
2025 1 45649292 -71.12521 42.34028
2025 1 45649293 -71.12521 42.34028
2025 1 45649294 -71.12521 42.34028
2250 1 45649295 -71.12521 42.34028
2250 1 45649296 -71.12521 42.34028
2250 1 45813506 -71.12521 42.34028
2250 1 45813507 -71.12521 42.34028
2250 1 45813508 -71.12521 42.34028
2250 1 45813509 -71.12521 42.34028
2025 1 45813510 -71.12521 42.34028
2025 1 45813511 -71.12521 42.34028
8676 1 45903298 -71.12521 42.34028
8676 1 45903299 -71.12521 42.34028
8676 1 45903300 -71.12521 42.34028
11100 1 45903301 -71.12348 42.3249
8676 1 45903302 -71.12521 42.34028
8667 1 45903303 -71.12521 42.34028
8676 1 45903304 -71.12521 42.34028
8553 2 46361963 -71.13098 42.33829
2500 2 46532857 -71.1209 42.3434
2300 1 46578904 -71.12237 42.344844
3300 2 46658379 -71.119925 42.330789
3095 2 46662953 -71.118343 42.339548
2425 1 46717014 -71.124566 42.340856
2670 1 46789411 -71.12488 42.32621
2800 2 46863717 -71.1273388492561 42.3391638266068
1750 1 46961424 -71.125901 42.340412
4000 3 46975477 -71.121946 42.337872
2395 1 46996270 -71.121696 42.339627
2995 2 46996271 -71.121696 42.339627
3395 2 47051969 -71.1193919 42.3410073
2400 1 47076406 -71.124802 42.337492
4200 2 47076910 -71.12519 42.330548
3805 2 47095565 -71.124096 42.337671
5950 3 47148618 -71.122957 42.343121
1950 1 47181603 -71.1209 42.3434
2120 1 47182485 -71.1210386 42.3386387
3195 1 47188407 -71.123234 42.338057
3200 2 47265518 -71.12764 42.339833
3600 4 47275618 -71.122696 42.336627
2900 3 47279821 -71.1285603 42.3404488
3500 2 47280461 -71.125202 42.338031
2850 2 47287235 -71.123299 42.340498
2200 2 47326282 -71.118412 42.344903
3000 3 47329243 -71.118228 42.330478
4100 3 47339744 -71.121058 42.343482
2195 1 47340032 -71.119628 42.341014
2195 1 47342051 -71.120828 42.341455
3400 2 47355805 -71.1286973 42.3396257
2200 1 47372590 -71.121076 42.335969
2750 2 47379184 -71.118743 42.341438
2750 3 47405786 -71.124513 42.327041
3450 2 47461381 -71.124104 42.338657
3900 4 47490938 -71.127955 42.341482
2100 2 47518558 -71.1253738 42.3272438
2500 3 47518634 -71.1243576 42.3261107
2100 1 47522660 -71.128329 42.339646
3300 2 47534933 -71.119628 42.343008
2895 1 47537221 -71.126955 42.340051
2250 1 47550210 -71.120138 42.340674
2500 1 47211266 -71.115576 42.34162
3300 3 47211258 -71.115754 42.33863
4000 3 42032013 -71.116847 42.336552
3300 3 12666392 -71.115831 42.341083
7500 5 44054606 -71.106291 42.331188
2650 1 47192850 -71.106519 42.344709
1595 0 41964306 -71.105983 42.333049
2900 2 13499416 -71.115512 42.341051
3400 3 24671835 -71.11538 42.341047
4600 4 13280854 -71.117985 42.337894
1595 0 30490326 -71.10586 42.333337
2600 2 42030534 -71.116086 42.341127
2100 2 43725657 -71.1116355 42.3319455
7800 6 45259872 -71.113148 42.338913
3900 2 45649278 -71.11269 42.33732
2670 1 45649297 -71.11271 42.33853
1795 2 46449025 -71.1111741 42.3322235
2400 3 46773212 -71.111925 42.330076
12750 2 46960853 -71.11268 42.33869
1950 0 46963759 -71.1160958175248 42.3411788266068
3800 3 46975492 -71.117313 42.340695
2250 1 46983727 -71.1115687 42.3242489
2500 2 46994125 -71.111584 42.324274
4400 4 46994621 -71.111148 42.332338
3700 3 46994885 -71.117309 42.343617
2800 2 46994902 -71.117309 42.343617
3095 2 46995537 -71.118053 42.339669
1995 1 47002305 -71.109689 42.345099
1795 0 47004018 -71.109519 42.345047
2200 1 47030150 -71.111584 42.324274
11100 1 47095066 -71.11276 42.33749
2400 1 47135548 -71.114689 42.331722
1850 0 47240981 -71.1124971 42.3377784
2750 2 47356434 -71.1174483 42.3427701
2200 1 47358909 -71.111584 42.324274
2200 1 47360627 -71.110432 42.324164
2150 1 47367706 -71.109306 42.331523
3050 1 47375648 -71.1085512 42.3276959
1900 1 47406249 -71.115904 42.33116
3500 2 47436735 -71.116889 42.326028
2700 1 47436762 -71.110144 42.344185
4200 3 47442715 -71.117706 42.339254
2800 1 47462094 -71.116495 42.344398
4800 3 47474319 -71.11242 42.331292
2200 1 47522763 -71.115642 42.343293
2800 3 46927299 -71.07942 42.310239
3000 4 45313101 -71.101019 42.314604
2274 0 36879563 -71.101084 42.31253
3000 0 47448476 -71.084469 42.308582
2100 2 13845796 -71.097577 42.313512
3250 4 30823587 -71.088291 42.319587
2200 2 42029845 -71.103699 42.322285
2150 2 43098820 -71.103354 42.32232
2650 3 44008134 -71.092976 42.319842
2300 3 45104669 -71.0870341 42.3202342
800 1 45577907 -71.1028645 42.310413
3300 4 45834769 -71.0840629 42.3202474
3200 3 46467627 -71.102039 42.312274
2435 3 46493011 -71.09887 42.311989
2500 3 46540246 -71.104716 42.320637
3000 3 46815265 -71.098542 42.317273
2500 3 46848627 -71.080553 42.305079
3300 4 46965907 -71.101238 42.314868
2600 2 46997273 -71.097415 42.317914
7380 3 47028625 -71.09135 42.32235
2475 2 47030188 -71.097329 42.312962
2475 2 47030189 -71.097329 42.312962
2050 1 47032517 -71.097134 42.312384
3575 4 47032520 -71.102339 42.308657
4000 2 47148640 -71.099909 42.315208
2195 2 47209013 -71.103841 42.307279
2850 4 47210248 -71.09855 42.312995
3750 5 47259880 -71.090805 42.322732
3000 3 47309698 -71.102421 42.3169404
3000 3 47319722 -71.102803 42.311933
2800 3 47319723 -71.102803 42.311933
3100 4 47397494 -71.080003 42.308916
1850 2 47397495 -71.080373 42.310081
2700 3 47423981 -71.101052 42.308087
2425 2 47498748 -71.098909 42.31745
1600 0 47517445 -71.0913516 42.3200047
2300 3 47522901 -71.097959 42.314923
2800 4 47537498 -71.100279 42.312512
2000 2 47543629 -71.0972938 42.313662
1800 2 47549453 -71.0797127 42.3012844
3300 3 46520516 -71.102557 42.333249
2803 0 45959894 -71.101039 42.334151
2662 0 47049369 -71.101291 42.333789
5250 4 45458061 -71.098215 42.331822
3722 0 46613461 -71.101096 42.343893
4026 0 43162343 -71.102096 42.343661
6015 2 42392534 -71.10121 42.344083
1900 0 47533646 -71.098494 42.341265
1865 0 42057992 -71.101568 42.334975
2625 1 29653527 -71.101622 42.333447
3900 4 19952551 -71.103484 42.331289
2300 2 39768298 -71.1019129 42.3289184
2150 1 41183826 -71.098176 42.341679
3000 2 42409473 -71.098333 42.328479
1850 0 42859854 -71.096489 42.342279
1650 0 43076794 -71.1012862 42.3424598
1600 0 43592773 -71.096349 42.342779
2150 2 43725647 -71.0982721 42.3415085
1995 2 45649377 -71.09477 42.32759
3690 2 45771344 -71.096804 42.334892
3750 1 45813517 -71.10195 42.34367
2250 1 45813519 -71.10495 42.32596
4600 5 46470626 -71.101116 42.327274
1100 1 46518063 -71.100306 42.329575
4000 5 46584104 -71.1011933 42.33056
5100 2 46658390 -71.102063 42.334018
3300 1 46742624 -71.101039 42.334151
3690 1 46742627 -71.101039 42.334151
4360 2 46750200 -71.101039 42.334151
3710 1 46769192 -71.101039 42.334151
2550 1 46784989 -71.095581 42.3435
2025 0 46829487 -71.100323 42.342674
5600 5 46994464 -71.100876 42.326679
1800 0 46994470 -71.100678 42.341709
2700 1 46994869 -71.09761 42.342382
1650 0 46994907 -71.099504 42.337765
1850 0 46995009 -71.095088 42.343008
2950 2 46995331 -71.09761 42.342382
3250 0 47119613 -71.0955529 42.323528
3500 4 47119876 -71.095841 42.323681
3600 4 47257328 -71.1038858 42.3277132
2650 1 47341894 -71.096543 42.342755
2565 2 47355811 -71.1018627 42.3347357
1780 0 47355853 -71.1018627 42.3347357
1925 0 47355983 -71.1018627 42.3347357
1795 0 47356166 -71.1018627 42.3347357
2410 1 47356167 -71.1018627 42.3347357
1910 0 47356173 -71.1018627 42.3347357
2700 1 47446030 -71.096349 42.342779
2250 1 47489215 -71.095805 42.342903
4197 1 47489223 -71.098662 42.344099
1850 0 47503069 -71.098153 42.341498
3000 1 47503925 -71.099945 42.342768
1850 0 47537603 -71.094543 42.344929
2450 1 47542068 -71.100063 42.341812
2050 1 47449335 -71.081728 42.343591
1700 1 47268471 -71.0821288 42.3405943
2000 1 45327160 -71.0804998 42.3412821
4800 4 44054603 -71.086299 42.337049
2500 1 43062412 -71.0823684 42.3444878
2200 0 41464601 -71.082499 42.343239
1675 1 25174211 -71.085122 42.325823
1500 0 28981935 -71.0877268 42.3436174
3400 3 28981942 -71.0877268 42.3436174
2250 2 34522293 -71.0860429 42.3431348
3700 5 41584264 -71.087743 42.329458
4500 3 42075474 -71.084784 42.345279
2600 1 43044894 -71.0804418 42.3428038
3720 1 45268493 -71.081698 42.338833
7896 1 45649352 -71.08103 42.34035
1700 0 45891872 -71.088742 42.344636
4920 2 46272383 -71.082039 42.344787
6220 1 46658391 -71.079616 42.341787
13598 3 46658395 -71.082495 42.344569
14762 2 46658399 -71.082495 42.344569
6711 1 46658402 -71.079616 42.341787
6063 1 46658405 -71.079616 42.341787
6857 1 46658408 -71.079616 42.341787
6061 1 46658411 -71.079616 42.341787
6250 1 46658414 -71.079616 42.341787
6905 1 46658416 -71.079616 42.341787
13042 2 46658418 -71.082495 42.344569
13200 2 46658420 -71.082495 42.344569
5963 1 46658422 -71.079616 42.341787
6250 1 46658424 -71.079616 42.341787
5890 1 46658426 -71.079616 42.341787
3750 3 46875650 -71.086183 42.336809
2760 0 46908832 -71.081425 42.339992
16207 2 46943582 -71.082495 42.344569
13040 2 46943583 -71.082495 42.344569
2760 0 46958418 -71.081425 42.339992
5600 4 46994129 -71.082514 42.339691
7000 5 46994467 -71.080442 42.339753
4850 5 46994876 -71.082986 42.339303
4800 4 46994880 -71.088815 42.341555
4750 4 46994887 -71.086183 42.336809
4600 3 46994892 -71.090153 42.342182
3950 3 46994893 -71.091215 42.34036
3000 2 46995011 -71.088063 42.343884
1950 0 46995519 -71.087307 42.342659
4500 3 46995521 -71.087307 42.342659
3200 2 46996811 -71.080028 42.338671
2250 1 47024166 -71.086412 42.336526
3390 2 47024169 -71.086299 42.336894
5913 3 47028622 -71.08677 42.32442
5517 2 47028623 -71.09149 42.32515
13742 5 47028624 -71.08986 42.32556
13035 2 47033438 -71.082495 42.344569
13364 2 47056850 -71.082495 42.344569
13331 2 47056851 -71.082495 42.344569
11987 2 47066306 -71.082495 42.344569
7050 1 47126757 -71.079616 42.341787
4000 1 47148651 -71.080365 42.339134
4750 2 47205452 -71.081636 42.343932
4600 3 47227201 -71.085359 42.34522
3495 2 47253161 -71.086299 42.336894
6590 1 47270365 -71.079616 42.341787
2850 2 47307678 -71.08023 42.326858
3000 1 47322682 -71.080514 42.344755
1725 1 47402587 -71.0884023 42.3446101
1675 0 47402604 -71.0884023 42.3446101
2300 1 47405778 -71.089192 42.342647
2650 3 47405785 -71.088153 42.340923
2900 1 47446248 -71.08788 42.344047
2499 1 47447129 -71.079652 42.344135
3000 1 47447131 -71.08188 42.343254
2800 2 47470606 -71.084666 42.335492
2950 2 47474358 -71.080178 42.339657
3200 2 47474360 -71.079646 42.334151
2800 0 47481481 -71.081698 42.338833
4800 4 47517272 -71.0863596 42.3370654
3200 2 47537422 -71.087281 42.341768
2750 2 47537427 -71.089591 42.342695
2795 3 47231661 -71.169629 42.351553
3270 4 47211320 -71.175008 42.352458
2600 3 47207404 -71.174516 42.352099
3150 2 46813724 -71.158093 42.345726
2500 2 46425548 -71.180895 42.3616
2050 2 46307114 -71.181425 42.368204
2300 2 46291236 -71.17932 42.358852
2700 3 41966167 -71.1646 42.356802
2735 1 31929092 -71.174448 42.364836
2800 3 14650471 -71.1756401673752 42.3683748227139
4000 5 31949882 -71.1646587 42.356194
1850 1 39876298 -71.160307 42.368197
3700 3 40528418 -71.165231 42.367031
2300 2 40995825 -71.179279 42.376832
4650 5 43735427 -71.1757414 42.3527095
1900 1 43798018 -71.1757182 42.3812744
2400 2 45145148 -71.170014 42.367456
1695 1 46491291 -71.1751612 42.3791013
2900 3 46619416 -71.161578 42.356913
2000 3 46750500 -71.165307 42.351607
2400 3 46769503 -71.168315 42.349282
4900 6 46875661 -71.165042 42.351103
2848 1 46930535 -71.1745939 42.380518
2395 3 46997399 -71.169345 42.352949
3500 3 46997606 -71.166462 42.356372
4800 4 47000355 -71.164816 42.356649
3100 3 47056313 -71.160194 42.353893
2400 2 47071596 -71.1793 42.3699
2600 4 47090044 -71.164827 42.351874
1550 1 47158305 -71.159325 42.376846
1900 2 47177022 -71.176787 42.368639
2595 2 47177023 -71.170516 42.366093
2700 2 47177024 -71.157945 42.372952
3750 4 47177032 -71.16333 42.369939
2700 4 47188411 -71.179652 42.358488
2795 3 47240812 -71.158483 42.352439
3000 2 47256187 -71.179463 42.38111
2400 2 47261905 -71.167762 42.366326
2200 2 47275080 -71.160372 42.3789412
2400 2 47279534 -71.175733 42.381288
1850 1 47293067 -71.1757182 42.3812744
2400 2 47293417 -71.1745939 42.380518
2982 1 47293484 -71.1749667 42.3804183
3500 3 47297487 -71.158666 42.369543
3600 4 47310986 -71.1685314 42.3516949
2300 2 47323637 -71.17014 42.367689
3000 3 47326294 -71.167915 42.352041
3650 4 47326304 -71.168289 42.346406
1800 1 47330381 -71.1616585 42.3694114
3000 3 47333076 -71.167915 42.352041
2400 2 47388338 -71.179269 42.389836
2300 2 47392040 -71.1648139 42.3683025
4500 3 47392812 -71.165139 42.356793
1950 2 47403255 -71.17232 42.364121
2300 2 47435703 -71.1589391 42.3766248
3300 3 47474317 -71.162419 42.350396
2300 2 47500963 -71.1665688040807 42.3469082554958
3000 4 47507404 -71.162781 42.350649
1750 1 47511911 -71.1735832 42.3517304
1950 1 47513092 -71.175733 42.381288
2800 3 47517088 -71.1735832 42.3492793
1800 1 47517226 -71.1757182 42.3812744
3150 2 47533726 -71.1574142 42.346961
2000 1 46605307 -71.146012 42.354733
2250 3 46514731 -71.154864 42.365945
3380 3 45966963 -71.149378 42.349617
2647 0 43845740 -71.1455 42.347376
3450 3 35001573 -71.1526 42.3495
4300 5 32780657 -71.1484457 42.3514596
2200 2 38636278 -71.1447124 42.3545496
3090 2 40328153 -71.149444 42.349799
2100 2 40827136 -71.1535228 42.3520122
2600 4 42032404 -71.156771 42.349837
2800 4 42032520 -71.149612 42.346932
1650 1 42987125 -71.1467267 42.3554517
2970 1 43903033 -71.1455 42.347376
2800 4 44511285 -71.14982 42.347844
2250 2 45764811 -71.1541815 42.3497722
2000 3 45981352 -71.153355 42.348659
3800 4 46231064 -71.1525 42.3496
2500 3 46899226 -71.1477063 42.353629
1700 1 46984666 -71.145335 42.352466
4100 5 46994418 -71.155002 42.350685
3100 3 46995616 -71.146817 42.352514
2525 2 46996120 -71.145741 42.355227
1800 1 47072072 -71.1479683 42.3539507
3600 4 47172493 -71.145979 42.353229
2700 2 47192759 -71.1464463 42.354839
3800 4 47223723 -71.1506953 42.3489953
2500 3 47319363 -71.1512148 42.3488187
1700 1 47326301 -71.145335 42.352466
3800 4 47356428 -71.1484147 42.3514668
2350 1 47379057 -71.153437 42.348993
2400 1 47379468 -71.144847 42.361478
2250 2 47440272 -71.1447124 42.3545496
2000 2 47452018 -71.155434 42.351883
2600 4 47452020 -71.155434 42.351883
2400 0 47465536 -71.152588 42.350155
2550 1 47465549 -71.152588 42.350155
1650 1 47470603 -71.147482 42.355591
2200 2 47504714 -71.151885 42.345812
4000 4 47517432 -71.1513892 42.3474807
2900 3 47549471 -71.1558757 42.3505243
2400 3 47461382 -71.141528 42.358998
2100 2 47398583 -71.142044 42.351637
2663 0 47318339 -71.142895 42.356283
3000 2 47211263 -71.133128 42.346039
2770 1 47071973 -71.135748 42.356428
2495 2 46420653 -71.142378 42.350908
2700 3 41966058 -71.136884 42.348647
1795 1 46343457 -71.131811 42.349008
5000 6 42032697 -71.139953 42.352131
2075 2 44711613 -71.131351 42.355769
1875 1 47375628 -71.135231 42.346743
1650 0 45688310 -71.140044 42.347755
2903 0 36275708 -71.133678 42.347959
1625 1 28137040 -71.141092 42.349275
1450 0 28137115 -71.141092 42.349275
2700 3 34814968 -71.1353013 42.34833
1600 1 43011383 -71.138454 42.346695
2450 2 43659032 -71.134801 42.354913
2450 3 44826955 -71.142724 42.361873
1800 2 45056657 -71.1408778 42.3492076
4613 3 45649369 -71.14273 42.35822
2450 3 45660425 -71.138048 42.346244
2400 3 46305419 -71.139586 42.347382
5266 3 46696747 -71.13687 42.35602
2000 1 46750473 -71.134748 42.352472
18495 3 46763244 -71.13217 42.36276
2200 3 46864529 -71.1406185 42.359333
2280 1 46994199 -71.137765 42.354131
4500 5 46994414 -71.132066 42.348039
3800 4 46994415 -71.131945 42.348099
1600 0 46994479 -71.140003 42.349239
1995 2 46994670 -71.141335 42.349542
1950 1 46994877 -71.134919 42.352214
1700 1 46994895 -71.140598 42.348998
2200 2 46994896 -71.140598 42.348998
1650 0 46994899 -71.138475 42.353937
1895 1 46995303 -71.133905 42.347066
1675 0 46995678 -71.133622 42.347244
4600 4 46996572 -71.136009 42.35261
2095 1 46996573 -71.134538 42.346482
2495 2 46996752 -71.133218 42.350125
2200 2 46996791 -71.140279 42.345513
3895 4 46996792 -71.139608 42.347021
1595 0 46996872 -71.135857 42.347661
1975 2 46998401 -71.138692 42.346165
1635 0 46998612 -71.134846 42.346476
2650 2 46998929 -71.134723 42.348066
2500 2 46999547 -71.132953 42.362063
3000 3 47001065 -71.1405 42.359372
2400 3 47001244 -71.139142 42.352745
1725 1 47003307 -71.136054 42.347803
2200 1 47003428 -71.139846 42.346265
2095 2 47014596 -71.135978 42.346681
2700 3 47030153 -71.132054 42.359117
2075 2 47030184 -71.131351 42.355769
2450 3 47030194 -71.142724 42.361873
2600 3 47094283 -71.135503 42.352172
7500 3 47148625 -71.135345 42.354168
6500 2 47148626 -71.135695 42.354348
5000 5 47148628 -71.139953 42.352131
7500 3 47148635 -71.135571 42.354255
2500 3 47196499 -71.135978 42.352834
2000 2 47212669 -71.1312278 42.3536855
3100 4 47249639 -71.131086 42.355372
3400 4 47254832 -71.132827 42.361224
1925 1 47259495 -71.137984 42.348781
3600 4 47259827 -71.140198 42.346965
3095 3 47267601 -71.1342738568783 42.352394710424
3050 3 47275615 -71.134319 42.352607
2695 3 47293072 -71.1428676 42.3620251
1950 1 47303468 -71.135669 42.345844
4426 1 47314631 -71.142603 42.356681
2000 2 47318126 -71.1362906 42.3463899
1650 0 47326253 -71.138345 42.352664
2450 2 47326260 -71.134801 42.354913
1650 0 47326266 -71.140044 42.347755
2600 3 47326289 -71.135503 42.352172
3600 4 47360641 -71.132989 42.348884
2495 2 47379091 -71.141462 42.351278
2450 3 47379173 -71.135957 42.363068
1875 1 47412317 -71.1353358 42.3467909
2940 3 47412321 -71.1373265 42.3487673
1795 1 47436727 -71.137192 42.346538
10881 1 47440950 -71.1322 42.3628
3400 4 47456484 -71.133013 42.361903
2300 2 47496985 -71.1315338 42.3536439
3200 3 47511131 -71.134013 42.361386
2450 3 47520237 -71.138048 42.346244
1300 0 47527617 -71.135434 42.346647
2830 1 47534230 -71.135778 42.356263
2150 1 47535961 -71.1337808 42.3471762
2100 3 47549297 -71.136618 42.346753
2967 2 47275608 -71.154791 42.380783
2450 1 42026653 -71.144444 42.388981
1900 2 46278624 -71.156658 42.375382
2200 2 47047428 -71.147895 42.375893
2900 4 47177021 -71.155108 42.37439
2195 2 47342107 -71.155264 42.377178
2750 2 47434603 -71.139953 42.383366
2400 2 47549515 -71.151414 42.375312
2096 0 47509958 -71.144912 42.398475
3000 4 47211260 -71.132142 42.404938
3043 1 47050626 -71.161064 42.424511
3000 1 47122600 -71.146493 42.392281
2617 0 46813687 -71.146895 42.395474
2588 1 46613474 -71.145365 42.393737
3068 1 42029600 -71.142763 42.393964
2640 0 40248672 -71.142909 42.393077
1800 0 47413013 -71.166756 42.422232
2500 2 47389639 -71.154028 42.414169
2350 1 33588640 -71.151074 42.414043
1750 1 14808947 -71.152061 42.415111
1650 1 15202804 -71.1700944 42.420486
2400 3 24539617 -71.1615478 42.4205923
2800 4 24672906 -71.139964 42.405987
2500 2 24827957 -71.1333248 42.3939236
2870 1 37395326 -71.146218 42.39175
1925 2 40146222 -71.170608 42.420755
2100 2 40995728 -71.133931 42.404062
4110 2 45171240 -71.13418 42.398356
2975 3 45932624 -71.131503 42.39357
4150 5 46231213 -71.131503 42.39357
3780 4 46453654 -71.181181 42.416512
4500 4 46609947 -71.131449 42.398016
2900 3 46714218 -71.140724 42.404039
3600 4 46863718 -71.133818063462 42.4006406378995
5000 5 46996509 -71.144755 42.408069
2400 2 46996708 -71.132124 42.404678
2750 3 47047452 -71.133072 42.404887
2795 3 47185428 -71.139033 42.419577
2700 3 47205538 -71.1429717 42.4001461
2950 3 47218845 -71.132648 42.392853
2700 3 47230920 -71.141687 42.4041994
3900 4 47254828 -71.131891 42.393729
3500 2 47280459 -71.136541 42.396016
2400 3 47303422 -71.136328 42.401153
3200 3 47332592 -71.138648 42.399505
2400 2 47341818 -71.131392 42.395091
2732 1 47376174 -71.145564 42.394852
2300 2 47390701 -71.1325020311563 42.4025916378995
3600 5 47396906 -71.134857 42.400179
2600 2 47413275 -71.1408024 42.4046214
2950 2 47462095 -71.137022 42.391729
2750 4 47499182 -71.142165 42.404708
3350 4 47506240 -71.131988 42.393595
4200 6 47513569 -71.136328 42.401153
2300 2 47522871 -71.132458 42.401628
2000 2 47522881 -71.131586 42.404273
3000 3 47522925 -71.140336 42.40645
2932 1 47540410 -71.146856 42.394958
2575 2 47549286 -71.168662 42.421129
2700 3 47549653 -71.142968 42.409843
2868 0 46793070 -71.129955 42.363378
3400 4 46793082 -71.128355 42.351922
2400 2 46704954 -71.123679 42.349066
3000 2 41566681 -71.122167 42.349217
1700 0 46605263 -71.121733 42.350874
2700 5 46548904 -71.130891 42.349803
2075 2 45839701 -71.126113 42.350581
3600 4 46420669 -71.120553 42.347583
3000 3 46831758 -71.129143 42.350988
4000 4 42032352 -71.129023 42.350955
4000 4 44629903 -71.129502 42.350846
6700 5 46615545 -71.118877 42.345681
1000 5 46615539 -71.125974 42.349182
5750 5 27906698 -71.1236672 42.3483138
3600 3 28854787 -71.1217351 42.3455473
2750 2 39802189 -71.118667 42.345661
2900 3 42150602 -71.130033 42.35435
1800 1 42375454 -71.129113 42.360792
5300 5 42613948 -71.12664 42.349079
1800 0 45183443 -71.126618 42.350269
3600 3 46578905 -71.127234 42.349021
2000 1 46621536 -71.121669 42.345524
2650 2 46690481 -71.121802 42.346982
3000 3 46944932 -71.12584 42.346582
1900 1 46994463 -71.126821 42.35435
3300 3 46995006 -71.12984 42.35135
1895 1 46995299 -71.128679 42.352846
2650 2 46995300 -71.130323 42.348884
3550 3 46995302 -71.130323 42.348884
6000 6 46995511 -71.128429 42.354908
2975 2 46995706 -71.126329 42.353307
1800 1 46995859 -71.127104 42.35349
2350 2 46997262 -71.127718 42.353955
1595 0 46997604 -71.130323 42.348884
1895 1 46998369 -71.128596 42.352834
3595 3 46999544 -71.125043 42.349254
2900 2 47011707 -71.130293 42.357214
3000 1 47017411 -71.121946 42.351572
2100 2 47097517 -71.124999 42.355011
2650 2 47117416 -71.124693 42.345711
2350 2 47126464 -71.12684 42.351685
4595 4 47129169 -71.1204687076605 42.3481538266068
2550 3 47240811 -71.126932 42.358244
1695 0 47267430 -71.1298584 42.3501664
2550 3 47269643 -71.129603 42.3579
2025 2 47275606 -71.126867 42.358269
950 5 47312535 -71.1309 42.3562
4000 4 47326246 -71.129023 42.350955
1700 0 47326254 -71.127398 42.350103
4000 4 47357125 -71.129299 42.351789
1975 1 47360401 -71.127143 42.350168
2100 1 47456482 -71.126548 42.354318
1725 1 47489214 -71.129802 42.353439
1850 1 47498606 -71.128955 42.352866
5750 5 47506653 -71.123669 42.348354
1875 0 47537619 -71.130268 42.349069
1795 1 47547986 -71.125602 42.350866
2995 1 47503078 -71.110636 42.367767
1700 1 47452016 -71.114668 42.365767
3900 4 47105044 -71.116804 42.349239
3400 3 39379120 -71.115866 42.349141
3600 1 47172485 -71.107479 42.362748
5000 4 46615548 -71.117712 42.348884
6000 5 46615544 -71.117009 42.349109
3000 2 15650887 -71.117439 42.3493
3900 3 13430631 -71.1083006819145 42.3632536378995
1800 0 14788585 -71.1127556 42.365149
1400 0 32401454 -71.1054178 42.3481396
4200 2 36423283 -71.1060909 42.3580742
2600 3 37094028 -71.1060677 42.3625063
3200 2 39802184 -71.108291 42.346563
2550 2 42390232 -71.111106 42.364554
2600 2 43283324 -71.111195 42.366108
2300 1 43513546 -71.117343 42.347312
4000 3 43829969 -71.109594 42.365063
1650 1 45649279 -71.1079 42.34547
4700 4 45685365 -71.109876 42.365903
2495 2 45851855 -71.114689 42.365661
1900 1 45862992 -71.114668 42.365767
2500 0 46244729 -71.1071122 42.3677509
3295 3 46533796 -71.110469 42.363107
3395 3 46533800 -71.113153 42.361356
2595 2 46533803 -71.114365 42.365994
3100 3 46578797 -71.113238 42.36128
2600 1 46586061 -71.1077853 42.3674388
3200 3 46587920 -71.108172 42.357073
4400 4 46609946 -71.111642 42.364462
3445 3 46934224 -71.108143 42.367748
10500 3 46980175 -71.114408 42.367308
3950 3 46993474 -71.116454 42.34919
8100 6 46994476 -71.116395 42.349109
5900 4 46994882 -71.108349 42.347787
3300 2 46996849 -71.114293 42.365397
2600 3 47047412 -71.111086 42.364535
2465 2 47167570 -71.108143 42.367748
2100 1 47265072 -71.11738 42.347923
3395 3 47297352 -71.113153 42.361356
2795 3 47340010 -71.114329 42.365978
2795 3 47342044 -71.114293 42.365397
3295 3 47342088 -71.108953 42.362242
4200 2 47412048 -71.1060909 42.3580742
2900 2 47447052 -71.108143 42.367748
3000 2 47456789 -71.113772 42.362356
2995 2 47522585 -71.110469 42.367723
2385 1 47547853 -71.107857 42.367429
3900 4 44826957 -71.122574 42.388095
1985 0 16557009 -71.129658 42.387138
2550 2 31501595 -71.1256013935867 42.3807006378995
3400 4 41403255 -71.121355 42.38938
2100 0 42688333 -71.1223384 42.3794742
5600 4 45608014 -71.12237 42.374187
4500 3 45726090 -71.1209843888891 42.3809766378995
4160 2 45739537 -71.120718 42.380204
2700 2 45891819 -71.120228 42.380138
2850 3 46453665 -71.126499 42.388372
3750 3 46539323 -71.125901 42.373978
4000 4 46562524 -71.120143 42.388772
3000 2 46808510 -71.120064 42.384981
3000 3 46934230 -71.120762 42.378452
5100 3 46996486 -71.119395 42.381692
5100 3 46996507 -71.119348 42.380821
2750 2 46996830 -71.118721 42.385337
3000 3 47028743 -71.126932 42.379263
3600 3 47066422 -71.120064 42.384981
2300 1 47148675 -71.125499 42.377105
2775 2 47209505 -71.12252 42.389816
2465 1 47265413 -71.1203489 42.380855
2100 1 47274790 -71.1241789 42.3789791
1900 1 47275603 -71.12019 42.37212
3495 2 47289092 -71.122626 42.374069
2455 1 47333060 -71.120303 42.381101
3400 2 47391866 -71.1220598 42.3849189
3800 3 47437535 -71.126566 42.389336
2630 1 47466054 -71.122688 42.379148
3135 2 47466055 -71.120303 42.381101
3900 4 47466059 -71.122574 42.388095
2825 2 47256167 -71.10539 42.378651
2650 2 47150151 -71.115668 42.38611
3800 4 46920852 -71.108163 42.374533
2100 1 46631487 -71.1079362 42.3737276
2375 2 44711630 -71.109116 42.369308
2782 2 40343595 -71.112339 42.370049
2795 1 35001587 -71.117046 42.384956
2895 1 35001575 -71.108505 42.370252
2261 1 46286570 -71.116812 42.385007
2530 1 67212 -71.108995 42.368903
1795 0 30520669 -71.1091894698973 42.3760786378995
3110 1 35260613 -71.116743 42.385458
1900 1 38410391 -71.1107580161453 42.3873966497556
3200 1 38737165 -71.116812 42.385007
4500 4 39948734 -71.113396 42.384703
1695 0 40995541 -71.105638 42.386577
2500 1 40995753 -71.112195 42.371952
2700 2 40995904 -71.1056 42.378682
4000 4 40996419 -71.108222 42.383822
2595 1 41692650 -71.11042 42.368046
3300 4 42042786 -71.111793 42.388523
2700 2 42535651 -71.1056 42.378682
3460 1 44836510 -71.116911 42.384919
3330 1 44836512 -71.116911 42.384919
3480 1 44836514 -71.116965 42.385473
2900 3 45708262 -71.115212 42.381011
3000 3 46255988 -71.116281 42.389968
2850 1 46272804 -71.1075996 42.368335
1495 0 46420739 -71.1079939 42.3720694
2750 3 46463808 -71.107678 42.388925
2300 2 46569218 -71.108505 42.367864
3000 3 46615563 -71.109052 42.384242
2695 1 46661957 -71.108887 42.368059
2450 1 46858557 -71.1058621 42.3697486
3300 3 46887648 -71.110768 42.386534
2900 3 46934235 -71.111395 42.385925
2200 1 46955049 -71.108608 42.3726629
1095 4 46967152 -71.1087008 42.3801924
3149 3 46970673 -71.108716 42.383907
2300 1 46996489 -71.116426 42.389411
4900 4 46996562 -71.112268 42.38499
3500 2 46996622 -71.115236 42.369467
3350 3 46996705 -71.116426 42.389411
2750 2 46996706 -71.115047 42.372612
3400 4 46996895 -71.113709 42.386263
2550 2 46997137 -71.113275 42.383583
2900 2 46998048 -71.116877 42.388366
2200 1 46998312 -71.113709 42.386263
3300 3 47003766 -71.116156 42.387514
5000 4 47054714 -71.112606 42.370584
3800 4 47072688 -71.1090387 42.3806787
2100 2 47158129 -71.106349 42.379324
3150 2 47196568 -71.1159 42.388305
2200 2 47239774 -71.108753 42.381968
2650 2 47240952 -71.1078809 42.3680928
2650 2 47261726 -71.10774 42.368158
2900 3 47261730 -71.114668 42.370382
2280 0 47265397 -71.1177653 42.3818203
2500 1 47286812 -71.114654 42.372178
3900 4 47300689 -71.112469 42.383039
2860 1 47318708 -71.116965 42.385473
2100 1 47323632 -71.11253 42.382907
4400 4 47326298 -71.108163 42.374533
3800 4 47326299 -71.108163 42.374533
2700 1 47333599 -71.107921 42.368245
2000 1 47338342 -71.112339 42.376049
2000 1 47356992 -71.1108491 42.3877404
2100 2 47406383 -71.107571 42.372316
3600 4 47455994 -71.106887 42.389366
3600 4 47456022 -71.107158 42.38932
2455 1 47466052 -71.117698 42.381853
3000 2 47473995 -71.113666 42.386191
3800 4 47474186 -71.107063 42.389458
2800 2 47474918 -71.107638 42.368093
2500 1 47474919 -71.10886 42.371629
2800 2 47490295 -71.1077517 42.3680333
2595 2 47503081 -71.11042 42.368046
6000 5 47511132 -71.116956 42.388968
4100 3 47511141 -71.11056 42.3821658
2000 1 47514675 -71.1108491 42.3877404
2000 1 47522614 -71.110728 42.387695
2695 2 47522739 -71.108887 42.368059
2800 2 47522843 -71.114487 42.370283
3500 3 47538294 -71.107505 42.380277
3875 3 45855493 -71.098134 42.366783
2600 2 44054564 -71.104422 42.346182
1795 0 41964502 -71.093018 42.346982
1775 0 42150551 -71.093788 42.346674
2488 0 42926891 -71.099897 42.347946
3145 2 64205 -71.104646 42.3646
1695 0 15242825 -71.093696 42.3467791
2195 2 15269760 -71.094285 42.3462177
2100 2 24177140 -71.0935567 42.3469531
1695 0 24211981 -71.0924488405354 42.3459321124093
2100 2 24990107 -71.1044759 42.3462763
1825 1 24990386 -71.0936567 42.3467982
1995 1 31041369 -71.103468 42.3468048
1625 0 31305552 -71.0933977 42.3470357
2100 2 31686390 -71.1044197 42.3462058
3000 1 32037769 -71.1041644 42.3465893
2400 2 36506546 -71.1042036 42.3457409
2238 0 40995703 -71.099815 42.363753
3703 2 40996274 -71.099815 42.363753
5100 3 40996410 -71.099815 42.363753
3000 3 41349364 -71.098088 42.366224
3300 4 41365858 -71.100306 42.366308
1795 1 41415396 -71.1040599 42.3464137
1595 0 43999121 -71.103962 42.347294
2970 0 45230573 -71.099815 42.363753
4420 1 45332803 -71.103222 42.34636
3002 2 45336870 -71.103949 42.34619
2800 1 45357414 -71.1033 42.3634
3100 4 45719137 -71.100306 42.366308
2295 1 46068744 -71.094909 42.350168
3218 1 46391525 -71.101008 42.359874
3742 1 46391527 -71.101008 42.359874
4010 1 46391529 -71.101008 42.359874
3591 1 46486079 -71.101008 42.359874
3598 1 46486080 -71.101008 42.359874
3608 1 46486081 -71.101008 42.359874
3652 1 46486082 -71.101008 42.359874
3657 1 46486083 -71.101008 42.359874
3828 1 46486084 -71.101008 42.359874
3367 1 46514667 -71.102418 42.360783
3800 4 46745029 -71.1033 42.3634
1800 0 46897933 -71.093029 42.367759
2700 2 46994878 -71.104163 42.345617
2850 1 46995523 -71.104522 42.346513
3300 2 46996680 -71.101179 42.362133
3000 3 46996857 -71.099317 42.366156
2195 1 46997398 -71.094258 42.34615
2900 2 46998314 -71.099317 42.366156
2875 3 46999576 -71.099492 42.363203
2550 2 47000352 -71.09361 42.34936
2800 3 47001330 -71.098263 42.364319
3500 3 47018396 -71.104461 42.361253
3435 1 47046026 -71.099492 42.363203
2250 2 47167573 -71.092924 42.365197
6000 4 47180914 -71.098467 42.367439
250 0 47230863 -71.1033 42.3634
2000 1 47241811 -71.0933014 42.3494158
2800 1 47284812 -71.104689 42.346468
2100 2 47314608 -71.0984 42.36434
2195 0 47333117 -71.093578 42.348563
1850 0 47402573 -71.0938584 42.3485454
3419 2 47445481 -71.101102 42.362616
3300 2 47456294 -71.101168 42.360382
3300 2 47456701 -71.1023147019271 42.3620426378995
3000 3 47461384 -71.096264 42.365554
3000 3 47474176 -71.103975 42.365001
4500 3 47506212 -71.093168 42.365188
5936 1 47523242 -71.1033 42.3634
2850 2 47537627 -71.093326 42.349957
3200 2 47543731 -71.098886 42.348743
4841 1 42030461 -71.084588 42.345932
1790 0 42392654 -71.089098 42.345524
3755 1 34539396 -71.080773 42.34815
3245 0 30607090 -71.081431 42.367461
3535 1 36063987 -71.082514 42.363439
3760 1 34358539 -71.079719 42.348099
3255 0 22915102 -71.08162 42.347959
3245 0 16557502 -71.082178 42.366835
3283 0 65050 -71.083719 42.365063
2100 2 30227960 -71.0903403 42.3468972
3300 2 31200049 -71.0880554 42.3487067
3850 1 33656454 -71.087588 42.363297
3040 0 33656455 -71.087588 42.363297
3910 1 33743366 -71.087588 42.363297
3190 0 33743367 -71.087588 42.363297
3050 0 33743369 -71.087588 42.363297
1595 0 36931856 -71.085712 42.351601
7000 2 39971497 -71.0846151 42.352386
2605 1 42055198 -71.085907 42.360093
2450 0 42055269 -71.085907 42.360093
2225 0 42055270 -71.085907 42.360093
2100 1 42115649 -71.081539 42.350073
1600 0 42551090 -71.089712 42.3455321
4450 2 42808434 -71.089588 42.348617
3726 1 45649255 -71.08361 42.36374
4293 1 45649257 -71.08342 42.36369
1863 1 45649323 -71.08271 42.34976
2349 1 45649326 -71.08271 42.34975
2349 1 45649329 -71.0827 42.34974
2349 1 45649330 -71.0827 42.34974
2610 1 45649340 -71.08269 42.34974
2349 1 45649341 -71.0827 42.34974
2349 1 45649342 -71.0827 42.34974
1836 1 45649343 -71.0827 42.34974
2349 1 45649344 -71.0827 42.34974
2349 1 45649345 -71.08269 42.34975
2349 1 45649346 -71.08271 42.34975
2349 1 45649347 -71.0827 42.34974
8927 1 45903318 -71.08271 42.34975
3050 1 46693063 -71.080641 42.353873
3290 1 46742623 -71.089851 42.350572
5300 1 46943571 -71.084542 42.345903
5300 1 46943598 -71.083047 42.363627
2875 1 46965910 -71.0883361 42.3500175
6200 3 46995008 -71.084104 42.348601
1990 0 46995614 -71.080438 42.345476
1595 0 46997652 -71.090088 42.350503
3100 1 47083473 -71.091285 42.348586
6500 2 47135560 -71.079563 42.35014
3250 1 47234639 -71.0881019 42.3500883
2700 1 47280462 -71.089919 42.350972
2600 2 47284821 -71.087614 42.345555
10773 2 47303658 -71.08162 42.347959
2300 1 47393948 -71.089742 42.350532
2175 0 47405574 -71.089588 42.349459
3518 2 47446424 -71.088311 42.346217
2682 0 47446425 -71.088311 42.346217
6250 2 47446652 -71.0812 42.3473
3484 1 47473851 -71.081474 42.367275
3250 1 47489217 -71.079369 42.350199
2950 1 47502256 -71.0802561 42.3536502
3195 1 47502303 -71.0858735 42.3507106
2196 0 47511721 -71.08867 42.346356
4000 3 47517194 -71.0841093 42.3486647
2804 1 47517990 -71.088178 42.345965
3654 1 47527804 -71.083207 42.366027
1795 0 47537586 -71.092143 42.346929
3200 3 47508465 -71.093088 42.38693
3000 3 47177143 -71.102716 42.379902
3150 3 47177037 -71.104646 42.375846
2200 3 46970679 -71.096173 42.385043
2100 1 45458108 -71.095349 42.384095
2200 2 45177933 -71.1020209 42.3682799
1995 0 43443060 -71.102367 42.387728
2600 2 39882902 -71.100494 42.387783
1950 0 35001561 -71.102377 42.387799
1900 0 33958589 -71.102102 42.387655
3500 4 793797 -71.0992876 42.3879815
3400 4 30483220 -71.097709599422 42.3682446378995
2350 1 35902823 -71.1012525902144 42.3688016378995
1450 0 36375655 -71.096094 42.380958
2100 1 41521937 -71.104375 42.380534
1800 1 41647406 -71.1016343 42.371568
2700 3 42172096 -71.093264 42.382184
3200 3 42535580 -71.10357 42.378559
2700 3 42646415 -71.104124 42.376209
3350 4 42646416 -71.104024 42.376249
2700 3 42646418 -71.104124 42.376209
1800 2 45010652 -71.0987441317576 42.3749866497556
3200 3 45719205 -71.10357 42.378559
2700 3 45751849 -71.098168 42.373873
1800 1 45876226 -71.096226 42.3748211
2700 2 45891142 -71.098168 42.373873
2500 2 46003089 -71.098581 42.376021
2000 2 46146999 -71.0961866 42.3747617
3500 4 46312299 -71.0992435 42.3848349
4000 4 46414275 -71.103494 42.38332
3700 4 46424560 -71.0992 42.3818
3400 4 46496768 -71.0951295723937 42.3698796378995
3595 3 46543320 -71.101764 42.374832
1500 3 46568284 -71.0992 42.3818
2350 3 46594294 -71.095648 42.375713
2600 3 46618904 -71.1020057 42.3765511
6200 7 46670385 -71.105187 42.373376
3200 4 46834910 -71.103279 42.378561
3000 3 46842794 -71.095931 42.369988
2475 1 46854458 -71.097813 42.379705
2000 1 46891192 -71.0961866 42.3747617
3300 3 46915527 -71.0944 42.370984
1800 1 46990588 -71.092726 42.368945
2800 3 46996510 -71.101875 42.375994
8400 7 46996618 -71.099396 42.369691
3000 3 46997139 -71.098359 42.380032
6200 5 46998179 -71.102374 42.385755
1800 1 46998318 -71.098786 42.389983
2800 3 47003619 -71.104159 42.376742
2400 2 47028741 -71.0999577 42.3848816
2200 2 47054560 -71.098786 42.389983
1750 1 47056967 -71.095359 42.373446
2550 2 47109502 -71.096805 42.369107
3200 0 47113666 -71.0991043 42.3877793
3300 4 47136051 -71.102557 42.389306
2650 3 47172492 -71.101287 42.379252
2800 3 47222702 -71.095297 42.380202
3500 3 47254834 -71.099688 42.369723
2700 2 47288758 -71.102291 42.36834
2200 2 47310419 -71.105102 42.380125
2600 2 47314610 -71.09987 42.379617
2200 2 47314611 -71.093333 42.389069
3000 3 47338352 -71.0962231 42.3699136
6500 4 47359502 -71.098813 42.37159
3000 3 47389148 -71.098515 42.368978
2600 2 47389150 -71.095197 42.384669
3350 4 47406384 -71.104354 42.376518
3700 4 47413238 -71.099143 42.387703
2100 2 47417102 -71.092329 42.377738
3550 4 47455987 -71.095073 42.379111
3800 4 47456038 -71.095073 42.379111
2295 1 47466071 -71.096385 42.378408
2650 1 47470605 -71.104887 42.3696
2800 2 47474182 -71.0992 42.3818
2600 2 47474920 -71.100494 42.387783
3200 2 47498935 -71.104418 42.370017
2650 2 47506297 -71.093149 42.37007
3300 3 47513762 -71.105059 42.377621
2600 2 47522641 -71.103061 42.389383
4450 4 47549472 -71.1037551 42.3728438
3295 2 46822389 -71.079616 42.368581
2895 1 46822381 -71.079552 42.368535
2950 3 46961884 -71.085063 42.38546
2800 3 46961882 -71.087207 42.386999
3150 2 44768663 -71.085104 42.387853
3600 4 41681598 -71.0903766 42.3703722
2950 2 40343601 -71.087601 42.370549
3000 3 22484274 -71.090804 42.382153
4600 4 4344294 -71.0827169 42.3726759
1800 2 15272333 -71.0894970213347 42.3865709919724
3739 1 40143749 -71.0818 42.3704
3100 4 40996118 -71.091112 42.373468
3300 3 40996196 -71.079317 42.368535
2300 1 41521933 -71.080469 42.370194
3000 3 41801240 -71.09022 42.378888
2200 2 41953327 -71.083395 42.389772
2000 1 42535499 -71.085299 42.371587
1200 5 42541299 -71.080861 42.368478
3000 3 45574040 -71.091073 42.390194
3000 3 45744473 -71.082359 42.388981
2900 3 46245212 -71.089225 42.38346
2500 2 46425438 -71.083098 42.369818
2500 2 46453658 -71.08541 42.371408
3900 4 46626239 -71.090333 42.370376
2300 2 46782327 -71.080469 42.370194
2900 3 46905453 -71.080274 42.384621
2550 3 46930345 -71.088163 42.383715
2350 2 46970674 -71.085851 42.388436
2450 3 46970685 -71.089183 42.387239
2000 2 46971613 -71.083542 42.385101
4450 4 46996768 -71.090642 42.379987
2900 3 46996850 -71.080957 42.382125
4250 4 46999274 -71.079646 42.384366
3350 3 47001891 -71.089072 42.380822
3295 2 47030224 -71.079616 42.368581
3395 2 47030225 -71.079616 42.368581
2200 2 47047414 -71.089842 42.371352
2295 2 47047448 -71.086591 42.384715
2700 3 47047449 -71.08888 42.387442
2150 2 47047454 -71.091391 42.378782
2600 2 47051926 -71.089477 42.371249
2200 2 47054707 -71.09081 42.374076
3050 1 47126891 -71.079552 42.368535
2300 2 47134849 -71.086742 42.371571
2700 3 47136052 -71.086798 42.389419
2300 2 47158127 -71.08988 42.379049
2300 3 47206714 -71.0812195 42.3845642
3250 3 47217495 -71.0817 42.3704
2700 2 47218846 -71.089326 42.373446
1700 1 47227690 -71.080192 42.384039
4810 3 47291709 -71.089896 42.370571
4860 3 47291710 -71.089896 42.370571
2300 1 47314609 -71.092094 42.372382
2600 3 47323636 -71.092134 42.389419
2250 2 47372587 -71.089183 42.387239
2895 1 47379149 -71.079785 42.36855
3900 3 47384327 -71.079768 42.371929
2900 3 47437534 -71.086401 42.371665
3150 3 47440265 -71.091073 42.390194
4500 5 47446059 -71.089986 42.388398
3400 3 47446386 -71.089642 42.386958
2500 3 47465604 -71.088387 42.385669
2400 3 47490398 -71.0813703 42.3843463
2600 2 47498440 -71.087178 42.381498
2300 2 47498852 -71.088387 42.385669
2500 2 47510301 -71.089359 42.37327
1500 2 47520154 -71.08223 42.383607
3500 4 47538129 -71.087122 42.384621
3864 1 47545999 -71.0818 42.3704
1350 1 47548557 -71.08223 42.383607
3900 2 47428226 -71.129929 42.392448
3600 3 44673811 -71.126202 42.392167
4500 4 34957376 -71.1206192338951 42.3903446378995
3400 4 41506573 -71.120548 42.400863
3600 4 42055253 -71.120548 42.400863
3200 4 43801268 -71.130622 42.399243
4530 2 43934925 -71.130257 42.398128
2900 1 44806366 -71.12921809742 42.3985896378995
3800 3 45475776 -71.126202 42.392167
4000 5 45851856 -71.123082 42.398348
2775 3 45909299 -71.122963 42.397971
2900 3 46314028 -71.12152 42.401509
3300 3 46594292 -71.122946 42.401053
2600 2 46704889 -71.124123 42.400039
2500 2 46725864 -71.129058 42.400675
2000 1 46745982 -71.126775 42.392296
3000 2 46853507 -71.118804 42.392882
2500 1 46854380 -71.120513 42.392753
3300 4 46905447 -71.13057 42.398762
2400 2 46927981 -71.130261 42.400652
2700 3 46927984 -71.130261 42.400652
2800 2 46985952 -71.1247036 42.399166
3250 2 46996511 -71.121196 42.396767
4200 2 46996597 -71.129642 42.396491
3800 3 46996681 -71.126947 42.393199
2075 0 46996710 -71.123358 42.391222
2075 0 46996772 -71.121646 42.390406
1750 0 46996773 -71.122096 42.398626
3450 3 46996828 -71.124465 42.400832
2000 1 46996858 -71.129655 42.399895
2600 2 46996868 -71.123466 42.398102
2500 1 46996871 -71.130569 42.397252
3500 2 46996877 -71.130894 42.397485
2500 1 46996901 -71.128886 42.395939
3500 2 46996992 -71.128886 42.395939
2400 1 46997115 -71.130894 42.397485
2450 2 46997120 -71.122096 42.398626
2500 3 46997133 -71.128087 42.395212
3000 3 46997135 -71.1217 42.4
2400 1 46998174 -71.123323 42.393329
2700 3 46998177 -71.129642 42.396491
4400 3 46998212 -71.128886 42.395939
2400 1 46998213 -71.128087 42.395212
2200 1 46998308 -71.122096 42.398626
4200 4 46999574 -71.123466 42.398102
3800 4 46999584 -71.129642 42.396491
4300 3 47003039 -71.128087 42.395212
5000 4 47004304 -71.126947 42.393199
3000 3 47004315 -71.1289 42.399595
4500 3 47004332 -71.129642 42.396491
2500 2 47028749 -71.128775 42.399001
3300 3 47044452 -71.126043 42.399204
4500 3 47054568 -71.129642 42.396491
4500 3 47054695 -71.128886 42.395939
6500 4 47148681 -71.126999 42.392662
1850 0 47249594 -71.12657 42.3935546
3000 3 47406855 -71.128775 42.399001
3000 4 47430088 -71.124626 42.400286
4500 3 47446050 -71.129669 42.395132
4500 3 47446083 -71.129669 42.395132
2700 2 47450035 -71.1184569483742 42.3946676497556
2700 3 47456006 -71.122972 42.396397
2975 3 47513697 -71.12511 42.392611
2200 1 47523738 -71.118162 42.397474
5000 5 47538041 -71.128537 42.399873
3400 3 47539113 -71.126234 42.39825
3400 4 46970662 -71.128202 42.403233
3200 4 42240345 -71.120058 42.412453
2250 3 30227692 -71.128091 42.404044
2300 2 41748724 -71.119754 42.402039
3600 4 41892064 -71.125802 42.404219
3500 4 42535525 -71.129794 42.412223
2200 2 42699394 -71.118561 42.401695
3130 3 45891164 -71.126837 42.408649
4000 4 46463809 -71.13071 42.405205
2400 3 46676523 -71.129856 42.405905
3600 4 46764108 -71.128202 42.403233
2800 3 46878449 -71.121946 42.402039
5500 5 46996524 -71.123108 42.410769
3000 3 46996526 -71.12768 42.401623
2975 2 46996568 -71.12246 42.401799
2250 1 46996621 -71.129225 42.408975
5600 4 46996623 -71.129225 42.408975
2250 1 46996677 -71.127245 42.403359
2250 1 46996766 -71.126802 42.404979
2500 2 46997117 -71.121217 42.402075
3250 2 46997118 -71.129225 42.408975
2400 2 46997136 -71.123108 42.410769
2800 3 46999577 -71.128723 42.401636
4000 6 47003038 -71.127435 42.411012
3300 3 47003765 -71.121217 42.402075
3250 2 47004319 -71.129225 42.408975
2600 3 47047438 -71.123179 42.412717
2100 2 47047450 -71.126361 42.402752
2850 2 47158321 -71.129658 42.40736
2700 4 47196507 -71.129485 42.405743
2250 3 47206712 -71.1280292 42.4040249
3000 3 47206936 -71.127023 42.411306
2350 2 47289095 -71.126007 42.40744
4000 4 47379685 -71.127632 42.408023
2000 1 47417378 -71.126319 42.401872
2300 2 47420695 -71.1292357931733 42.4113086497556
2200 2 47447522 -71.124566 42.406075
2000 2 47466393 -71.124688 42.403763
3000 3 47472529 -71.126834 42.411538
900 6 47522773 -71.126632 42.40256
3800 4 47211257 -71.114728 42.400522
3600 2 47177036 -71.111365 42.396063
2295 2 47149985 -71.112642 42.395399
2400 2 46970661 -71.112238 42.395304
1995 1 15296636 -71.1106219 42.4099081
3400 4 25302552 -71.111509 42.395873
3000 5 35829029 -71.1081039189781 42.3978206497556
2600 3 41085689 -71.113251 42.390624
1600 0 41260631 -71.106747 42.391152
5100 5 41365867 -71.115251 42.392971
2050 1 41645937 -71.111399 42.401632
2700 3 41653556 -71.114126 42.409384
2400 2 41801250 -71.112706 42.399868
2775 3 42203675 -71.110365 42.390567
2800 3 42629980 -71.110689 42.409851
3450 3 43011399 -71.117821 42.40944
3450 3 43011400 -71.117684 42.409502
5400 6 45337054 -71.111247 42.403738
4500 5 45337056 -71.116772 42.411806
2000 1 45337192 -71.116296 42.404666
4200 5 45489127 -71.110728 42.41135
2750 3 45766578 -71.116612 42.412029
4000 4 45787767 -71.115821 42.396029
5000 4 45787775 -71.115447 42.40156
3000 2 45976477 -71.109533 42.404887
3000 3 46245206 -71.118092 42.399532
2700 3 46369291 -71.1167393 42.4121134
3600 4 46404642 -71.117195 42.391267
3400 3 46520111 -71.117998 42.3934103
3000 3 46609950 -71.116509 42.390409
3995 5 46636823 -71.109494 42.391132
2500 3 46751784 -71.106886 42.4028424
2850 3 46817422 -71.113412 42.401422
4600 4 46875652 -71.113114 42.391971
2600 3 46925464 -71.1107563 42.4028604
5500 5 46996490 -71.108393 42.400171
4000 4 46996508 -71.116211 42.401338
3300 3 46996569 -71.115774 42.396461
4200 4 46996619 -71.115774 42.396461
3300 3 46996679 -71.111084 42.394529
4000 5 46996765 -71.113737 42.401506
2400 2 46996771 -71.116211 42.401338
4500 3 46996853 -71.113888 42.391541
5000 3 46996854 -71.115323 42.397035
3600 3 46996856 -71.116211 42.401338
2800 2 46996894 -71.111472 42.395595
3350 4 46996898 -71.108736 42.405668
3350 4 46996916 -71.109262 42.407389
2400 2 46997119 -71.109322 42.394843
3700 4 46997697 -71.109322 42.394843
3200 2 46998082 -71.115323 42.397035
3700 4 46998210 -71.113617 42.39626
5200 5 46999582 -71.118096 42.393951
3300 2 47003040 -71.117482 42.391696
3600 3 47011929 -71.116211 42.401338
2950 3 47018403 -71.117831 42.397788
2900 4 47090043 -71.112443 42.403577
3100 2 47100097 -71.117272 42.401214
2400 2 47126893 -71.113162 42.405122
2600 3 47136049 -71.11265 42.405075
2400 2 47177479 -71.112642 42.395399
3000 3 47192703 -71.1161412 42.3916471
2600 3 47218850 -71.111114 42.410944
2700 2 47218851 -71.110195 42.390958
3450 2 47225787 -71.111939 42.400727
2800 3 47255938 -71.113737 42.401506
3500 3 47261731 -71.117357 42.394611
1700 1 47267111 -71.107822 42.410284
2450 2 47280262 -71.10939 42.400352
1800 2 47285569 -71.105616 42.400872
2000 2 47286845 -71.109155 42.406161
2600 2 47307901 -71.109084 42.392001
3500 5 47307902 -71.105857 42.398737
2295 2 47341775 -71.114304 42.400873
2100 2 47389151 -71.106102 42.396215
2400 2 47395812 -71.1104603639941 42.4006167224721
3600 4 47395815 -71.1141428997791 42.3998796497556
2500 2 47404692 -71.1107788 42.4005262
2500 1 47417377 -71.115911 42.392356
3100 3 47446044 -71.109753 42.397826
3400 4 47456013 -71.111436 42.399522
4500 4 47466063 -71.105914 42.399749
4500 4 47466065 -71.105914 42.399749
2400 2 47466602 -71.109222 42.406212
4800 4 47469947 -71.114947 42.4033056
2700 2 47481617 -71.112238 42.39531
2500 3 47506233 -71.107303 42.403459
3075 3 47506289 -71.114281 42.395659
3000 2 47506294 -71.114168 42.39074
2050 2 47513561 -71.106196 42.401747
3300 3 47513671 -71.114328 42.396473
2400 2 47513686 -71.113737 42.401506
3400 4 47518023 -71.1167911 42.4028498
2900 2 47533658 -71.110269 42.395463
4000 4 47538138 -71.116642 42.403843
4000 4 47538162 -71.116679 42.404075
3800 3 46754675 -71.108646 42.417698
3900 3 46763949 -71.108646 42.417698
3500 2 46763950 -71.108646 42.417698
1975 2 46834688 -71.1066 42.4178
5500 5 46996431 -71.1066 42.4178
3600 4 46997107 -71.122384 42.413612
3700 4 46998173 -71.129496 42.416625
4600 5 46999580 -71.129496 42.416625
2650 3 47003037 -71.116351 42.414322
3000 3 47004337 -71.129496 42.416625
3200 4 47056972 -71.129682 42.416255
2900 3 47292386 -71.1154913 42.4173524
2600 2 47313936 -71.129496 42.416625
2200 2 47395809 -71.1143432296716 42.4156437224721
2600 2 47507367 -71.115068 42.416753
3800 5 47538121 -71.108887 42.418996
4150 2 47433042 -71.082122 42.414862
3200 4 47211262 -71.097467 42.399189
3400 4 47158130 -71.100238 42.392418
3500 4 46970719 -71.096297 42.395229
2975 3 46970675 -71.103782 42.395773
2300 2 46961796 -71.082385 42.409198
2000 1 46813768 -71.0898 42.3914
2210 0 46399231 -71.094958 42.40601
3458 4 46875654 -71.089907 42.394281
1300 0 41964388 -71.088698 42.423867
5650 5 42240965 -71.104187 42.393989
2195 1 38781677 -71.096909 42.394753
2232 0 36275660 -71.080116 42.403796
3400 4 46775097 -71.101291 42.391826
2735 0 31371254 -71.080795 42.394186
2735 0 22915731 -71.080442 42.395356
1500 1 14832019 -71.1020646 42.3989485
2500 2 19165833 -71.0896121883271 42.4202667224721
1750 2 28604541 -71.1020646 42.3989485
2400 3 40486032 -71.08423 42.411792
3125 3 40996073 -71.096909 42.394753
3892 2 40996231 -71.080442 42.395356
4850 3 40996401 -71.080442 42.395356
5500 7 40996417 -71.098985 42.394388
5400 5 40996424 -71.103646 42.390597
3600 3 41221116 -71.096909 42.394753
3600 3 41221117 -71.096909 42.394753
3000 3 45337048 -71.0946071553 42.4239567225
2700 3 46404233 -71.092349 42.394304
2400 2 46584536 -71.103158 42.402184
2200 2 46661958 -71.101096 42.423326
3800 4 46725865 -71.095474 42.392868
2500 2 46778725 -71.085114 42.412238
3300 4 46789711 -71.1012862 42.3918242
2700 3 46970677 -71.09767 42.396868
3000 3 46971609 -71.087802 42.396705
2200 2 46996488 -71.10495 42.400176
2250 2 46996867 -71.081236 42.405879
3500 4 46998084 -71.104258 42.397432
2650 3 47047456 -71.090567 42.391418
2400 2 47090942 -71.080098 42.407006
2300 2 47109504 -71.097644 42.418839
4250 5 47157503 -71.096525 42.397419
1650 1 47202938 -71.0798677 42.4195448
2600 3 47271344 -71.095578 42.396873
1900 1 47286806 -71.092317 42.391365
1650 1 47308162 -71.099363 42.394685
2000 2 47310086 -71.0957618 42.3932195
3250 4 47323634 -71.089907 42.394281
3250 4 47323635 -71.089907 42.394281
3542 4 47324219 -71.090005 42.394204
1600 0 47386679 -71.080098 42.407006
3200 4 47389149 -71.105096 42.420629
3400 3 47394163 -71.08788 42.421594
1850 1 47397329 -71.10174 42.397115
1650 1 47466061 -71.083921 42.426358
1900 1 47469892 -71.088274 42.417057
2700 3 47497065 -71.092959 42.42428
2600 3 47510299 -71.080274 42.407635
2300 3 47510300 -71.084028 42.410944
2400 2 47522909 -71.102807 42.418608
4150 4 47549221 -71.090005 42.394204
2995 2 47549517 -71.0934 42.392806
2400 2 47494643 -71.077598 42.290448
1950 2 46603874 -71.029328 42.270706
2185 0 45940462 -71.029927 42.277176
3000 3 44675917 -71.069573 42.283978
1625 1 34912123 -71.030065 42.283839
1801 0 43744563 -71.031113 42.273716
2650 3 37482439 -71.054975 42.2960569
3400 4 39523084 -71.0538857 42.296333
4200 5 40771515 -71.067068 42.277033
2550 2 44648335 -71.071494 42.271387
2300 3 44791471 -71.0712031 42.2808937
2250 1 45807721 -71.068662 42.271594
2900 3 46252715 -71.0633569 42.2950154
2000 2 46574828 -71.059782 42.2931041
2400 1 46727138 -71.070073 42.298426
2600 2 47085651 -71.063961 42.28025
2395 3 47102895 -71.040759 42.291097
2075 2 47108666 -71.035349 42.263324
1500 1 47135559 -71.066256 42.290248
2600 4 47164797 -71.069941 42.299163
1850 1 47188148 -71.029046 42.270873
3070 1 47257730 -71.067379 42.271849
3600 5 47319902 -71.028001 42.278035
3300 4 47324287 -71.065368 42.287906
2200 3 47332134 -71.0721 42.2872
2800 3 47364779 -71.032206 42.2803945
2200 3 47374889 -71.075013 42.292548
2800 4 47397492 -71.065505 42.288055
4500 5 47414784 -71.076676 42.286442
3200 3 47423978 -71.032389 42.258355
3200 3 47448702 -71.0478036 42.2573783
2550 2 47465312 -71.070668 42.269867
2300 2 47465608 -71.078527 42.277536
1000 1 47496942 -71.065678 42.298563
2650 2 47517459 -71.053055 42.293682
3000 3 47519558 -71.0659372 42.2799091
1650 2 47550159 -71.030213 42.279149
2400 2 47494662 -71.062462 42.321264
2800 3 47220029 -71.063862 42.320244
3000 3 46962997 -71.069379 42.305775
3000 3 46962940 -71.062739 42.317113
2700 3 46828673 -71.062843 42.300972
2500 3 46455662 -71.077652 42.301916
2650 0 45887908 -71.054213 42.319323
3000 3 46488926 -71.07889 42.316
2400 2 41542244 -71.055399 42.319143
2300 2 36098650 -71.07624 42.32032
3000 3 25825566 -71.077768 42.308538
2450 3 40896315 -71.07789 42.311962
799 1 42930542 -71.0627998 42.305733
2250 3 46322949 -71.063843 42.310309
2500 3 46378235 -71.058337 42.321656
2200 2 46522273 -71.058192 42.3041368
2850 3 46662848 -71.070965 42.301091
3150 4 46714183 -71.067748 42.31
700 3 46722315 -71.067393 42.3014
2300 2 46804025 -71.0620106 42.3161859
3400 4 46913079 -71.060389 42.320701
2550 3 47032522 -71.055688 42.319995
2450 3 47062104 -71.077336 42.307701
2800 4 47120539 -71.0656319 42.3137583
2695 4 47266971 -71.062739 42.318953
2400 2 47276222 -71.0686622 42.3011322
2300 2 47342251 -71.069445 42.304714
2350 2 47342254 -71.067897 42.306175
2800 3 47396775 -71.069103 42.308766
3250 4 47400402 -71.0749868 42.3189773
1050 1 47434658 -71.056311 42.321502
3100 4 47465518 -71.071469 42.302577
2900 4 47513368 -71.077917 42.304508
2150 2 47537510 -71.067421 42.307087
2800 4 47537532 -71.075202 42.317604
3595 0 47118089 -71.064023 42.343769
2300 1 45359302 -71.0681273 42.3437741
2844 0 42025693 -71.064173 42.345127
3200 3 43817371 -71.06943 42.323198
2665 0 32489209 -71.062692 42.343617
2970 0 37957672 -71.073146 42.337275
3430 1 29676905 -71.067778 42.340039
3435 1 26405791 -71.068059 42.340127
2195 0 33155451 -71.074108 42.343558
4118 1 36345202 -71.062835 42.345165
2500 0 39322690 -71.0744856 42.344787
1650 0 41314268 -71.0763748 42.3417238
2350 2 42030657 -71.070435 42.342398
3000 1 45548117 -71.0755246 42.3423027
1259 1 45649314 -71.05662 42.34255
7041 1 45649319 -71.06593 42.34517
6320 2 45649321 -71.06593 42.34517
2349 1 45649325 -71.07644 42.34447
1836 1 45649327 -71.07638 42.34452
2349 1 45649328 -71.07647 42.34453
1782 1 45649331 -71.07639 42.34455
1836 1 45649332 -71.07639 42.34454
1863 1 45649333 -71.0764 42.34454
2349 1 45649334 -71.07639 42.34455
2349 1 45649336 -71.07639 42.34454
1782 1 45649348 -71.07648 42.34453
2349 1 45649349 -71.07645 42.34449
2349 1 45649350 -71.07645 42.3445
3870 1 45649353 -71.07301 42.34291
2610 1 45649354 -71.07645 42.34449
2760 2 45649371 -71.07041 42.32958
2070 1 45813520 -71.07644 42.34447
2040 1 45813521 -71.07644 42.34447
2349 1 45813531 -71.07636 42.34448
1863 1 45813532 -71.07636 42.34448
1863 1 45813533 -71.07636 42.34448
1728 1 45813534 -71.07636 42.34448
1836 1 45813535 -71.07636 42.34448
1782 1 45813536 -71.07636 42.34448
1782 1 45813537 -71.07636 42.34448
1782 1 45813538 -71.07636 42.34448
1980 1 45813539 -71.07636 42.34448
1980 1 45813540 -71.07636 42.34448
2610 1 45813541 -71.07636 42.34448
1980 1 46451634 -71.07636 42.34448
2700 1 46902574 -71.0563232 42.3348795
4562 2 46991538 -71.0627 42.325374
2838 1 46991540 -71.0627 42.325374
4306 1 46991547 -71.068622 42.338332
4700 3 46994200 -71.076646 42.335872
2500 0 46994786 -71.073563 42.345279
3075 2 46995007 -71.072965 42.343709
2841 0 46998276 -71.062521 42.325473
3300 2 46998326 -71.05371 42.330188
4500 2 47011646 -71.074861 42.338327
3851 0 47030685 -71.068622 42.338332
4879 2 47076471 -71.068622 42.338332
2800 1 47148642 -71.07924 42.337719
3000 1 47239263 -71.0755246 42.3423027
3700 1 47257728 -71.071965 42.337289
3600 1 47264180 -71.071965 42.337289
3610 1 47264181 -71.071965 42.337289
3690 1 47264182 -71.071965 42.337289
3100 1 47264184 -71.078433 42.345326
4750 2 47278456 -71.0657087 42.3422461
2800 1 47318171 -71.0563 42.3295839
2295 1 47342573 -71.072953 42.34381
1925 1 47358936 -71.056569 42.330303
2400 2 47377251 -71.0563326 42.3302862
4200 2 47396471 -71.073535 42.336508
2900 5 47402625 -71.0772876 42.3242568
1650 1 47402648 -71.0772447 42.3242318
2500 0 47416626 -71.074487 42.344799
3950 1 47446256 -71.074202 42.345109
3800 4 47446421 -71.057134 42.328129
3000 1 47447127 -71.066524 42.338736
2775 2 47447128 -71.076624 42.341555
3500 1 47447130 -71.069489 42.344449
4250 2 47474341 -71.078535 42.341884
2970 1 47498304 -71.073571 42.338843
3500 2 47517166 -71.0759368 42.3378143
7900 4 47517208 -71.0786776 42.3427998
7900 5 47537540 -71.078668 42.342799
16145 2 47545399 -71.07644 42.34447
3500 2 40025280 -71.048961 42.340109
2500 1 39004030 -71.0395579 42.3191719
2800 1 35001591 -71.043565 42.330957
2695 0 35001582 -71.048995 42.34062
2182 0 35622095 -71.051337 42.318892
5000 4 40673219 -71.0318317 42.3308959
2200 1 43757908 -71.0376067 42.3357739
1595 0 44219317 -71.044882 42.335249
4500 3 44399365 -71.0511232 42.3334709
4750 1 44851703 -71.048995 42.34062
5000 3 44917816 -71.0504036 42.3383049
2500 1 45363865 -71.0418304 42.3364739
1082 1 45649315 -71.04498 42.33573
6489 1 46658407 -71.049484 42.341185
6993 1 46658410 -71.049484 42.341185
3800 2 46901948 -71.0526786 42.3402903
2575 3 46913072 -71.052373 42.315113
7497 1 46943569 -71.049484 42.341185
2700 1 46965563 -71.0436946 42.3371765
2975 3 47032515 -71.044813 42.334469
4002 2 47080415 -71.0491732 42.3322464
4010 2 47257722 -71.051688 42.33563
4010 2 47257723 -71.051688 42.33563
4010 2 47257724 -71.051666 42.335627
5933 2 47372660 -71.0461 42.3347
1800 1 47379799 -71.0517075 42.3122684
4349 1 47446726 -71.0461 42.3347
1895 2 47461266 -71.0392829 42.3319869
3300 2 47474376 -71.051529 42.339486
6780 3 47481354 -71.047617 42.332264
4280 2 47481355 -71.047617 42.332264
2700 1 47511331 -71.02756 42.3367355
4300 2 47518699 -71.0512626 42.3396362
4000 1 47519073 -71.034371 42.338223
2400 1 47520157 -71.051146 42.334137
3000 2 47537615 -71.051555 42.337872
2299 1 46778692 -71.009348 42.257098
2000 1 40280875 -71.018344 42.265903
2500 4 46503494 -71.024578 42.2682435
2000 2 46667617 -71.0263528 42.2758673
1895 2 47377939 -71.026267 42.278482
1600 1 47386505 -71.008305 42.256802
2800 3 47403256 -71.022726 42.282143
3800 4 47479749 -71.017443 42.256928
1850 2 47491011 -71.026204 42.277401
1650 1 47516402 -70.998826 42.261539
1600 1 47517299 -71.0258937 42.2730526
1795 2 47531673 -71.002549 42.255913
2849 0 46753016 -71.078353 42.367627
3402 0 46603522 -71.073929 42.348755
3000 2 45149999 -71.068239 42.359802
2950 2 45760652 -71.066524 42.360873
4177 1 42027310 -71.078668 42.346047
4800 2 46343447 -71.069458 42.349803
3640 0 22917431 -71.07924 42.348555
2615 0 16555341 -71.068278 42.364334
2580 0 17810853 -71.068661 42.364386
2800 1 26728896 -71.0785609 42.353181
4900 2 30453161 -71.074448 42.355234
2850 1 30969939 -71.075082 42.352272
3500 1 34111458 -71.0755207 42.3521366
5800 2 34111557 -71.0755207 42.3521366
2450 2 34631672 -71.0667577 42.3601894
3200 2 35169597 -71.070061 42.3484164
3600 3 35526590 -71.0690215 42.3594653
3050 1 36667066 -71.0785151 42.3540398
2850 0 36678060 -71.0785151 42.3540398
2850 0 36678066 -71.0785151 42.3540398
2400 2 38722450 -71.0682455 42.3602977
1600 0 39105182 -71.0675818 42.3598384
3622 1 45649313 -71.07072 42.35849
4290 1 45649339 -71.0721 42.34842
4122 1 45903309 -71.07248 42.34913
3730 1 46519529 -71.069458 42.349803
10770 1 46658389 -71.075844 42.346398
10770 1 46658392 -71.075844 42.346398
10770 1 46658396 -71.075844 42.346398
4450 2 46691041 -71.0709246 42.3560187
7800 2 46696311 -71.068468 42.364702
7800 2 46696313 -71.069939 42.363311
5500 2 46696314 -71.069614 42.365514
7500 2 46727139 -71.068854 42.365162
2900 1 46773213 -71.078435 42.354073
2750 1 46943578 -71.078435 42.354073
2750 1 46943580 -71.076811 42.3492
3950 1 46948583 -71.0686728 42.3496868
2750 1 46956038 -71.078435 42.354073
2850 1 46956039 -71.078435 42.354073
2100 0 46993323 -71.069083 42.359396
1900 0 46994133 -71.067881 42.359834
5100 3 46994906 -71.07324 42.35496
2850 2 46995004 -71.067608 42.35941
3875 3 46995304 -71.066662 42.360448
2850 2 46995305 -71.067843 42.35918
2850 2 46995355 -71.066739 42.359913
3875 3 46995520 -71.068793 42.360189
3300 2 46995801 -71.071668 42.358955
1995 1 46996063 -71.06847 42.359458
2095 0 46996873 -71.066739 42.35918
2625 1 46997360 -71.068363 42.359664
4500 2 46997588 -71.073861 42.354449
2950 2 46997610 -71.067319 42.360189
3699 3 46997614 -71.067534 42.360219
2295 1 46998193 -71.066539 42.350019
3875 3 46998337 -71.067881 42.359344
2295 0 46998395 -71.069989 42.359402
2495 1 46998396 -71.069989 42.359402
2895 2 46999304 -71.069124 42.35935
2795 2 46999308 -71.069288 42.359344
2195 1 46999310 -71.069124 42.35935
1995 0 47001076 -71.066539 42.350019
4250 2 47005829 -71.071682 42.346354
2400 1 47008913 -71.070783 42.34842
5520 1 47135561 -71.078768 42.345591
5300 1 47135563 -71.07863 42.345661
2850 1 47148637 -71.078435 42.354073
2650 1 47148641 -71.069611 42.359591
2850 1 47148643 -71.076811 42.3492
10770 2 47167440 -71.075844 42.346398
5200 1 47167441 -71.070237 42.363573
7200 2 47176654 -71.067519 42.365245
10770 1 47188152 -71.069458 42.349932
5760 1 47202916 -71.07438 42.34948
6130 2 47251497 -71.07859 42.35006
10770 1 47252198 -71.073929 42.348755
3640 0 47288964 -71.073929 42.348755
3290 0 47288965 -71.073929 42.348755
6561 1 47303055 -71.07587 42.34664
2400 0 47313602 -71.077349 42.350733
4800 3 47323006 -71.075808 42.345695
1995 0 47332893 -71.067992 42.358733
2795 2 47365483 -71.067534 42.360219
2875 2 47379078 -71.06695 42.360718
1750 0 47459593 -71.072336 42.346768
2250 0 47491741 -71.071676 42.345617
1700 0 47503636 -71.074225 42.354769
6160 1 47512190 -71.06984 42.34842
6190 1 47512191 -71.07074 42.34839
6570 1 47512192 -71.07194 42.34842
6940 1 47512193 -71.0696 42.34858
6170 1 47512194 -71.0696 42.34858
1600 0 47532989 -71.0784455 42.353601
2824 0 22915530 -71.063961 42.351344
3040 0 16557465 -71.062103 42.351972
2400 1 29908264 -71.059782 42.353755
2750 2 30304480 -71.0609892 42.3517711
3920 1 39447721 -71.059208 42.35214
4572 2 41048847 -71.064162 42.350901
3965 2 41858007 -71.061279 42.35629
2430 0 41997071 -71.058803 42.354893
2610 1 44095067 -71.058803 42.354893
3170 0 44851706 -71.064309 42.348353
3990 1 44851707 -71.064309 42.348353
4200 1 44851708 -71.064309 42.348353
3453 1 45649318 -71.0608 42.35209
3606 1 45649320 -71.06083 42.35224
1650 1 45649322 -71.06426 42.35226
2160 1 45649351 -71.06215 42.35509
1200 1 45649360 -71.06462 42.35145
1500 1 45649361 -71.06462 42.35145
2175 1 45649362 -71.06462 42.35145
2268 3 45649372 -71.06239 42.34815
2130 1 45649374 -71.06203 42.35521
14320 1 45903308 -71.06087 42.35529
17620 1 45903311 -71.06462 42.35145
5880 1 45903316 -71.06462 42.35145
8000 1 45953694 -71.0621 42.3552
3670 2 46009581 -71.057308 42.352012
6400 1 46241310 -71.06215 42.35509
10770 2 46658419 -71.062939 42.348591
10770 1 46658421 -71.062939 42.348591
4000 2 46693064 -71.05723 42.355705
2500 1 46734752 -71.064559 42.351449
3498 0 46998233 -71.060346 42.349412
3423 1 46998792 -71.060346 42.349412
4431 2 47046027 -71.062654 42.352142
2325 1 47051912 -71.062288 42.355972
3900 2 47051918 -71.063389 42.354439
5681 1 47100865 -71.063573 42.350671
5603 1 47100866 -71.065245 42.3503
4984 1 47100879 -71.065818 42.350651
5300 1 47148634 -71.063239 42.351733
5751 2 47186551 -71.06258 42.34747
10770 2 47196796 -71.062939 42.348591
2150 0 47240595 -71.0639027 42.3522094
6495 2 47254431 -71.065611 42.34662
11970 3 47270364 -71.062939 42.348591
4471 1 47279779 -71.063611 42.350581
6495 2 47291186 -71.065611 42.34662
10770 2 47303659 -71.062939 42.348591
11970 3 47361051 -71.062939 42.348591
10770 2 47456669 -71.062939 42.348591
6368 1 47474690 -71.06091 42.352085
6368 1 47474691 -71.06091 42.352085
6368 1 47474692 -71.06091 42.352085
6368 1 47474693 -71.06091 42.352085
6368 1 47474694 -71.06091 42.352085
8288 2 47474695 -71.06091 42.352085
7968 2 47474696 -71.06091 42.352085
5728 1 47474697 -71.06091 42.352085
5728 1 47474700 -71.06091 42.352085
6368 1 47474701 -71.06091 42.352085
5728 1 47474702 -71.06091 42.352085
5728 1 47474703 -71.06091 42.352085
6048 1 47474705 -71.06091 42.352085
8608 2 47474706 -71.062959 42.346314
5728 1 47474708 -71.06091 42.352085
5728 1 47474709 -71.06091 42.352085
5728 1 47474710 -71.06091 42.352085
7968 2 47474711 -71.06091 42.352085
7968 2 47474712 -71.06091 42.352085
6688 1 47474714 -71.06091 42.352085
6048 1 47474715 -71.06091 42.352085
8288 2 47474720 -71.06091 42.352085
6048 1 47474721 -71.06091 42.352085
6688 1 47474722 -71.06091 42.352085
6688 1 47474723 -71.06091 42.352085
5728 1 47474724 -71.06091 42.352085
6368 1 47474725 -71.06091 42.352085
6368 1 47474726 -71.06091 42.352085
6368 1 47474727 -71.06091 42.352085
6048 1 47474728 -71.06091 42.352085
4334 1 47474994 -71.062724 42.351523
3381 1 47498305 -71.061334 42.352303
10770 2 47499016 -71.062939 42.348591
11970 3 47499017 -71.062939 42.348591
10770 2 47499018 -71.062939 42.348591
3775 1 45998342 -71.064497 42.365031
2500 0 41964521 -71.062421 42.358244
2325 0 44977072 -71.0627418 42.3586489
2670 2 45371331 -71.065327 42.360627
2450 1 33535296 -71.065535 42.365627
2835 0 29673534 -71.065368 42.367606
2835 0 22918654 -71.063294 42.36595
2975 0 16557570 -71.060562 42.365162
2355 0 64800 -71.063958 42.362819
3525 2 36987032 -71.06369 42.362765
4000 1 37163370 -71.061656 42.365661
4000 1 37197276 -71.061656 42.365661
4250 1 37240024 -71.061656 42.365661
4000 1 37354443 -71.061656 42.365661
3550 0 37923985 -71.061656 42.365661
4000 1 39088607 -71.061656 42.365661
3180 1 39690056 -71.061151 42.365454
3300 1 39690057 -71.061151 42.365454
3380 1 39690058 -71.061151 42.365454
4320 1 43146648 -71.061656 42.365661
2875 1 43205137 -71.06369 42.362765
4250 1 43231664 -71.061656 42.365661
1836 1 45649324 -71.06355 42.36017
2550 2 45649359 -71.06216 42.36513
3738 1 45649363 -71.06271 42.35844
4572 1 45649364 -71.06271 42.35844
2520 2 45649366 -71.06079 42.36534
2550 2 45649376 -71.06473 42.36494
2070 1 45813522 -71.06346 42.36017
2070 1 45813523 -71.06346 42.36017
2349 1 45813524 -71.06346 42.36017
1863 1 45813525 -71.06346 42.36017
2349 1 45813526 -71.06346 42.36017
2349 1 45813527 -71.06346 42.36017
2349 1 45813528 -71.06346 42.36017
2349 1 45813529 -71.06346 42.36017
2349 1 45813530 -71.06346 42.36017
3435 1 45813542 -71.06423 42.35974
8955 1 45903312 -71.06346 42.36017
9950 1 45903314 -71.06346 42.36017
8955 1 45903317 -71.06346 42.36017
9950 1 45903319 -71.06346 42.36017
3200 2 46400234 -71.065804 42.360197
4725 1 46658404 -71.065647 42.365819
1900 1 46704670 -71.06362 42.361064
2550 1 46716709 -71.06442 42.35978
2598 1 46995048 -71.065871 42.359458
2998 2 46995049 -71.064319 42.360675
3660 3 46995708 -71.064319 42.360675
2395 1 46996794 -71.064545 42.359004
2850 2 46997615 -71.066079 42.360107
3750 3 46998830 -71.0649 42.359758
2300 1 46999075 -71.06347 42.360386
3200 2 47000849 -71.064545 42.359073
7995 3 47100546 -71.0653 42.3631
4415 1 47100639 -71.0653 42.3631
5834 1 47100867 -71.06158 42.358099
5045 1 47100868 -71.063469 42.357689
2700 1 47135556 -71.06625 42.363675
2800 1 47135566 -71.06362 42.361064
3500 1 47148653 -71.063103 42.360535
2800 2 47257309 -71.063871 42.360439
3750 2 47386504 -71.05991 42.363659
2402 0 47474563 -71.0653 42.3631
4821 2 47474573 -71.0653 42.3631
2534 0 47523257 -71.0653 42.3631
4785 3 45115703 -71.055569 42.362945
2200 2 44905443 -71.05726 42.365554
5953 2 43255265 -71.059 42.3658
3883 1 42026803 -71.057583 42.35829
2300 1 45481314 -71.055431 42.363107
3065 1 31062319 -71.054193 42.35914
2400 2 30227881 -71.0562419 42.3645353
2500 2 32085927 -71.0555941 42.3652495
2495 1 33100702 -71.0559509 42.3672563
2200 2 33207227 -71.0556337 42.3660717
1900 2 41544387 -71.0576928 42.366648
3804 1 41997221 -71.054146 42.357733
4374 2 44095066 -71.054146 42.357733
2520 1 45649367 -71.05496 42.36332
2520 2 45649368 -71.05744 42.35712
2850 2 45891856 -71.055702 42.366378
3200 2 46547967 -71.057488 42.366071
2400 2 46858154 -71.0545649 42.3655348
3415 1 46989767 -71.058717 42.364616
3574 1 46990305 -71.05812 42.361984
4400 2 46990480 -71.053976 42.359043
2850 2 46995636 -71.056033 42.365873
2650 2 46996810 -71.056529 42.363945
3600 3 46998831 -71.056033 42.365873
2919 0 47001458 -71.05812 42.361984
3875 2 47001463 -71.058717 42.364616
4495 2 47023576 -71.0551778 42.3634415
2300 2 47024454 -71.0547262 42.3664099
2575 2 47032512 -71.059161 42.35755
3850 2 47069789 -71.054403 42.367429
6500 1 47135562 -71.05491 42.363145
4575 1 47148645 -71.057964 42.364504
2500 2 47231776 -71.0556889 42.3638675
3795 3 47259561 -71.055464 42.363319
2500 2 47259569 -71.055983 42.363964
2950 2 47259610 -71.059616 42.359401
3850 2 47265237 -71.054403 42.367429
2800 2 47274805 -71.0553714 42.3646556
2710 1 47291707 -71.054403 42.367429
4060 2 47291708 -71.054403 42.367429
2300 2 47293167 -71.055951 42.364027
2600 2 47297111 -71.0575206 42.3663987
3200 1 47374921 -71.054403 42.367429
3975 3 47379064 -71.059616 42.359401
2695 2 47406704 -71.056193 42.365518
2695 2 47416573 -71.055985 42.365912
5000 4 47436787 -71.055464 42.363319
2500 3 47461078 -71.0579365 42.3665876
3850 2 47469196 -71.055417 42.364689
3700 2 47470320 -71.055417 42.364689
3800 2 47470321 -71.055417 42.364689
5019 2 47473861 -71.05812 42.361984
3195 1 47498303 -71.053976 42.359043
1725 0 47498603 -71.056529 42.363945
2400 2 47511718 -71.056425 42.366689
2400 2 47517991 -71.056389 42.366478
2246 0 46786369 -71.073163 42.370069
2255 0 32580828 -71.074349 42.383561
2820 0 39433095 -71.07389 42.370468
2756 1 5464805 -71.077709 42.384669
4419 2 38634875 -71.072189 42.371738
3500 2 42029536 -71.071676 42.370097
3700 2 42029539 -71.07169 42.370194
3490 1 43402604 -71.06166 42.380893
3050 1 44382984 -71.06166 42.380893
4350 2 45171236 -71.076474 42.385892
4360 2 45171238 -71.076474 42.385892
2900 3 45567002 -71.063939 42.372629
4400 2 45821920 -71.068804 42.381398
2600 0 46078191 -71.06166 42.380893
3060 0 46078193 -71.06166 42.380893
2100 1 46712774 -71.061905 42.3805792
2909 1 46989786 -71.078323 42.372086
2540 0 46990359 -71.063987 42.372258
3672 2 46990692 -71.074451 42.383903
2953 1 46991544 -71.0749 42.3874
2540 0 46991546 -71.0749 42.3874
4200 4 47017083 -71.078909 42.384361
4000 2 47030648 -71.066079 42.376268
2800 1 47108952 -71.062729 42.375214
4000 2 47148657 -71.067519 42.381073
4500 1 47148684 -71.071346 42.369725
3594 2 47244446 -71.0749 42.3874
3780 1 47257726 -71.07857 42.372826
3550 1 47257727 -71.07857 42.372826
2675 2 47268703 -71.061756 42.377651
9000 3 47314360 -71.070258 42.382209
2600 2 47323630 -71.078069 42.383043
3000 3 47323631 -71.078069 42.383043
4200 3 47357015 -71.0667847 42.3774267
2800 1 47370865 -71.0631093 42.3730747
2900 2 47387576 -71.069927 42.382253
4330 2 47423730 -71.07349 42.370491
2775 0 47423736 -71.07349 42.370491
3130 1 47423743 -71.07349 42.370491
2960 1 47445038 -71.077934 42.384972
3500 2 47464408 -71.062854 42.373368
2330 1 47473858 -71.071379 42.379785
3600 1 47533217 -71.07857 42.372826
3800 2 47547987 -71.059329 42.374105
2647 0 46865902 -71.046259 42.351591
3200 1 46732024 -71.046698 42.348982
2995 0 42444222 -71.052688 42.36428
4950 2 42444212 -71.052644 42.365962
3428 0 42025989 -71.045738 42.352532
3270 1 44094837 -71.0446 42.34942
1950 1 41965990 -71.052618 42.364627
2538 0 42025908 -71.04609 42.353146
2698 0 42025783 -71.043138 42.351472
2804 0 43459169 -71.044412 42.351135
2855 0 40268767 -71.0447 42.3492
2749 0 12513818 -71.047646 42.349582
3275 0 16555754 -71.048628 42.348768
3000 2 37428375 -71.0522143 42.3652293
2390 0 39088608 -71.049782 42.365219
3466 0 41363241 -71.045439 42.353725
4230 1 42541033 -71.046698 42.348983
4200 1 42541034 -71.046698 42.348983
4350 1 42541035 -71.046698 42.348983
3650 0 42691181 -71.046698 42.348983
26850 3 45649316 -71.05266 42.36428
4531 1 45649317 -71.04305 42.35151
4320 1 45649335 -71.05266 42.36428
2295 2 45649358 -71.05177 42.36239
3720 1 45649370 -71.04025 42.36583
2268 2 45649373 -71.05108 42.36367
5010 1 45813514 -71.0533 42.35912
3400 2 46408232 -71.048882 42.352117
10770 1 46658400 -71.05265 42.361456
10770 1 46658406 -71.05265 42.361456
10770 1 46658409 -71.05265 42.361456
10770 1 46658425 -71.05265 42.361456
10770 1 46658427 -71.05265 42.361456
5600 2 46943572 -71.043138 42.351472
2476 0 46990260 -71.038672 42.366345
3610 2 46991284 -71.040601 42.367831
4995 2 47009070 -71.052644 42.357307
9127 3 47030767 -71.04804 42.354014
2400 3 47095463 -71.037154 42.367571
5737 3 47099856 -71.038672 42.366345
5460 3 47099859 -71.040601 42.367831
9500 2 47148624 -71.043138 42.351472
8500 2 47148627 -71.043138 42.351472
6900 2 47148630 -71.043138 42.351472
9500 2 47148631 -71.043138 42.351472
6870 2 47148632 -71.04104 42.348194
5500 2 47148633 -71.043365 42.351759
3280 1 47148652 -71.048628 42.348768
5627 3 47161151 -71.0403123 42.3657617
7000 4 47181192 -71.0528643 42.3647095
2400 0 47182294 -71.0528643 42.3647095
3450 1 47182334 -71.0528643 42.3647095
3350 1 47182357 -71.0528643 42.3647095
5670 2 47186552 -71.05161 42.35879
10770 2 47188150 -71.05265 42.361456
10770 2 47188153 -71.05265 42.361456
10770 2 47196795 -71.05265 42.361456
4500 2 47231781 -71.050599 42.363346
3500 2 47309879 -71.0506801 42.3660596
3600 3 47318107 -71.0529254 42.365122
3071 1 47323421 -71.044138 42.350155
2400 0 47337141 -71.0528643 42.3647095
3400 4 47384959 -71.030969 42.365245
1800 3 47392636 -71.031321 42.3650329
2919 0 47461955 -71.0415097 42.3485928
2920 1 47473850 -71.051053 42.363719
5728 1 47474699 -71.040079 42.366378
5728 1 47474707 -71.040079 42.366378
7328 1 47474713 -71.045513 42.353622
5728 1 47474716 -71.040079 42.366378
5728 1 47474717 -71.040079 42.366378
6368 1 47474718 -71.040079 42.366378
5728 1 47474719 -71.040079 42.366378
1800 2 47495993 -71.0301328 42.3646884
4792 1 47504061 -71.047035 42.354011
4945 2 47507401 -71.046331 42.352299
2650 1 47522899 -71.041399 42.367362
2600 2 47522929 -71.036808 42.366027
3830 1 47523483 -71.043037 42.349265
3930 1 47533218 -71.048628 42.348768
4160 1 47533219 -71.048628 42.348768
6000 2 47545630 -71.051311 42.364978
3000 4 46871411 -71.034641 42.389358
2100 2 47228690 -71.033927 42.378049
2675 3 46664510 -71.034627 42.377152
3400 2 46269325 -71.03528 42.379846
3000 2 41418787 -71.033275 42.369297
2572 0 40258454 -71.049491 42.378297
3100 2 32139418 -71.038475 42.367945
1850 1 39698772 -71.0347549 42.3683162
1500 1 44361017 -71.0330552 42.3760882
2800 3 45689354 -71.0370087 42.3818302
1300 3 46821245 -71.034242 42.378846
2850 3 46941132 -71.0360224 42.3773365
3000 3 46996233 -71.039638 42.370606
2400 3 47009377 -71.035419 42.378287
2400 2 47015480 -71.037786 42.370512
2675 2 47030168 -71.037146 42.378559
3200 2 47051914 -71.050607 42.377769
2600 2 47077060 -71.0325 42.370782
3200 5 47085387 -71.031186 42.378749
2400 4 47148636 -71.030257 42.389242
2450 4 47148638 -71.030127 42.38913
3500 3 47218194 -71.042099 42.371679
4200 2 47220999 -71.0438743527245 42.3680285775331
2600 2 47313924 -71.040012 42.38758
2600 2 47313964 -71.040495 42.38726
2300 2 47323000 -71.032884 42.374682
2100 2 47379294 -71.038873 42.373749
3200 4 47379315 -71.038748 42.382442
3400 4 47384953 -71.032308 42.380242
3500 3 47394162 -71.037292 42.377682
1750 0 47470162 -71.0416117 42.3883699
3450 3 47473709 -71.038122 42.377629
1750 0 47474303 -71.041617 42.388336
2500 1 47522911 -71.035257 42.368031
3495 4 47523691 -71.033589 42.379021
2800 2 47534219 -71.030437 42.377316
3000 3 47534220 -71.033391 42.369532
3450 3 47534226 -71.030437 42.377316
1900 2 47047581 -71.061992 42.414212
2330 0 45883577 -71.072293 42.427154
4000 4 42375606 -71.076682 42.42854
1695 1 41965293 -71.077435 42.428646
2348 1 42026720 -71.063083 42.425776
1350 0 41964370 -71.077069 42.427594
1800 2 41965515 -71.070452 42.427843
1350 0 42477530 -71.034769 42.393085
1250 0 42043405 -71.034679 42.39331
1950 2 47272434 -71.066059 42.431293
2550 1 41690121 -71.036778 42.39045
2250 0 39441565 -71.0724254 42.4281271
2270 1 30604098 -71.074086 42.427976
2385 0 29849317 -71.076309 42.412065
2000 2 41776574 -71.061534 42.400294
2600 3 16787582 -71.057356 42.418013
1200 3 35105587 -71.0339 42.3966
2700 1 22915452 -71.07884 42.395262
3038 1 22216653 -71.075509 42.40913
2720 1 22216597 -71.077794 42.405503
2270 1 64013 -71.074132 42.427872
2500 3 33720662 -71.0592665016832 42.4317166010472
2075 2 35941951 -71.0591164802521 42.4331586010472
1750 1 37353941 -71.0310924 42.3967587
1800 1 40439068 -71.0302209 42.3961305
1800 1 42694438 -71.0633265 42.4127638
3000 3 43365092 -71.0582035 42.408913
1700 1 44327889 -71.035969 42.399159
1725 1 45794497 -71.070528526813 42.4300256010472
1525 0 45794498 -71.070528526813 42.4300256010472
2350 2 46916170 -71.053688 42.423251
1300 0 46932606 -71.0604 42.4295
2800 3 47032416 -71.0488 42.418768
3600 5 47047431 -71.029182 42.433501
2200 2 47047434 -71.052373 42.422144
3200 4 47081744 -71.0602099 42.4309197
3400 1 47135587 -71.062611 42.401067
1495 1 47225643 -71.0525 42.4091
1600 2 47306335 -71.062183 42.42542
2150 1 47306388 -71.062183 42.42542
1900 2 47306449 -71.05091 42.411753
3200 4 47319897 -71.069415 42.420615
2800 3 47330244 -71.0451267 42.4044812
2350 3 47340588 -71.0525 42.4091
2400 3 47370687 -71.056472 42.425918
2550 3 47372139 -71.04635 42.4086781
2500 2 47424954 -71.038651 42.4054451
3000 4 47436553 -71.030148 42.392645
3000 4 47446407 -71.029574 42.399232
2250 2 47447053 -71.038823 42.414717
1900 2 47456122 -71.035149 42.39384
3000 4 47460191 -71.057872 42.418895
1950 2 47473715 -71.034823 42.391029
2500 3 47478076 -71.048891 42.422144
3000 4 47503634 -71.0291408 42.3988405
3000 4 47503654 -71.0306941 42.3931385
2750 2 47512534 -71.046633 42.4324269
2695 2 47537689 -71.063686 42.405666
2000 2 47538290 -71.074049 42.430511
2400 3 47542957 -71.068822 42.418454
1750 1 47549244 -71.0339 42.3966
2550 3 47549514 -71.059089 42.418013
2300 2 47427005 -70.983898 42.374952
2325 1 46820076 -70.991297 42.403053
2003 0 32927519 -70.989898 42.415774
2157 1 32827743 -71.022537 42.402763
2500 3 38443269 -70.9860369 42.4263863
3000 3 40229276 -70.992449 42.372509
2000 2 40969018 -71.0013488 42.3917463
1795 2 45349747 -70.996593 42.4027699
1950 2 45733780 -71.0248 42.3759
3000 3 46290306 -71.0248 42.3758
3500 4 46559335 -71.0248 42.3758
3000 3 46679154 -70.994085 42.40724
2150 2 46814469 -70.993401 42.371929
2600 3 46913027 -71.014065 42.383974
2600 3 46921846 -70.991463 42.395659
4000 5 46984169 -71.0248 42.3759
3245 2 46990291 -70.990729 42.402662
3275 1 46999272 -70.990729 42.402662
2700 3 47061988 -71.0115874 42.4215856
2400 3 47095468 -71.006738 42.387095
2700 2 47135567 -71.025852 42.364712
3125 2 47135571 -70.994211 42.399551
1450 2 47135572 -71.025852 42.364712
2500 1 47135575 -71.003152 42.41635
2500 1 47142122 -71.003152 42.41635
2300 2 47164552 -70.978226 42.384199
2800 3 47221475 -71.0097301 42.4112217
2617 1 47274760 -70.9889643 42.4172738
2800 3 47311238 -71.0267707 42.3989013
3000 2 47323353 -71.0004563 42.3830637
2500 3 47323384 -71.0156735 42.4006721
1800 1 47324186 -71.015465 42.424967
3500 4 47394289 -70.982019 42.426796
2500 1 47400026 -71.010828 42.418336
2200 2 47409573 -70.980487 42.380695
3500 4 47429150 -71.027055 42.431722
1800 2 47469540 -71.01348 42.410009
2800 4 47480992 -71.0043 42.4151
2400 3 47480993 -71.0043 42.4151
4000 5 47506645 -71.001914 42.385087
1700 1 47507368 -70.993059 42.418912
2100 1 47514111 -70.9905 42.413768
9310 1 47535928 -71.00315 42.41635
3600 4 47546027 -70.992576 42.407271
