800 1 240919836 -71.090206 42.350377
1100 0 241099304 -71.1549 42.3451
1100 0 241145707 -71.0123 42.3851
1100 0 241145447 -71.1118 42.3309
1100 0 236583482 -71.1118 42.3309
1200 0 237074741 -71.14 42.41
1225 0 237983695 -71.1494 42.338
1225 1 241084918 -71.0764 42.3239
1250 0 225488743 -71.1384 42.3532
1300 0 240424394 -71.0935 42.3502
1300 1 241035560 -71.1577 42.2628
1300 1 241036049 -71.062 42.4139
1325 0 240902983 -71.1343 42.347
1325 0 240902711 -71.14 42.3496
1350 0 241145534 -71.1494 42.338
1350 0 240902615 -71.1321 42.3495
1350 0 240902644 -71.1324 42.3493
1350 0 240902781 -71.1259 42.35
1350 1 241036053 -71.0597 42.4265
1375 0 240902744 -71.1399 42.3495
1375 0 240902903 -71.1563 42.3394
1375 0 237821645 -71.1385 42.3479
1400 0 240902560 -71.1548 42.3407
1400 0 240043256 -71.1387 42.3491
1400 0 240902576 -71.1389 42.3485
1400 0 240730359 -71.1308 42.3498
1400 0 240730311 -71.1304 42.3499
1400 0 228133950 -71.1341 42.3525
1400 1 241035563 -71.0969 42.3176
1400 1 241035569 -71.097 42.3175
1400 1 241031650 -71.1473 42.3374
1400 1 223270112 -71.1115 42.3305
1400 2 241089345 -71.0783 42.3451
1425 0 241145672 -71.1296 42.351
1425 0 228992237 -71.1348 42.3465
1450 0 239821926 -71.1349 42.3467
1450 0 240902657 -71.1292 42.3509
1450 0 240621036 -71.1089 42.3733
1450 1 241145791 -71.139 42.3439
1450 1 240906924 -71.083 42.3264
1450 1 240821595 -71.1469 42.3387
1450 1 240278885 -71.1115 42.3305
1450 1 240243520 -71.1368 42.3489
1450 1 233114424 -71.1546 42.3405
1450 1 237819739 -71.0707 42.4278
1475 0 240902904 -71.1444 42.3445
1475 0 233470039 -71.1117 42.3303
1475 0 237645694 -71.0971 42.3421
1475 1 206040895 -71.0968 42.2766
1500 0 240720933 -71.1434 42.3442
1500 0 228142963 -71.1346 42.3465
1500 0 239821281 -71.1434 42.344
1500 0 239742937 -71.1681 42.3506
1500 0 240721238 -71.1681 42.3506
1500 0 235341171 -71.0953 42.3436
1500 0 240070529 -71.0703 42.3605
1500 0 240070142 -71.0703 42.3605
1500 1 240591297 -71.1406 42.3526
1500 1 240821350 -71.1405 42.3523
1500 1 240821364 -71.1401 42.3524
1500 1 240821356 -71.1404 42.3524
1500 1 240730532 -71.1079 42.3248
1500 1 240733433 -71.108 42.3244
1500 2 241036052 -71.058 42.4319
1500 2 240903928 -70.9964 42.4054
1500 2 240977009 -71.0773 42.3229
1500 2 240906241 -71.1017 42.4152
1525 0 241165536 -71.1168 42.3432
1525 0 241165535 -71.1169 42.3431
1525 0 241145313 -71.135 42.3481
1525 0 239742830 -71.1358 42.3478
1525 0 233114656 -71.1359 42.3477
1525 0 239813722 -71.1444 42.3445
1525 0 240721190 -71.1358 42.3478
1525 2 241014306 -71.1237 42.2904
1550 0 240902882 -71.1374 42.3465
1550 0 239323004 -71.0785 42.3384
1550 0 239814687 -71.0976 42.3795
1550 0 239858482 -71.0905 42.3471
1550 0 237789131 -71.0959 42.3434
1550 0 240417722 -71.0806 42.3412
1550 1 241013735 -71.0532 42.3662
1550 1 240721708 -71.146 42.3422
1550 1 240902717 -71.14 42.3497
1550 1 238562811 -71.0377 42.3908
1550 1 239822108 -71.1366 42.3477
1550 1 240902716 -71.14 42.3496
1550 1 233114646 -71.1379 42.3472
1550 1 240278889 -71.1116 42.3308
1550 2 240027195 -71.0813 42.2884
1575 0 239813853 -71.1369 42.3484
1575 0 239813180 -71.0956 42.343
1575 1 240976987 -71.1362 42.35
1575 1 228348769 -71.0298 42.3944
1575 1 236553411 -70.9923 42.4093
1600 0 241145678 -71.0941 42.3464
1600 0 240317528 -71.1723 42.3196
1600 0 240591339 -71.0851 42.3488
1600 0 240278894 -71.1009 42.3416
1600 0 240977217 -71.0899 42.3507
1600 0 240978227 -71.1421 42.3512
1600 0 237789283 -71.097 42.342
1600 0 239323006 -71.0785 42.3384
1600 0 240848346 -71.087 42.349
1600 0 237789365 -71.0967 42.3428
1600 0 239812054 -71.0649 42.3594
1600 0 237674054 -71.0965 42.3428
1600 0 240278935 -71.1524 42.3409
1600 0 240066867 -71.1237 42.3955
1600 0 237365659 -71.1211 42.3781
1600 0 235343334 -71.1 42.341
1600 1 241099181 -71.1501 42.3409
1600 1 241031673 -71.154 42.3399
1600 1 240902670 -71.1324 42.351
1600 1 240070854 -71.1451 42.3373
1600 1 240591300 -71.1387 42.3531
1600 1 240902685 -71.154 42.3399
1600 1 226966230 -71.1527 42.3376
1600 1 240908684 -71.1366 42.348
1600 1 240903052 -71.1355 42.3597
1600 1 225488765 -71.1385 42.3539
1600 1 240729928 -71.1114 42.3303
1600 1 237820068 -71.1379 42.3528
1600 2 241035453 -71.1383 42.2891
1600 2 240574185 -71.148 42.3372
1600 2 240939228 -71.1101 42.4085
1600 2 240821234 -71.0908 42.3937
1625 0 239822159 -71.0936 42.3464
1625 1 240902878 -71.1373 42.3461
1625 1 237985416 -71.1386 42.3477
1625 1 240574767 -71.135 42.3519
1650 0 240353356 -71.1499 42.3397
1650 0 239813945 -71.1427 42.3429
1650 0 230994682 -71.0969 42.3427
1650 0 239811386 -71.0707 42.3584
1650 0 239811304 -71.0519 42.3651
1650 0 239810738 -71.1063 42.3448
1650 0 239819465 -71.0707 42.3584
1650 0 237789368 -71.1002 42.3428
1650 0 240717306 -71.0726 42.3555
1650 1 241165685 -71.1398 42.3501
1650 1 240197628 -71.1397 42.35
1650 1 240733604 -71.1758 42.381
1650 1 231362438 -71.1363 42.3467
1650 1 240909114 -71.1325 42.3541
1650 1 240574795 -71.1615 42.3494
1650 1 239820179 -71.1324 42.354
1650 1 240909123 -71.1322 42.3543
1650 1 239813639 -71.1368 42.3522
1650 1 226128893 -71.1381 42.3527
1650 1 240244964 -71.132 42.354
1650 1 240908650 -71.1323 42.3541
1650 1 228376640 -71.1353 42.3541
1650 1 239814834 -71.1471 42.3421
1650 1 239742906 -71.177 42.3531
1650 1 240617932 -71.1522 42.3384
1650 1 240621131 -71.0989 42.3883
1650 1 240417336 -71.1495 42.3467
1650 1 240618014 -71.1271 42.3468
1650 1 237822829 -71.1355 42.3547
1650 1 223270507 -71.1464 42.3371
1650 1 238826551 -71.1366 42.3526
1650 1 239814701 -71.1222 42.3826
1650 2 240977142 -71.1337 42.3473
1650 2 239817500 -71.0358 42.3916
1650 2 240733967 -71.1314 42.2854
1650 2 225655140 -71.1404 42.3452
1675 0 241164172 -71.1195 42.3863
1675 0 239822172 -71.0942 42.3461
1675 0 228348739 -71.0298 42.3944
1675 1 241165527 -71.1515 42.3406
1675 1 233836614 -71.1399 42.3499
1675 1 233209886 -71.14 42.3499
1675 1 241018206 -71.1332 42.3735
1675 2 234639971 -71.1383 42.3477
1700 0 240354088 -71.0784 42.3536
1700 0 240278938 -71.0913 42.3412
1700 0 239822737 -71.1167 42.3433
1700 0 240908121 -71.0835 42.3496
1700 0 240942807 -71.0939 42.3482
1700 0 239811721 -71.084 42.3494
1700 0 240484410 -71.0832 42.3355
1700 0 240977149 -71.0886 42.3437
1700 1 241165615 -71.1443 42.3448
1700 1 241099837 -71.1352 42.3469
1700 1 241145949 -71.1481 42.3398
1700 1 241165596 -71.1481 42.3401
1700 1 241099228 -71.1433 42.3425
1700 1 241164343 -71.1124 42.3652
1700 1 241099946 -71.1457 42.3403
1700 1 241145557 -71.1282 42.3527
1700 1 241099231 -71.1512 42.3397
1700 1 241145943 -71.1477 42.3406
1700 1 241145092 -71.1238 42.352
1700 1 241145184 -71.1431 42.3427
1700 1 241145510 -71.1444 42.3445
1700 1 228143135 -71.1384 42.346
1700 1 240280675 -71.1494 42.338
1700 1 239821283 -71.1434 42.344
1700 1 240722284 -71.1386 42.3534
1700 1 240278936 -71.1727 42.3516
1700 1 240547938 -71.1407 42.3601
1700 1 240902905 -71.1444 42.3445
1700 1 240721850 -71.1239 42.3517
1700 1 239822734 -71.1168 42.3432
1700 1 241031611 -71.0778 42.3226
1700 1 236742035 -71.1117 42.3304
1700 1 239760633 -71.1437 42.3444
1700 1 240424884 -71.1267 42.3538
1700 1 241165578 -71.1444 42.3445
1700 1 237983717 -71.1494 42.338
1700 1 239813185 -71.1438 42.3395
1700 1 239822400 -71.1302 42.3537
1700 1 238567770 -71.1338 42.351
1700 1 240942813 -71.0438 42.2865
1700 2 241165842 -71.1277 42.3551
1700 2 241099127 -71.0541 42.3354
1700 2 239665463 -71.1406 42.3586
1700 2 241036048 -71.0827 42.4075
1700 2 235918576 -71.0854 42.3962
1700 2 239822145 -71.1034 42.3292
1700 3 240821448 -71.15 42.341
1725 0 240461044 -71.0677 42.3599
1725 0 241017983 -71.0886 42.3437
1725 0 240482011 -71.084 42.3494
1725 0 240415630 -71.0731 42.3469
1725 0 233317259 -71.0995 42.3378
1725 1 240947727 -71.0642 42.4083
1725 1 239760604 -71.1494 42.338
1725 1 240902883 -71.1279 42.3533
1725 1 239812095 -71.1302 42.3577
1725 2 240902623 -71.1367 42.3473
1750 0 240908180 -71.0726 42.3543
1750 0 239811216 -71.0816 42.3505
1750 0 240147535 -71.1259 42.3795
1750 1 241145169 -71.1503 42.3398
1750 1 241145621 -71.15 42.3396
1750 1 239760194 -71.1402 42.3476
1750 1 240728900 -71.1529 42.3381
1750 1 236744058 -71.0295 42.3797
1750 1 240906827 -71.1389 42.3463
1750 1 232176321 -71.1354 42.346
1750 1 239816598 -71.16 42.3402
1750 1 240727337 -71.1361 42.3483
1750 1 239822153 -71.1347 42.3511
1750 1 239760173 -71.1361 42.3483
1750 1 240353339 -71.1356 42.3484
1750 1 239815139 -71.151 42.3374
1750 1 239760610 -71.1299 42.3494
1750 1 240847993 -71.1446 42.3435
1750 1 240194881 -71.1303 42.3494
1750 1 229149160 -71.1606 42.3401
1750 1 228369698 -71.1298 42.3536
1750 1 239743002 -71.1361 42.3479
1750 1 240906919 -71.1447 42.3447
1750 1 240721267 -71.1361 42.3479
1750 1 240547619 -71.1358 42.3528
1750 2 241099163 -71.1712 42.3501
1750 2 240574802 -71.1511 42.3401
1750 2 241036055 -71.0933 42.4114
1750 2 240621020 -71.157 42.3498
1750 2 240244892 -71.1381 42.3477
1750 2 239758946 -71.1459 42.3419
1775 0 239814631 -71.121 42.3958
1775 1 240947216 -71.0134 42.3866
1775 1 239758386 -71.1361 42.3483
1775 1 239760631 -71.1384 42.346
1775 1 239760598 -71.1439 42.341
1775 1 239760221 -71.1464 42.3414
1775 1 240727346 -71.1464 42.3414
1775 1 240726898 -71.1361 42.3483
1775 1 240486062 -71.1514 42.3409
1775 1 240486063 -71.1446 42.3451
1775 1 239744077 -71.1097 42.3503
1775 2 241035632 -71.0928 42.3777
1800 0 226429261 -71.131 42.3398
1800 0 240908117 -71.0832 42.3432
1800 0 232317697 -71.0756 42.3423
1800 0 240483966 -71.074 42.3365
1800 1 241163925 -71.0953 42.3854
1800 1 240729739 -71.1306 42.3573
1800 1 240353337 -71.135 42.3481
1800 1 240730014 -71.1507 42.3402
1800 1 240903260 -71.1356 42.3387
1800 1 239813515 -71.1502 42.3392
1800 1 240730016 -71.1507 42.3406
1800 1 237819788 -71.1287 42.3508
1800 1 240424379 -71.1306 42.3573
1800 1 240147674 -71.0898 42.3487
1800 1 238825460 -71.1368 42.3384
1800 1 240481514 -71.0866 42.3462
1800 1 226298965 -71.1304 42.3575
1800 1 233113364 -71.0774 42.3858
1800 1 240820186 -71.1093 42.3731
1800 1 237789209 -71.0827 42.3415
1800 1 230476295 -71.0868 42.3465
1800 2 241145785 -71.1405 42.3588
1800 2 240902680 -71.1512 42.3484
1800 2 241036015 -71.1478 42.3527
1800 2 240848239 -71.1399 42.3521
1800 2 240906767 -71.0514 42.4149
1800 2 239825108 -71.1337 42.3502
1800 2 240902930 -71.127 42.3548
1800 2 241017803 -71.1404 42.3588
1800 2 240194942 -71.1353 42.348
1800 2 240715632 -71.0596 42.4323
1800 2 239378903 -71.0248 42.2686
1800 2 240908423 -71.1712 42.3497
1800 2 240733574 -71.1416 42.3603
1800 2 239822147 -71.1029 42.329
1800 2 239434604 -71.0855 42.3961
1800 2 241031657 -71.1212 42.4176
1800 2 240715627 -71.0063 42.4051
1800 2 224596398 -71.1553 42.3484
1800 2 230085065 -71.0524 42.3157
1800 3 239811416 -71.0727 42.3053
1800 3 239761013 -71.1337 42.3502
1825 0 240978011 -71.0653 42.3592
1825 0 241031606 -71.0666 42.3634
1825 0 240902871 -71.071 42.3592
1825 0 239817062 -71.0525 42.3764
1825 1 241013728 -71.0602 42.3523
1825 1 239760621 -71.1452 42.3434
1825 1 240819145 -71.0783 42.386
1825 2 236752583 -71.1038 42.3073
1850 0 240815300 -71.0785 42.372
1850 0 232472350 -71.1125 42.3717
1850 0 229763720 -71.1231 42.3731
1850 1 241099124 -71.1067 42.3466
1850 1 241145685 -71.1292 42.3479
1850 1 240727335 -71.1356 42.3484
1850 1 239760131 -71.1356 42.3484
1850 1 240908600 -71.1275 42.3522
1850 1 240726889 -71.1501 42.34
1850 1 241035469 -71.0473 42.3322
1850 1 237982745 -71.139 42.3486
1850 1 240909105 -71.1269 42.3528
1850 1 235341076 -71.0964 42.3429
1850 1 238415865 -71.0878 42.3507
1850 2 239817474 -71.1372 42.3524
1850 2 241031658 -71.1527 42.3406
1850 2 240731884 -71.1456 42.3422
1850 2 240902573 -71.1389 42.3485
1850 2 240902730 -71.1252 42.3544
1850 2 239817481 -71.141 42.3492
1850 2 226124865 -71.135 42.3549
1850 2 236553168 -70.9921 42.4101
1850 2 239814213 -71.1658 42.3519
1850 3 230353986 -71.0966 42.3259
1875 1 235790481 -71.0995 42.3421
1875 1 239815500 -71.0959 42.3434
1875 1 240978174 -71.1255 42.3402
1875 1 240245427 -71.1004 42.3428
1875 1 233971159 -71.1539 42.2637
1875 1 229148119 -71.0953 42.3436
1875 1 239814727 -71.092 42.3723
1875 2 241145930 -71.132 42.3552
1875 2 239817530 -71.1548 42.3479
1875 2 240820162 -71.1049 42.3769
1875 2 239814298 -71.0967 42.3178
1875 2 240820161 -71.1053 42.3773
1900 0 241145787 -71.1187 42.3411
1900 0 239811647 -71.1145 42.3318
1900 0 239810743 -71.1209 42.3807
1900 0 237820373 -71.097 42.3431
1900 1 241164217 -71.0838 42.3686
1900 1 241164176 -71.092 42.3722
1900 1 241145944 -71.1328 42.3487
1900 1 240548011 -71.1232 42.3387
1900 1 240730466 -71.119 42.3398
1900 1 240847988 -71.1094 42.3452
1900 1 240820143 -71.0919 42.3724
1900 1 240847989 -71.1093 42.3452
1900 1 239812450 -71.1277 42.3407
1900 1 241018071 -71.1282 42.3527
1900 1 240621335 -71.1295 42.348
1900 1 239802299 -71.0785 42.3384
1900 1 239811026 -71.0969 42.3427
1900 1 240424365 -71.1096 42.3457
1900 1 237074378 -71.1628 42.3497
1900 1 239810556 -71.0774 42.3858
1900 1 240734343 -71.119 42.3398
1900 1 232612639 -71.0532 42.3662
1900 1 240848169 -71.1652 42.3036
1900 1 240575074 -71.1294 42.3483
1900 2 241145090 -71.1296 42.351
1900 2 239816572 -71.1354 42.3491
1900 2 239812081 -71.15 42.3417
1900 2 233111783 -71.145 42.3432
1900 2 233114585 -71.1451 42.343
1900 2 240977021 -71.1644 42.3513
1900 2 240902613 -71.1321 42.3495
1900 2 240486040 -71.1367 42.3495
1900 2 241035630 -71.1016 42.4178
1900 2 237818716 -71.1368 42.3534
1900 2 237985683 -71.0906 42.3456
1900 2 232197480 -71.1371 42.3996
1900 3 240715623 -71.0665 42.29
1925 0 240179550 -71.068 42.2718
1925 0 225183343 -71.0854 42.3456
1925 1 241167354 -71.0949 42.409
1925 1 241165539 -71.1225 42.3363
1925 1 241145425 -71.1407 42.3382
1925 1 240575046 -71.0971 42.3421
1925 1 240978189 -71.1224 42.3363
1925 1 240424392 -71.1407 42.3384
1925 1 239819469 -71.0974 42.3428
1925 1 240909159 -71.1406 42.3384
1925 1 237209073 -71.0963 42.3431
1925 1 237789370 -71.1 42.341
1925 1 239817063 -71.0525 42.3764
1925 1 239748346 -71.1224 42.3363
1925 1 240723843 -71.1224 42.3363
1925 2 241165537 -71.1413 42.3487
1925 2 236743572 -71.0972 42.3124
1925 2 240274000 -71.135 42.3466
1925 2 240353241 -71.1343 42.347
1925 2 233111531 -71.1292 42.3507
1950 0 241099121 -71.0665 42.3595
1950 0 231562150 -71.0894 42.3495
1950 0 240481585 -71.0895 42.3493
1950 0 240733772 -71.1188 42.341
1950 1 240485893 -71.0973 42.3425
1950 1 239813196 -71.0958 42.3435
1950 1 237673300 -71.1217 42.3431
1950 1 237076885 -71.1001 42.3412
1950 1 239811770 -71.0753 42.3359
1950 1 240942750 -71.1575 42.3398
1950 2 241099146 -71.1686 42.3457
1950 2 240732371 -71.135 42.3519
1950 2 240574862 -71.1359 42.3484
1950 2 240729574 -71.1294 42.3503
1950 2 240977012 -71.1509 42.3415
1950 2 240909150 -71.1384 42.3472
1950 2 241099595 -71.1512 42.2916
1950 2 240722412 -71.1394 42.3451
1950 2 240902784 -71.1345 42.3528
1950 2 240621279 -71.1467 42.3449
1950 2 240909152 -71.1384 42.3473
1950 2 240909156 -71.1384 42.3473
1950 2 240909153 -71.1385 42.347
1950 2 233113270 -71.1486 42.3413
1950 2 240621041 -71.1576 42.3398
1950 2 240486109 -71.0888 42.3445
1950 2 240620845 -71.1631 42.3495
1950 2 240244977 -71.1385 42.3471
1950 2 239813201 -71.1261 42.3287
1950 2 240619506 -71.1348 42.3527
1950 2 239822131 -71.1358 42.3484
1950 2 239761371 -71.1425 42.2893
1950 2 241036023 -71.1759 42.3467
1950 3 241002889 -71.060155 42.29268
1975 0 237671855 -71.0823 42.3431
1975 1 239933801 -71.0228 42.4023
1975 2 241145095 -71.144 42.3411
1975 2 239814966 -71.0955 42.3957
1975 2 240848177 -71.0963 42.3178
1975 2 240902921 -71.1386 42.3461
2000 0 241173151 -71.0744 42.3527
2000 0 241031670 -71.0669 42.3657
2000 0 237074224 -71.0681 42.358
2000 0 229799327 -71.085 42.3458
2000 0 236734485 -71.0928 42.4084
2000 0 239816686 -71.0511 42.3651
2000 0 240618551 -71.0807 42.3525
2000 0 240617129 -71.0854 42.3511
2000 1 241165680 -71.1461 42.3404
2000 1 241165540 -71.1215 42.338
2000 1 241164095 -71.109 42.3655
2000 1 241099703 -71.1427 42.3429
2000 1 241164263 -71.0954 42.3749
2000 1 240728992 -71.0362 42.3981
2000 1 241035629 -71.095 42.3432
2000 1 240146206 -71.1461 42.3404
2000 1 240815181 -71.12 42.3802
2000 1 240815195 -71.1073 42.3983
2000 1 240424736 -71.1253 42.3401
2000 1 239556415 -71.1203 42.3847
2000 1 229942449 -71.0563 42.3664
2000 1 239816839 -71.0875 42.3436
2000 1 240977006 -71.1177 42.3402
2000 1 239814653 -71.0526 42.3652
2000 1 241018229 -71.0847 42.3716
2000 2 241145528 -71.1444 42.3445
2000 2 241145962 -71.148 42.3402
2000 2 241145195 -71.1427 42.3429
2000 2 241145180 -71.1478 42.3404
2000 2 240908011 -71.1419 42.3517
2000 2 240729311 -71.1425 42.3439
2000 2 239815551 -71.1399 42.346
2000 2 240976999 -71.1479 42.3763
2000 2 240846004 -71.1144 42.3024
2000 2 241036025 -71.1471 42.3453
2000 2 241036985 -71.1339 42.2805
2000 2 240547924 -71.1258 42.3595
2000 2 240424656 -71.0954 42.3851
2000 2 240729553 -71.1641 42.3448
2000 2 233111518 -71.1297 42.3504
2000 2 239815501 -71.1423 42.3438
2000 2 239757913 -71.1385 42.3477
2000 2 240908183 -71.0897 42.3934
2000 2 239757699 -71.1547 42.3762
2000 2 240848186 -71.1686 42.3457
2000 2 240618016 -71.133 42.3541
2000 2 239815550 -71.145 42.3534
2000 2 240618011 -71.1467 42.3449
2000 2 233318098 -71.1116 42.3242
2000 2 239815707 -71.1709 42.346
2000 2 241031661 -71.1049 42.3227
2000 2 239820761 -71.1184 42.3325
2000 2 236293694 -71.1354 42.3463
2000 2 241099294 -71.1144 42.3024
2000 2 241155620 -71.0946081 42.4226793
2000 3 239814375 -71.1542 42.3548
2000 3 240903295 -71.1364 42.3524
2000 3 241035721 -71.1209 42.2644
2000 3 240821133 -71.1652 42.3517
2000 3 241018188 -71.1652 42.3517
2000 3 225336722 -71.1652 42.3517
2000 3 234810759 -71.1456 42.3415
2000 4 241035839 -71.0742 42.3108
2025 0 240977109 -71.0644 42.3522
2025 1 240572690 -71.068 42.2718
2025 1 240461088 -71.0959 42.3434
2025 1 240733448 -71.1314 42.3389
2025 1 240733413 -71.1315 42.3386
2025 1 238748993 -71.1721 42.319
2025 1 236184809 -71.0845 42.3488
2025 1 240723835 -71.1154 42.3325
2025 1 239748324 -71.1154 42.3325
2025 2 241165542 -71.1524 42.3409
2025 2 241165544 -71.1518 42.3407
2025 2 239820127 -71.1446 42.341
2025 2 240730225 -71.148 42.3403
2025 2 240902906 -71.1444 42.3445
2025 2 239815546 -71.096 42.3937
2025 3 240547920 -71.1457 42.3433
2050 0 238676620 -71.0892 42.3497
2050 0 239814689 -71.0538 42.3671
2050 0 241031665 -71.076 42.3536
2050 1 240733355 -71.149 42.3395
2050 1 240280395 -71.1496 42.3394
2050 1 233114708 -71.1447 42.3402
2050 1 241036017 -71.1267 42.3265
2050 1 241035464 -71.076 42.3536
2050 2 241165850 -71.1467 42.3428
2050 2 240814924 -71.1029 42.3701
2050 2 240902608 -71.1267 42.3546
2050 2 239741161 -71.1384 42.346
2050 2 239819039 -71.1453 42.3532
2050 2 233113234 -71.1455 42.3428
2050 2 239810959 -71.1449 42.3534
2050 2 239815723 -71.032 42.3652
2050 2 239741244 -71.145 42.3535
2050 2 240720726 -71.145 42.3535
2050 2 236736784 -71.1539 42.3483
2050 2 239650872 -71.0942 42.3154
2050 3 240620872 -71.1367 42.3475
2075 0 241113756 -71.1269 42.3409
2075 1 240733806 -71.1583 42.3015
2075 1 239738122 -71.121 42.3958
2075 1 240821246 -71.1581 42.3015
2075 1 237674069 -71.0892 42.3497
2075 2 236736753 -71.1462 42.3372
2075 2 239820144 -71.1445 42.3408
2075 2 239814969 -71.0798 42.3854
2075 2 240591423 -71.143 42.3432
2100 0 230994754 -71.0789 42.3537
2100 0 239815726 -71.0518 42.3423
2100 1 239931086 -71.1546 42.3386
2100 1 241099276 -71.0819 42.3437
2100 1 240816073 -71.0966 42.3815
2100 1 240977022 -71.1251 42.3419
2100 1 241035463 -71.0947 42.3445
2100 1 241145521 -71.0906 42.3468
2100 1 240591348 -71.1267 42.38
2100 1 241145424 -71.0849 42.3452
2100 1 233209916 -71.0933 42.3471
2100 1 240815254 -71.0918 42.3726
2100 1 236173955 -71.0649 42.3589
2100 1 235788691 -71.0636 42.4082
2100 1 240416331 -71.0564 42.3665
2100 1 239821004 -71.1213 42.347
2100 1 240417825 -71.1065 42.3464
2100 1 226603192 -71.0703 42.3605
2100 1 237789452 -71.0703 42.3605
2100 1 233305476 -71.0686 42.3595
2100 2 241099154 -71.0915 42.3475
2100 2 241145567 -71.1211 42.3261
2100 2 241145952 -71.1371 42.3457
2100 2 240815256 -71.136 42.3864
2100 2 240280389 -71.1444 42.3445
2100 2 228139430 -71.1399 42.3512
2100 2 228377030 -71.1695 42.3445
2100 2 240821452 -71.1092 42.3319
2100 2 240902890 -71.1319 42.3545
2100 2 240353362 -71.1457 42.3396
2100 2 236764995 -71.1122 42.3249
2100 2 227280561 -71.1268 42.3548
2100 2 240730001 -71.1443 42.3443
2100 2 240729995 -71.1443 42.3448
2100 2 240977007 -71.1694 42.3443
2100 2 239812216 -71.1611 42.3534
2100 2 240485642 -71.1798 42.377
2100 2 237983162 -71.1407 42.3538
2100 2 240733640 -71.1804 42.3859
2100 2 241018012 -71.1688 42.344
2100 2 240942857 -71.0354 42.3668
2100 2 239858448 -71.1102 42.3209
2100 2 226429709 -71.1401 42.3515
2100 2 237983357 -71.1407 42.3537
2100 2 240618017 -71.1366 42.3479
2100 2 240818786 -71.1483 42.3768
2100 2 239818368 -71.1623 42.334
2100 2 239820763 -71.1265 42.4087
2100 2 239436060 -71.1093 42.3863
2100 2 240942669 -71.095 42.3893
2100 2 239819377 -71.091 42.3788
2100 3 241145948 -71.1581 42.356
2100 3 241018024 -71.1577 42.3489
2100 3 240902923 -71.1291 42.3535
2100 3 240729237 -71.1457 42.3448
2100 3 240575060 -71.011 42.3855
2100 3 240908035 -71.0972 42.3124
2100 3 240724856 -71.1673 42.3467
2100 3 237984677 -71.0306 42.3953
2100 3 240712652 -71.0395 42.3905
2100 3 240902938 -71.1292 42.3536
2100 3 241017993 -71.1119 42.3248
2125 1 241145696 -71.0875 42.3474
2125 1 239822783 -71.1313 42.3395
2125 1 240815923 -71.1221 42.3796
2125 1 239822748 -71.1309 42.3394
2125 1 241141248 -71.0814843 42.3523915
2125 2 233209912 -71.1376 42.3487
2150 0 240975543 -71.0633 42.4005
2150 0 241172605 -71.0815 42.3524
2150 0 241031607 -71.088 42.3502
2150 1 241031648 -71.078 42.3488
2150 2 241099157 -71.1481 42.3402
2150 2 241099136 -71.1661 42.3405
2150 2 236743569 -71.1553 42.2855
2150 2 237984025 -71.1374 42.3486
2150 2 240243970 -71.1485 42.3393
2150 2 237672709 -71.1353 42.3849
2150 2 240733557 -71.1229 42.3311
2150 2 240818157 -71.1089 42.3961
2150 2 241141644 -71.06625 42.287814
2150 3 240902602 -71.1313 42.3556
2175 1 240818741 -71.0985 42.3794
2175 1 239814783 -71.0978 42.3797
2175 2 239824714 -71.0859 42.3453
2175 3 233111763 -71.1639 42.3496
2200 0 239933249 -71.0525 42.3764
2200 0 241099290 -71.0819 42.3436
2200 0 241165619 -71.0819 42.3436
2200 0 236184738 -71.0658 42.3583
2200 1 239923031 -71.1152 42.3608
2200 1 241173150 -71.0861 42.3518
2200 1 241145435 -71.0629 42.3486
2200 1 240147608 -71.17 42.3811
2200 1 234811374 -71.1122 42.3329
2200 1 241035467 -71.0784 42.3412
2200 1 239570891 -71.0882 42.3879
2200 1 241145450 -71.0629 42.3486
2200 1 240245710 -71.1055 42.3459
2200 1 235341074 -71.0971 42.3435
2200 1 240416881 -71.0662 42.3509
2200 1 240723210 -71.1089 42.3733
2200 1 240063803 -71.0669 42.3601
2200 1 240425066 -71.1031 42.3688
2200 1 238770879 -71.0658 42.3655
2200 1 235540558 -71.1209 42.3807
2200 1 240818383 -71.0982 42.3686
2200 1 240818587 -71.1034 42.3689
2200 1 239497071 -71.0634 42.3599
2200 2 241173062 -71.0649 42.3785
2200 2 241145502 -71.1381 42.3468
2200 2 241164214 -71.0889 42.3875
2200 2 241164108 -71.098 42.3736
2200 2 241099298 -71.0989 42.3901
2200 2 241145565 -71.1563 42.3393
2200 2 241164007 -71.0808 42.3719
2200 2 241165848 -71.1371 42.3561
2200 2 241163891 -71.1336 42.3841
2200 2 240280658 -71.133 42.3398
2200 2 240978090 -71.1561 42.3386
2200 2 239814566 -71.1551 42.3781
2200 2 240908367 -71.1181 42.3079
2200 2 240621301 -71.1319 42.3509
2200 2 236743397 -71.1115 42.3314
2200 2 240280695 -71.1341 42.3525
2200 2 240908008 -71.1407 42.3524
2200 2 241145569 -71.14 42.3499
2200 2 239825069 -71.1446 42.3435
2200 2 240815257 -71.1072 42.386
2200 2 240816150 -71.0796 42.3846
2200 2 240816158 -71.1028 42.3864
2200 2 240978097 -71.1558 42.3386
2200 2 239820148 -71.1321 42.3507
2200 2 240242922 -71.1205 42.3258
2200 2 240480759 -71.1019 42.3289
2200 2 236766567 -71.1029 42.378
2200 2 240070467 -71.1163 42.3206
2200 2 240819347 -71.1304 42.4129
2200 2 240619105 -71.1591 42.3713
2200 2 238107660 -71.1238 42.349
2200 2 240848166 -71.137 42.3561
2200 2 240821668 -71.1026 42.3297
2200 2 240815296 -71.0982 42.3646
2200 2 240575004 -71.1111 42.3954
2200 2 229799203 -71.1329 42.3513
2200 3 241163894 -71.13 42.4128
2200 3 241145573 -71.1561 42.3386
2200 3 240976567 -71.0436 42.2867
2200 3 240976920 -71.1419 42.3517
2200 3 225654916 -71.1641 42.3506
2200 3 240070036 -71.1591 42.3752
2200 3 240817882 -71.082 42.3685
2200 3 240819198 -71.1069 42.3834
2200 4 240815196 -71.096 42.3954
2225 1 239814800 -71.0976 42.3795
2225 1 238674429 -71.0816 42.35
2225 2 239819526 -71.1026 42.3899
2250 0 240729677 -71.0819 42.35
2250 1 241099375 -71.0865 42.346
2250 1 240729696 -71.0812 42.3497
2250 1 239813917 -71.1484 42.3766
2250 1 236583020 -71.0754 42.336
2250 1 240815211 -71.1162 42.3902
2250 1 239814972 -71.1197 42.3388
2250 2 241165847 -71.1116 42.3612
2250 2 241145935 -71.1351 42.3523
2250 2 228376654 -71.1504 42.3366
2250 2 240977016 -71.118 42.3305
2250 2 240245007 -71.1407 42.3384
2250 2 238647942 -71.1 42.341
2250 3 241164269 -71.0966 42.3895
2250 3 240731429 -71.1407 42.3524
2250 3 240547768 -71.0383 42.3707
2250 3 240908032 -71.1411 42.3526
2250 3 236744070 -71.1233 42.2915
2250 3 232082298 -71.1617 42.3533
2250 3 225655283 -71.129 42.3595
2250 3 240575006 -71.0966 42.3895
2250 3 225655189 -71.1289 42.3594
2250 3 241036047 -71.0934 42.4245
2250 3 236736760 -71.0381 42.38
2250 3 226429685 -71.1286 42.3593
2250 4 223271821 -71.0628 42.319
2275 0 240622228 -71.1066 42.3567
2275 1 233114712 -71.119 42.3388
2275 1 233209854 -71.1191 42.3388
2275 2 239933803 -71.0228 42.4023
2275 2 239423137 -71.1493 42.379
2275 2 239815494 -71.0953 42.3436
2275 3 241163890 -71.0955 42.3957
2300 0 241017473 -71.1461 42.392
2300 0 240461995 -71.078 42.3846
2300 0 241165620 -71.0723 42.3466
2300 0 235949188 -71.0428 42.3358
2300 0 230219661 -71.0723 42.3468
2300 1 241013739 -71.056 42.3657
2300 1 241086338 -71.055991 42.365734
2300 1 241164219 -71.1203 42.3809
2300 1 241099335 -71.1034 42.3863
2300 1 238827297 -71.0708 42.3602
2300 1 240070662 -71.1051 42.3771
2300 1 241031633 -71.0912 42.3505
2300 1 237819942 -71.1052 42.3462
2300 1 240711706 -71.1211 42.3781
2300 1 239811062 -71.0765 42.3358
2300 1 241017975 -71.1119 42.3961
2300 1 239816583 -71.0775 42.3377
2300 1 239757804 -71.1214 42.3469
2300 1 239818769 -71.0708 42.3602
2300 2 241099159 -71.1364 42.3457
2300 2 241164050 -71.1081 42.3694
2300 2 241164213 -71.104 42.3689
2300 2 240821282 -71.1352 42.3527
2300 2 240978160 -71.1322 42.3501
2300 2 240815271 -71.0982 42.3734
2300 2 240821327 -71.136 42.3466
2300 2 240815395 -71.0979 42.3741
2300 2 239811981 -71.1124 42.3306
2300 2 239061269 -71.1135 42.2989
2300 2 240574855 -71.0816 42.3827
2300 2 241099448 -71.1249 42.3493
2300 2 240591356 -71.1121 42.3707
2300 2 240978164 -71.1322 42.3502
2300 2 241018018 -71.1136 42.3052
2300 2 237672759 -71.0893 42.3736
2300 2 239815498 -71.0976 42.3428
2300 2 240978052 -71.1146 42.3207
2300 2 240245226 -71.1122 42.3245
2300 2 239815244 -71.098 42.3737
2300 2 240733411 -71.1279 42.3541
2300 2 241035480 -71.0629 42.3763
2300 2 240821289 -71.1349 42.3526
2300 2 239813944 -71.1044 42.3462
2300 2 237672771 -71.0834 42.3716
2300 2 240815436 -71.1024 42.3851
2300 3 237819005 -71.1501 42.3479
2300 3 240902733 -71.1584 42.3534
2300 3 240729781 -71.1413 42.3587
2300 3 240821584 -71.1639 42.3762
2300 3 240902731 -71.1252 42.3544
2300 3 240197618 -71.1666 42.3494
2300 3 239813350 -71.1407 42.3601
2300 3 228139414 -71.1499 42.3477
2300 3 232083376 -71.1606 42.3509
2300 3 237535379 -71.0287 42.3808
2300 3 240425142 -71.147 42.3525
2300 3 240908939 -71.1398 42.361
2300 3 240848092 -71.1387 42.3444
2300 3 239813897 -71.1376 42.4076
2300 3 225337157 -71.1612 42.352
2300 3 240148511 -71.1664 42.3494
2300 3 228376340 -71.1612 42.3519
2300 3 226430522 -71.1501 42.3476
2300 3 239825124 -71.0589 42.3103
2300 3 239814302 -71.0855 42.3201
2325 0 240006869 -71.1468 42.3953
2325 1 240821259 -71.1547 42.2986
2325 1 240821255 -71.1549 42.2984
2325 2 239817546 -71.0969 42.3432
2325 3 240818043 -71.0955 42.3958
2350 1 241145812 -71.1449 42.34
2350 1 240908119 -71.0735 42.3542
2350 1 240818385 -71.1035 42.3836
2350 1 240818016 -71.1215 42.3796
2350 1 240574883 -71.0936 42.3699
2350 1 240818014 -71.1054 42.3704
2350 1 232575879 -71.1231 42.3793
2350 1 208869522 -71.0928 42.4084
2350 2 241162574 -71.068 42.2718
2350 2 241165617 -71.0858 42.3496
2350 2 241164179 -71.1116 42.3612
2350 2 240902804 -71.1411 42.3526
2350 2 240730483 -71.135 42.3999
2350 2 240733454 -71.1773 42.3524
2350 2 240734330 -71.135 42.3999
2350 3 241165546 -71.1628 42.3488
2350 3 240976511 -71.1607 42.349
2350 3 240907916 -71.0811 42.3494
2350 3 228135899 -71.1491 42.3519
2350 3 233645583 -71.1456 42.3524
2375 2 240814919 -71.1133 42.3718
2375 2 224329056 -71.1511 42.3372
2375 2 239820762 -71.1239 42.3489
2375 2 230994675 -71.0971 42.3421
2375 3 239429261 -71.0986 42.314
2400 0 241035468 -71.077 42.3365
2400 0 240978038 -71.0762 42.3542
2400 0 240460961 -71.0632 42.3549
2400 0 240978000 -71.0763 42.3541
2400 0 240460939 -71.0634 42.3545
2400 1 239933250 -71.0525 42.3764
2400 1 241145980 -71.1082 42.348
2400 1 240720501 -71.0661 42.3602
2400 1 239740654 -71.0661 42.3602
2400 1 239812506 -71.0908 42.3468
2400 1 235946940 -71.0812 42.3502
2400 1 239742429 -71.066 42.3602
2400 1 232082002 -71.0854 42.3456
2400 1 228825656 -71.085 42.3458
2400 1 240818372 -71.1055 42.3703
2400 1 240453111 -71.0745 42.3711
2400 1 231562255 -71.0811 42.3497
2400 1 240480721 -71.0896 42.3495
2400 1 232320629 -71.0561 42.3644
2400 1 239814064 -71.1407 42.3762
2400 1 240574869 -71.1075 42.3781
2400 1 240461010 -71.0634 42.3545
2400 1 240816059 -71.1094 42.3869
2400 1 241141530 -71.0616447 42.3769827
2400 2 241165849 -71.1606 42.3513
2400 2 241165528 -71.1081 42.3479
2400 2 241165841 -71.137 42.3561
2400 2 241145961 -71.1184 42.3311
2400 2 241165840 -71.1369 42.3564
2400 2 239819530 -71.1297 42.3607
2400 2 240821521 -71.087 42.3722
2400 2 240908497 -71.1077 42.3561
2400 2 239825812 -71.1356 42.3461
2400 2 240147759 -71.1727 42.3201
2400 2 225182486 -71.1336 42.3507
2400 2 239741014 -71.1197 42.3475
2400 2 239814497 -71.091 42.3732
2400 2 239981428 -71.17 42.3811
2400 2 240978030 -71.102 42.375
2400 2 239818326 -71.0911 42.3736
2400 2 240720650 -71.1197 42.3475
2400 2 240909106 -71.0977 42.3414
2400 2 240244940 -71.1181 42.3311
2400 2 241017737 -71.1334 42.3851
2400 2 239822114 -71.1057 42.3321
2400 2 240815326 -71.0977 42.3675
2400 2 238772043 -71.137 42.3563
2400 2 240425084 -71.1019 42.3749
2400 2 240070600 -71.0944 42.3732
2400 2 240908718 -71.0922 42.3718
2400 2 239821268 -71.1371 42.3561
2400 2 240816074 -71.0879 42.3824
2400 2 240617127 -71.1125 42.3241
2400 2 240817803 -71.1334 42.3844
2400 2 239821267 -71.137 42.3564
2400 2 240818788 -71.1106 42.3853
2400 2 239818267 -71.0625 42.3717
2400 3 241164010 -71.0882 42.3837
2400 3 240976500 -71.1446 42.3435
2400 3 240455326 -71.174 42.3501
2400 3 239813351 -71.1384 42.346
2400 3 240425224 -71.1324 42.3493
2400 3 240613794 -70.9873 42.3707
2400 3 240722817 -71.1663 42.3493
2400 3 241018039 -71.1591 42.3417
2400 3 239747227 -71.1711 42.3692
2400 3 240902732 -71.1311 42.3597
2400 3 240280672 -71.1168 42.295
2400 3 240456591 -71.1763 42.3678
2400 3 233114553 -71.161 42.3532
2400 3 236742017 -71.1113 42.2986
2400 3 240621643 -71.1446 42.3435
2400 3 239815543 -71.1321 42.35
2400 3 240938250 -71.1675 42.3542
2400 3 239810569 -71.1457 42.3433
2400 3 236742041 -71.0938 42.3172
2400 3 240734357 -71.1351 42.3525
2400 3 229799254 -71.1335 42.3508
2400 3 240817433 -71.1014 42.3961
2400 3 239814512 -71.0891 42.3939
2400 3 225982973 -71.1318 42.361
2400 4 240821380 -71.1457 42.3433
2425 0 240721568 -71.0729 42.3703
2425 1 241165444 -71.1461 42.392
2425 1 241099573 -71.1219 42.3797
2425 1 241145417 -71.0864 42.346
2425 1 241145396 -71.0863 42.346
2425 2 235040529 -71.0913 42.3412
2450 0 239995254 -71.0826 42.3635
2450 0 240354318 -71.0687 42.3372
2450 1 241113758 -71.1269 42.3409
2450 1 241164113 -71.109 42.3699
2450 1 240346035 -71.0691 42.3597
2450 1 235788715 -71.1291 42.3868
2450 2 240947217 -71.0134 42.3866
2450 2 241145523 -71.0638 42.3802
2450 2 240070183 -71.1514 42.3391
2450 2 240906130 -71.1029 42.33
2450 2 240729383 -71.052 42.3658
2450 2 239815502 -71.0997 42.342
2450 2 228373688 -71.097 42.342
2450 2 236743425 -71.1057 42.3323
2450 2 239815499 -71.0959 42.3434
2450 2 240734306 -71.1347 42.4003
2450 2 240733367 -71.1771 42.3524
2450 2 240733449 -71.1771 42.3524
2450 2 240619106 -71.1589 42.3714
2450 2 237789457 -71.0703 42.3605
2450 3 225336890 -71.157 42.3507
2450 3 240353963 -71.1143 42.2937
2450 3 240574877 -71.1344 42.3619
2450 3 239820766 -71.0882 42.3837
2475 0 240005024 -71.0603 42.3503
2475 1 241013722 -71.0644 42.3522
2475 1 241164200 -71.1179 42.3817
2475 1 240815213 -71.1149 42.372
2475 1 239815140 -71.0849 42.3455
2475 1 233112788 -71.0754 42.3377
2475 2 229762307 -71.1121 42.3721
2475 3 241099559 -71.1118 42.4035
2475 3 240621146 -71.1513 42.3364
2475 3 236743568 -71.1553 42.2855
2500 0 241018027 -71.1293 42.3635
2500 0 232326131 -71.0773 42.3707
2500 1 239938470 -71.1019 42.3625
2500 1 241145632 -71.0702 42.3446
2500 1 241165613 -71.0819 42.3436
2500 1 241164116 -71.1074 42.3781
2500 1 241031628 -71.0518 42.3748
2500 1 240815924 -71.1184 42.3817
2500 1 235788437 -71.1235 42.3419
2500 1 239812272 -71.1215 42.338
2500 1 235946047 -71.0695 42.3438
2500 1 239822126 -71.1175 42.382
2500 1 239980434 -71.1744 42.3376
2500 1 239815729 -71.0542 42.358
2500 1 240729261 -71.0756 42.3544
2500 1 240486027 -71.0696 42.3438
2500 1 225488580 -71.1423 42.3518
2500 1 240729617 -71.0756 42.3546
2500 1 236417155 -71.0822 42.3447
2500 1 240815156 -71.112 42.3598
2500 2 241164267 -71.1139 42.385
2500 2 241031614 -71.0897 42.3713
2500 2 225489202 -71.1338 42.3393
2500 2 240902898 -71.1154 42.3407
2500 2 239741272 -71.1386 42.3458
2500 2 240908680 -71.1632 42.3218
2500 2 241036021 -71.1244 42.348
2500 2 239822136 -71.1314 42.3486
2500 2 240730208 -71.1331 42.3465
2500 2 239751280 -71.0303 42.2948
2500 2 240244878 -71.1631 42.3215
2500 2 240194778 -71.1191 42.3388
2500 2 240847992 -71.1632 42.3217
2500 2 240818025 -71.1084 42.369
2500 2 241035471 -71.1016 42.3835
2500 2 240818155 -71.137 42.3925
2500 2 241145591 -71.1632 42.3213
2500 2 240847990 -71.1631 42.3216
2500 2 239820116 -71.1357 42.3484
2500 2 240416685 -71.0602 42.3523
2500 2 240417716 -71.0915 42.3472
2500 2 239815208 -71.0912 42.3413
2500 2 240815301 -71.1123 42.3608
2500 2 240354332 -71.103 42.3301
2500 2 240942893 -71.0393 42.3361
2500 2 235377200 -71.128 42.3588
2500 2 239761552 -71.0856 42.3453
2500 2 240848133 -71.1331 42.3465
2500 2 240815182 -71.1078 42.3679
2500 2 241164110 -71.0857 42.3968
2500 2 239814554 -71.1008 42.3759
2500 2 234429554 -71.0527 42.3158
2500 2 240818384 -71.1009 42.3757
2500 2 240346039 -71.0698 42.3595
2500 2 232082493 -71.1491 42.3899
2500 3 241164227 -71.0956 42.3763
2500 3 241145525 -71.1023 42.3331
2500 3 238773958 -71.1574 42.3493
2500 3 239812347 -71.1455 42.3415
2500 3 233473689 -71.1701 42.3536
2500 3 239815144 -71.1403 42.3589
2500 3 240908480 -71.1711 42.3692
2500 3 241035442 -71.1324 42.3585
2500 3 239816103 -71.1626 42.3488
2500 3 239813355 -71.1399 42.3521
2500 3 228139837 -71.1366 42.3585
2500 3 235336007 -71.1603 42.3461
2500 3 241145520 -71.1746 42.351
2500 3 240821600 -71.1711 42.3692
2500 3 241035837 -71.0492 42.2806
2500 3 240720801 -71.1623 42.3488
2500 3 240591187 -71.1344 42.3615
2500 3 240621062 -71.1585 42.2591
2500 3 224329229 -71.1341 42.3525
2500 3 241036986 -71.0934 42.3908
2500 3 233474451 -71.1366 42.3596
2500 3 239981000 -71.1544 42.3679
2500 3 240729415 -71.1696 42.3445
2500 3 234164068 -71.1211 42.2933
2500 3 225181466 -71.1266 42.3547
2500 3 240729389 -71.1637 42.3521
2500 3 240574776 -71.1755 42.3179
2500 3 240816064 -71.1004 42.392
2500 3 240547741 -71.1494 42.3556
2500 4 241165646 -71.1436 42.3609
2500 4 241145963 -71.1436 42.3605
2500 4 241145526 -71.1312 42.3554
2500 4 241036019 -71.1469 42.275
2500 4 240733605 -71.1725 42.3539
2525 0 240727924 -71.0503 42.3772
2525 1 229799320 -71.0845 42.3454
2525 2 241163893 -71.121 42.3958
2525 2 240354555 -71.1554 42.2999
2525 3 239818916 -71.1145 42.3026
2550 1 240006885 -71.1468 42.3953
2550 1 241145583 -71.1208 42.3442
2550 1 240815063 -71.1077 42.3646
2550 1 240485964 -71.0559 42.3655
2550 1 240424324 -71.056 42.3657
2550 2 239995573 -71.1536 42.3806
2550 2 241164226 -71.1231 42.3975
2550 2 240721924 -71.1444 42.3374
2550 2 241031632 -71.0295 42.3381
2550 2 236764346 -71.0687 42.3607
2550 2 233112929 -71.1446 42.3374
2550 3 241165529 -71.1537 42.3403
2550 3 241099903 -71.126 42.3422
2550 3 241164260 -71.1007 42.3954
2550 3 240976883 -71.1541 42.3404
2550 3 240900829 -71.1114 42.331
2550 3 240277393 -71.1144 42.3025
2550 3 240317499 -71.1781 42.3212
2550 3 239813358 -71.1322 42.3594
2550 3 239980775 -71.125 42.4126
2550 3 239814976 -71.1321 42.3595
2550 3 239815547 -71.157 42.3507
2550 3 226300240 -71.1316 42.3612
2550 3 237672801 -71.098 42.3717
2550 4 239811872 -71.0631 42.3208
2575 2 241165609 -71.1379 42.3361
2575 2 236744103 -71.1382 42.3362
2575 3 239814963 -71.0949 42.3909
2575 3 240818376 -71.0958 42.3915
2600 0 241165826 -71.1452 42.3385
2600 0 241031599 -71.0598 42.3656
2600 1 241013725 -71.1309 42.3399
2600 1 240593065 -71.078 42.3846
2600 1 241098976 -71.0786 42.3707
2600 1 241145335 -71.1308 42.3395
2600 1 240815165 -71.1219 42.3852
2600 1 240242678 -71.121 42.3439
2600 1 239813387 -71.1338 42.3398
2600 1 241031678 -71.0658 42.3643
2600 1 240070846 -71.1209 42.3439
2600 1 240733591 -71.0894 42.3495
2600 1 239741833 -71.0815 42.3386
2600 1 240733638 -71.0866 42.3501
2600 1 228995087 -71.09 42.3504
2600 1 239741834 -71.0815 42.3386
2600 1 240575059 -71.1208 42.3442
2600 1 240417683 -71.0719 42.3436
2600 1 240814636 -71.1218 42.3852
2600 1 240621266 -71.121 42.3438
2600 2 241163149 -71.1143 42.3653
2600 2 241145581 -71.1504 42.3386
2600 2 241164168 -71.1295 42.3937
2600 2 241145445 -71.1428 42.3379
2600 2 241145594 -71.1512 42.3431
2600 2 240819148 -71.1293 42.3938
2600 2 240902911 -71.0892 42.3414
2600 2 239810941 -71.1402 42.3476
2600 2 224454592 -71.1115 42.3312
2600 2 239757902 -71.1161 42.3221
2600 2 240818369 -71.1065 42.3577
2600 2 240821295 -71.1253 42.3503
2600 2 240278876 -71.0565 42.3668
2600 2 240909134 -71.1079 42.3481
2600 2 236751171 -71.11 42.3213
2600 2 240909129 -71.1078 42.3479
2600 2 240730007 -71.1425 42.3378
2600 2 240815571 -71.1083 42.3802
2600 2 239751067 -71.0815 42.3385
2600 2 235788683 -71.0636 42.4082
2600 2 240977043 -71.1143 42.3653
2600 2 240818512 -71.0774 42.3684
2600 2 239815652 -71.0886 42.3437
2600 2 240942727 -71.1204 42.3826
2600 3 241165572 -71.1696 42.356
2600 3 241165547 -71.1698 42.3564
2600 3 241164306 -71.0889 42.3747
2600 3 224329138 -71.1275 42.3522
2600 3 240280478 -71.0971 42.3132
2600 3 226430534 -71.162 42.3492
2600 3 224329137 -71.1279 42.3522
2600 3 239818344 -71.1661 42.3742
2600 3 240718787 -71.1686 42.354
2600 3 228376657 -71.1454 42.3543
2600 3 239821160 -71.1366 42.3491
2600 3 240620984 -71.139 42.3443
2600 3 240716489 -71.1384 42.3455
2600 3 239818307 -71.0911 42.3732
2600 3 228368582 -71.1268 42.3548
2600 3 225753227 -71.1456 42.3543
2600 3 240733545 -71.1696 42.3516
2600 3 235945726 -71.1376 42.3446
2600 3 240976842 -71.1354 42.3544
2600 3 240848196 -71.1441 42.3263
2600 3 240819196 -71.0895 42.3749
2600 3 240547732 -71.1512 42.3477
2600 3 240070838 -71.0889 42.3747
2600 4 241145507 -71.1691 42.3524
2600 4 240575072 -71.011 42.3855
2600 4 240902869 -71.1302 42.3594
2600 4 240424484 -71.1342 42.4246
2600 4 240892043 -71.0196146 42.4259409
2625 0 240720051 -71.0736 42.3702
2625 1 240814747 -71.1219 42.3852
2625 1 239752364 -71.0682 42.3443
2625 1 241035456 -71.0658 42.3643
2625 1 240416735 -71.0895 42.3493
2625 2 240193990 -71.1161 42.3221
2625 2 240425080 -71.102 42.375
2625 2 238771509 -71.1674 42.3528
2625 2 236744047 -71.0554 42.3291
2625 2 228368766 -71.1214 42.3469
2625 3 240902606 -71.1267 42.3546
2625 3 240730579 -71.1696 42.3516
2625 3 236752582 -71.1144 42.3024
2625 3 240729255 -71.1512 42.3477
2625 4 240575071 -71.011 42.3855
2650 0 240005764 -71.0786 42.366
2650 0 239994219 -71.1504 42.3995
2650 0 240727104 -71.1112 42.3269
2650 1 240734400 -71.0751 42.3449
2650 1 240482010 -71.0696 42.3438
2650 2 241145410 -71.0845 42.3451
2650 2 240485924 -71.0559 42.364
2650 2 239811680 -71.0533 42.3662
2650 3 239935106 -71.1438 42.3593
2650 3 241099450 -71.1353 42.3483
2650 3 241099761 -71.1421 42.3418
2650 3 240942553 -71.0817 42.3873
2650 3 239812033 -71.1466 42.3419
2650 3 240424776 -71.1262 42.3423
2650 3 226124853 -71.1346 42.3549
2650 3 240548195 -71.1473 42.3419
2650 3 240976827 -71.1467 42.3414
2650 3 236736793 -71.102 42.3275
2650 3 229796778 -71.1381 42.3526
2650 3 240718818 -71.1434 42.3376
2650 3 239746922 -71.1227 42.4021
2650 4 240821559 -71.1633 42.3667
2675 3 241145192 -71.1419 42.3417
2675 3 241145558 -71.1515 42.3406
2675 4 240729828 -71.1642 42.3557
2700 0 240725139 -71.1104 42.3293
2700 1 241013717 -71.0716 42.3456
2700 1 239933930 -71.1018 42.3335
2700 1 240975544 -71.0633 42.4005
2700 1 223140159 -71.1436 42.39
2700 1 239817537 -71.0906 42.3507
2700 1 235773817 -71.0381 42.3698
2700 1 216872638 -71.0655 42.3438
2700 1 241031663 -71.0798 42.3398
2700 1 235788631 -71.0513 42.3397
2700 1 233462031 -71.0705 42.3487
2700 2 241013734 -71.0559 42.3641
2700 2 241013731 -71.067 42.3608
2700 2 241164405 -71.115 42.3716
2700 2 241099804 -71.1018 42.3718
2700 2 240733576 -71.0691 42.3592
2700 2 240720698 -71.1393 42.3483
2700 2 240977997 -71.0674 42.3495
2700 2 240485885 -71.0748 42.3364
2700 2 240354094 -71.0748 42.3363
2700 2 240485954 -71.0875 42.3699
2700 2 240815180 -71.1201 42.3796
2700 2 239570878 -71.0882 42.3879
2700 2 241035481 -71.0611 42.3756
2700 2 240816749 -71.1112 42.3953
2700 2 240733653 -71.0812 42.345
2700 2 240424664 -71.0559 42.3641
2700 2 240353626 -71.0748 42.3363
2700 2 240717231 -71.0312 42.3317
2700 2 240815282 -71.1154 42.3719
2700 2 239811807 -71.052 42.3658
2700 2 237645681 -71.0787 42.3412
2700 2 240942502 -71.1499 42.377
2700 2 239753987 -71.1602 42.3585
2700 2 240485936 -71.1377 42.3389
2700 2 231266831 -71.1113 42.3948
2700 2 240816741 -71.0873 42.3704
2700 3 241164118 -71.0956 42.3755
2700 3 241100137 -71.145 42.3438
2700 3 241100053 -71.1449 42.3442
2700 3 234810931 -71.1513 42.3364
2700 3 240942436 -71.1451 42.3439
2700 3 237822601 -71.1381 42.3527
2700 3 240486103 -71.1307 42.3497
2700 3 239822107 -71.1544 42.3495
2700 3 236583171 -71.1573 42.3494
2700 3 239813367 -71.1355 42.3547
2700 3 240574866 -71.103 42.3921
2700 3 240485698 -71.1382 42.3527
2700 3 240197343 -71.1453 42.3444
2700 3 237822569 -71.1381 42.3525
2700 3 240485605 -71.1451 42.3443
2700 3 239980875 -71.1049 42.4266
2700 3 236931448 -71.1309 42.3598
2700 3 237822839 -71.1353 42.3541
2700 3 239813370 -71.1454 42.3445
2700 3 240280418 -71.0959 42.3973
2700 3 240617876 -71.1786 42.3201
2700 3 240734352 -71.1594 42.3458
2700 3 240729541 -71.1296 42.3516
2700 3 228139428 -71.139 42.3486
2700 3 240733588 -71.1111 42.3903
2700 3 226430614 -71.133 42.3514
2700 3 240461112 -71.1789 42.3799
2700 4 238563674 -71.0766 42.4285
2700 4 240942432 -71.1367 42.3491
2700 4 240976775 -71.1333 42.3522
2700 4 229800568 -71.1654 42.3515
2700 4 240148401 -71.1098 42.4098
2725 2 241098970 -71.1216 42.3398
2725 3 240460440 -71.1507 42.3402
2750 1 240814739 -71.0778 42.3658
2750 1 233305472 -71.0654 42.3577
2750 1 240480760 -71.0602 42.3558
2750 2 241099357 -71.0683 42.3593
2750 2 239815153 -71.1383 42.3383
2750 2 236744045 -71.1052 42.3207
2750 2 241035447 -71.1428 42.3375
2750 2 240908182 -71.0701 42.3373
2750 2 240815295 -71.1141 42.3929
2750 3 241145086 -71.1296 42.351
2750 3 241099313 -71.1034 42.3863
2750 3 236736781 -71.1115 42.3312
2750 3 228142996 -71.1297 42.3504
2750 3 228143151 -71.1424 42.3417
2750 3 240942416 -71.1287 42.3508
2750 3 240902609 -71.1696 42.3458
2750 3 228376644 -71.1694 42.3459
2750 3 239815004 -71.1274 42.3598
2750 3 238106447 -71.1485 42.3418
2750 3 240815419 -71.112 42.3616
2750 4 237986057 -71.1609 42.3538
2750 4 240821236 -71.115 42.2972
2775 1 223853900 -71.0875 42.3462
2775 2 240947730 -71.0642 42.4083
2775 3 241164135 -71.087 42.3715
2775 3 228368571 -71.151 42.3398
2775 3 240906774 -71.132 42.3552
2775 3 239820986 -71.1514 42.3404
2775 4 239815007 -71.1645 42.3559
2775 4 234640048 -71.1521 42.3388
2800 0 241013745 -71.0468 42.3501
2800 0 241035561 -71.0526 42.3542
2800 0 223843171 -71.0655 42.3438
2800 1 241164234 -71.107 42.3719
2800 1 240727369 -71.0768 42.3457
2800 1 239760334 -71.0768 42.3457
2800 1 224329638 -71.0584 42.3575
2800 2 241164180 -71.1203 42.3847
2800 2 241018296 -71.1205 42.3904
2800 2 241018456 -71.1385 42.3377
2800 2 239748440 -71.1181 42.3387
2800 2 240723869 -71.1181 42.3388
2800 2 240280411 -71.1177 42.3394
2800 2 240485633 -71.0889 42.3504
2800 2 239744658 -71.118 42.3389
2800 2 240817108 -71.1102 42.3751
2800 2 237822473 -71.122 42.345
2800 2 240815175 -71.0918 42.3939
2800 2 240280421 -71.1181 42.3388
2800 2 240819147 -71.1366 42.3821
2800 2 239822702 -71.1177 42.3394
2800 2 240146509 -71.1179 42.3394
2800 2 240721713 -71.118 42.3389
2800 2 241035631 -71.1342 42.3837
2800 2 240815297 -71.0966 42.3802
2800 2 240848127 -71.1386 42.3381
2800 2 240481513 -71.0866 42.3462
2800 2 240848131 -71.0875 42.3699
2800 2 239586567 -71.0706 42.3597
2800 2 237983019 -71.108 42.348
2800 2 232320930 -71.0647 42.359
2800 2 240818180 -71.1192 42.386
2800 2 240819087 -71.1247 42.3789
2800 3 241173057 -71.1328 42.3505
2800 3 239810383 -71.1539 42.351
2800 3 226301640 -71.1473 42.3393
2800 3 240816155 -71.0957 42.3723
2800 3 240902897 -71.1329 42.3542
2800 3 240908352 -71.1662 42.3753
2800 3 240816157 -71.1575 42.3922
2800 3 240977175 -71.1367 42.3454
2800 3 239820113 -71.1326 42.3477
2800 3 239813375 -71.1516 42.3397
2800 3 236743428 -71.108 42.3315
2800 3 239813382 -71.1367 42.3454
2800 3 239822118 -71.1022 42.3331
2800 3 240815926 -71.0782 42.386
2800 3 240976951 -71.1127 42.332
2800 3 240905033 -71.1298 42.3511
2800 3 240976736 -71.1368 42.3454
2800 3 236736745 -71.1067 42.3318
2800 3 239818332 -71.132 42.3605
2800 3 233209919 -71.1655 42.3514
2800 3 240574653 -71.1377 42.3389
2800 3 240816149 -71.1082 42.3886
2800 3 239811828 -71.1023 42.3331
2800 3 240733616 -71.1087 42.3163
2800 3 239813369 -71.1376 42.3447
2800 3 240486045 -71.138 42.3385
2800 3 239810877 -71.0777 42.3858
2800 3 229796776 -71.1365 42.3488
2800 3 240906770 -71.0566 42.3555
2800 3 240424543 -71.0911 42.3414
2800 4 241145513 -71.148 42.3532
2800 4 241145939 -71.14 42.3465
2800 4 226131694 -71.155 42.3486
2800 4 240729377 -71.1446 42.3598
2800 4 236744074 -71.0186 42.3833
2800 4 233111546 -71.0334 42.3775
2800 4 239812177 -71.1648 42.3519
2800 4 239810815 -71.0964 42.324
2800 4 233114563 -71.1365 42.36
2800 4 239825019 -71.1641 42.3501
2800 4 236736813 -71.1035 42.3277
2800 4 225182523 -71.13 42.3575
2800 4 240147268 -71.0127 42.2695
2800 4 238776078 -71.1768 42.3813
2825 1 240720132 -71.1724 42.3211
2825 1 241018038 -71.1293 42.3635
2825 1 239826004 -71.1293 42.3641
2825 1 240971503 -71.0542 42.3582
2825 3 240976710 -71.15 42.3364
2825 3 239813384 -71.1416 42.3415
2825 3 226430527 -71.1423 42.3419
2850 1 241173061 -71.0762 42.3446
2850 1 241018389 -71.0574 42.3581
2850 1 232326140 -71.0773 42.3707
2850 2 241164130 -71.104 42.3733
2850 2 241031595 -71.0658 42.3643
2850 2 240818028 -71.1218 42.3805
2850 2 239811028 -71.0815 42.3411
2850 2 225655880 -71.1201 42.3475
2850 2 235788709 -71.1291 42.3868
2850 2 240717302 -71.066 42.3609
2850 3 241164314 -71.1057 42.38
2850 3 236743399 -71.1115 42.3314
2850 3 240817390 -71.1057 42.377
2850 3 239813386 -71.1259 42.3423
2850 3 236293684 -71.1317 42.3551
2850 4 225336894 -71.1625 42.3529
2850 4 232197451 -71.0382 42.3799
2850 4 240815327 -71.084 42.3856
2850 4 240734732 -71.0992 42.3149
2850 5 240942675 -71.0607 42.4167
2875 3 240976698 -71.1674 42.3437
2875 4 241163312 -71.0965 42.396
2900 1 241013730 -71.0742 42.3486
2900 1 222934853 -71.0537 42.3757
2900 1 241031652 -71.074 42.3458
2900 2 241167356 -71.0949 42.409
2900 2 241165554 -71.1309 42.3399
2900 2 240908228 -71.1184 42.3467
2900 2 239810513 -71.1098 42.3456
2900 2 240733647 -71.1165 42.3419
2900 2 235341044 -71.0971 42.3435
2900 2 240733548 -71.1164 42.3419
2900 2 237671888 -71.0656 42.34
2900 2 239761231 -71.1215 42.3398
2900 2 239814625 -71.0561 42.3644
2900 2 240425189 -71.0898 42.3487
2900 2 240485741 -71.1219 42.3399
2900 2 239812239 -71.0656 42.34
2900 2 240591483 -71.117 42.3419
2900 3 240424740 -71.0971 42.3305
2900 3 239813393 -71.1474 42.3407
2900 3 238106423 -71.1476 42.3409
2900 3 236736795 -71.1052 42.3327
2900 3 240903050 -71.1361 42.3504
2900 3 233474063 -71.1359 42.3503
2900 3 240815064 -71.1039 42.3778
2900 3 239822216 -71.1378 42.3391
2900 3 241100172 -71.1231 42.3306
2900 3 239822630 -71.1815 42.388
2900 3 239815523 -71.1535 42.3468
2900 3 229796784 -71.1292 42.3518
2900 3 240729637 -71.1794 42.3722
2900 3 238106487 -71.1469 42.3418
2900 3 240816760 -71.1059 42.3802
2900 3 240733458 -71.1794 42.3722
2900 3 238427302 -71.0956 42.3245
2900 3 240815566 -71.1049 42.3962
2900 3 237076452 -71.0829 42.3333
2900 4 240243212 -71.1286 42.3517
2900 4 240460607 -71.1287 42.3515
2900 4 240942291 -71.157 42.3498
2925 0 241168362 -71.0627 42.3452
2925 0 240001761 -71.0628 42.3442
2925 1 239931096 -71.0839 42.363
2950 2 241164316 -71.1065 42.3553
2950 2 240818592 -71.1067 42.3554
2950 2 239738871 -71.1112 42.3823
2950 2 239749096 -71.1231 42.3793
2950 2 241036013 -71.1316 42.3467
2950 2 225490073 -71.0645 42.3437
2950 2 240548160 -71.0781 42.3433
2950 2 240413871 -71.0819 42.3433
2950 2 240729712 -71.0718 42.3534
2950 3 240733123 -71.129 42.3497
2950 3 240815062 -71.0918 42.381
2950 3 236756956 -71.1023 42.3225
2950 4 228139422 -71.1555 42.3423
2950 4 240902682 -71.1512 42.3484
2950 4 240819013 -71.0825 42.3861
2975 1 239933776 -71.0805 42.3483
2975 1 240005027 -71.0603 42.3503
2975 1 240575062 -71.0503 42.3772
2975 3 240947218 -71.0134 42.3866
2975 3 240818745 -71.1103 42.3971
2975 3 239817511 -71.1513 42.3381
2975 3 239814948 -71.1046 42.3786
2975 5 240942270 -71.1314 42.3557
3000 0 240872599 -71.0791 42.3487
3000 1 241099315 -71.0726 42.3543
3000 1 240970464 -71.1129 42.3418
3000 1 241099502 -71.0723 42.3548
3000 1 239812435 -71.1021 42.3339
3000 1 239820980 -71.0661 42.3596
3000 1 237536169 -71.0787 42.3412
3000 2 241165555 -71.0958 42.3425
3000 2 241031618 -71.0877 42.3428
3000 2 240280513 -71.0444 42.3364
3000 2 239378898 -71.0395 42.3329
3000 2 237819753 -71.1052 42.3462
3000 2 240280424 -71.1167 42.342
3000 2 239813398 -71.0884 42.3434
3000 2 239814898 -71.0791 42.3376
3000 2 241035558 -71.1294 42.3984
3000 2 240978201 -71.1171 42.3421
3000 2 241017992 -71.1029 42.3701
3000 2 228139402 -71.1056 42.3469
3000 2 240733627 -71.0648 42.3749
3000 2 240424530 -71.0698 42.3372
3000 2 239811727 -71.0889 42.3504
3000 2 241035479 -71.0665 42.3781
3000 2 239812549 -71.0666 42.3387
3000 2 224162556 -71.0928 42.4084
3000 2 240617160 -71.1152 42.3406
3000 2 232197837 -71.1263 42.3425
3000 3 241013718 -71.0573 42.3642
3000 3 241165851 -71.1171 42.3364
3000 3 241100158 -71.1325 42.3393
3000 3 241163885 -71.1136 42.3963
3000 3 240817753 -71.1135 42.3622
3000 3 239811109 -71.1467 42.3402
3000 3 241035622 -71.0898 42.3723
3000 3 240460385 -71.1326 42.3392
3000 3 239812235 -71.1298 42.4051
3000 3 240908037 -71.106 42.3602
3000 3 239812510 -71.136 42.3378
3000 3 239813400 -71.1331 42.3399
3000 3 240942260 -71.1331 42.354
3000 3 240977193 -71.1026 42.3765
3000 3 240815066 -71.1047 42.3786
3000 3 239821263 -71.1331 42.3541
3000 3 241031617 -71.0836 42.3357
3000 3 236742013 -71.1001 42.3301
3000 3 240815174 -71.0852 42.3835
3000 3 241145879 -71.1201 42.3475
3000 3 240574222 -71.1163 42.3363
3000 3 240818070 -71.1296 42.405
3000 3 236743420 -71.1117 42.3303
3000 3 239818265 -71.1328 42.3398
3000 3 232196915 -71.123 42.3306
3000 3 235156357 -71.142 42.3514
3000 3 239758903 -71.1127 42.332
3000 3 240818380 -71.0979 42.3754
3000 3 238893729 -71.0932 42.3112
3000 3 240816071 -71.0953 42.3673
3000 3 240820144 -71.0978 42.367
3000 3 240818021 -71.117 42.3886
3000 3 239752126 -71.1063 42.3909
3000 4 241035620 -71.129 42.4007
3000 4 240942917 -71.0963 42.3952
3000 4 239822225 -71.1132 42.4146
3000 4 239820771 -71.0874 42.3854
3000 4 241018520 -71.1566 42.3508
3000 4 240591192 -71.1358 42.3619
3000 4 226124066 -71.138 42.353
3000 4 237983088 -71.1573 42.3499
3000 4 240976651 -71.1567 42.3508
3000 4 238776569 -71.1322 42.359
3000 4 224329595 -71.1669 42.3525
3000 4 226300528 -71.1376 42.3552
3000 4 233318300 -71.1573 42.3499
3000 4 239814474 -71.1608 42.3728
3000 4 225488811 -71.1236 42.3513
3000 4 240904846 -71.1623 42.3339
3000 4 240460645 -71.1734 42.3533
3000 4 232197538 -71.0341 42.3686
3000 4 226430523 -71.15 42.3477
3000 4 240461113 -71.1787 42.3798
3000 5 240732487 -71.1552 42.3503
3025 0 239930718 -71.1014 42.3442
3025 2 239923033 -71.1152 42.3608
3050 1 241013721 -71.0786 42.3541
3050 1 224816170 -71.0602 42.3525
3050 2 240485951 -71.0551 42.3632
3050 2 235341403 -71.0547 42.3758
3050 3 236743341 -71.1057 42.3321
3050 3 240818039 -71.1319 42.3935
3050 3 240815422 -71.115 42.3857
3050 3 240486044 -71.1057 42.3323
3075 1 239994221 -71.1504 42.3995
3075 2 240006900 -71.1468 42.3953
3075 3 241165556 -71.1463 42.3407
3100 1 241035621 -71.0742 42.3695
3100 1 240725141 -71.1104 42.3293
3100 1 239823232 -71.1112 42.3269
3100 1 232902643 -71.0797 42.3501
3100 2 241013738 -71.0553 42.3663
3100 2 239938472 -71.1019 42.3625
3100 2 239933849 -71.078 42.3846
3100 2 241164020 -71.0856 42.3601
3100 2 241164261 -71.1328 42.3852
3100 2 241145356 -71.1308 42.3395
3100 2 237209419 -71.081 42.3397
3100 2 240405780 -71.0687 42.3432
3100 2 227282656 -71.0885 42.343
3100 2 227282660 -71.0886 42.3432
3100 2 241035462 -71.0802 42.3453
3100 2 240354256 -71.0551 42.3632
3100 2 240480732 -71.0891 42.3431
3100 2 240844681 -71.1211 42.3781
3100 2 235773812 -71.0381 42.3698
3100 2 236157271 -71.1076 42.3676
3100 3 241099204 -71.1235 42.3482
3100 3 241145620 -71.1235 42.3482
3100 3 241164388 -71.1291 42.3843
3100 3 241163106 -71.1136 42.3625
3100 3 236743421 -71.0998 42.3319
3100 3 230084899 -71.1261 42.353
3100 3 239737514 -71.1467 42.3405
3100 3 233113296 -71.1516 42.3481
3100 3 238106183 -71.1671 42.3437
3100 3 240817120 -71.1018 42.3946
3100 3 239822157 -71.1323 42.3404
3100 4 241165588 -71.1564 42.3507
3100 4 228139439 -71.1395 42.349
3100 4 237983485 -71.1254 42.3549
3100 4 240976592 -71.1565 42.351
3100 4 241018526 -71.1563 42.3508
3100 4 240722335 -71.1384 42.3532
3100 4 237986070 -71.1616 42.3551
3100 4 239751418 -71.1122 42.3938
3100 4 240245106 -71.1454 42.4177
3100 4 237822655 -71.1381 42.3526
3100 5 241145970 -71.1384 42.3413
3100 5 241099583 -71.1101 42.2982
3125 4 241163889 -71.0963 42.3952
3150 2 239928500 -71.1001 42.3346
3150 2 240244914 -71.115 42.3343
3150 3 239813404 -71.1316 42.3542
3150 3 240816260 -71.0902 42.3691
3150 3 240815575 -71.084 42.3833
3175 1 240720055 -71.0736 42.3702
3175 2 240722798 -71.1162 42.3425
3175 2 239746497 -71.1162 42.3425
3175 2 240146628 -71.1162 42.3419
3175 2 239618760 -71.1316 42.2866
3175 3 241165560 -71.1207 42.3434
3200 1 236764323 -71.0769 42.3546
3200 1 233444344 -71.0484 42.3501
3200 2 240451315 -71.0551 42.3632
3200 2 239931087 -71.1546 42.3386
3200 2 241165852 -71.1317 42.3383
3200 2 241145979 -71.1082 42.348
3200 2 241035615 -71.0897 42.383
3200 2 236760360 -71.0491 42.339
3200 2 241035474 -71.1069 42.3485
3200 2 233835384 -71.0553 42.3663
3200 2 237077228 -71.0768 42.3457
3200 2 240722496 -71.065 42.3597
3200 2 232613073 -71.0563 42.3664
3200 2 240819146 -71.1035 42.3732
3200 2 233835374 -71.0554 42.3663
3200 2 237299763 -71.0666 42.3387
3200 2 240815617 -71.1029 42.3893
3200 2 239814710 -71.0565 42.3666
3200 2 240482659 -71.0673 42.362
3200 2 240815573 -71.129 42.4064
3200 3 241164025 -71.1047 42.3613
3200 3 236744025 -71.1035 42.3225
3200 3 240818181 -71.0931 42.3697
3200 3 240815240 -71.1281 42.3935
3200 3 239819048 -71.1047 42.3613
3200 3 240816077 -71.1178 42.3965
3200 4 239819022 -71.1353 42.3485
3200 4 240904841 -71.1324 42.3507
3200 4 228142883 -71.1644 42.3524
3200 4 240942239 -71.1295 42.3541
3200 4 240904840 -71.1355 42.3504
3200 4 240942213 -71.1304 42.3546
3200 4 240591181 -71.1567 42.3511
3200 4 236751173 -71.1105 42.3326
3200 4 239814165 -71.1468 42.3414
3200 4 240070612 -71.1479 42.3367
3200 4 240195529 -71.1482 42.3366
3200 4 240814776 -71.1227 42.3878
3200 4 228142941 -71.1384 42.3543
3200 4 237986081 -71.133 42.3525
3200 4 238773558 -71.0998 42.3123
3200 4 240197248 -71.1477 42.3369
3200 4 236743355 -71.0994 42.3122
3200 4 239061268 -71.1135 42.2989
3200 4 224329511 -71.1407 42.3532
3200 4 240716530 -71.1388 42.3546
3200 4 240424497 -71.1304 42.3545
3200 4 240942686 -71.1199 42.4133
3200 4 236742005 -71.1066 42.3195
3200 4 230219812 -71.1477 42.3448
3200 5 240197487 -71.1733 42.3536
3200 5 240197554 -71.1728 42.3535
3200 5 239738467 -71.1645 42.3738
3225 0 239999247 -71.0804 42.3481
3225 3 241164173 -71.0901 42.3705
3250 2 241013726 -71.0792 42.3677
3250 2 241145427 -71.0629 42.3486
3250 2 240486035 -71.0845 42.3454
3250 2 241035477 -71.0749 42.3429
3250 2 222934855 -71.0537 42.3757
3250 2 241145449 -71.0629 42.3486
3250 2 240417720 -71.081 42.3412
3250 2 240070104 -71.0887 42.3458
3250 3 240816740 -71.1125 42.3717
3250 3 240818607 -71.1213 42.3916
3250 4 240815095 -71.0852 42.3858
3300 1 241013713 -71.0913 42.3486
3300 1 240005769 -71.0786 42.366
3300 1 240006250 -71.1268 42.3403
3300 1 225827919 -71.0961 42.3454
3300 2 241031597 -71.0778 42.3718
3300 2 241035465 -71.0791 42.3372
3300 2 241031594 -71.0802 42.3393
3300 2 241031627 -71.1063 42.346
3300 2 239810623 -71.0508 42.3768
3300 2 240817874 -71.1315 42.3901
3300 2 236582548 -71.0831 42.352
3300 2 223843172 -71.0655 42.3438
3300 2 240591468 -71.1209 42.3795
3300 3 241164170 -71.1295 42.3937
3300 3 240548214 -71.1332 42.3523
3300 3 240908277 -71.1328 42.348
3300 3 236583158 -71.1255 42.3491
3300 3 240574758 -71.1582 42.3524
3300 3 239814960 -71.1047 42.3784
3300 3 239815942 -71.1457 42.3403
3300 3 240243766 -71.1255 42.3492
3300 3 238106460 -71.1199 42.3476
3300 3 240574223 -71.1329 42.3371
3300 3 238106366 -71.1198 42.3363
3300 3 239818707 -71.12 42.3363
3300 3 240817968 -71.0924 42.3691
3300 3 240485645 -71.1453 42.3403
3300 3 237986133 -71.133 42.3525
3300 3 239815564 -71.0929 42.3692
3300 3 236893986 -71.1119 42.4217
3300 3 239814726 -71.0869 42.3432
3300 3 240815284 -71.0875 42.3836
3300 3 239437007 -71.1125 42.3717
3300 4 240280457 -71.1523 42.344
3300 4 224329533 -71.1353 42.3503
3300 4 240847987 -71.1514 42.3441
3300 4 241099861 -71.1104 42.3329
3300 4 236742002 -71.1118 42.332
3300 4 240942191 -71.1519 42.3439
3300 4 240847892 -71.1521 42.3439
3300 4 240847986 -71.1517 42.3443
3300 4 236930706 -71.1046 42.3786
3300 4 229941412 -71.1473 42.3419
3300 4 240617916 -71.1475 42.341
3300 5 240317632 -71.0887 42.3254
3300 5 238541529 -71.0888 42.3257
3325 2 240941859 -71.1461 42.392
3350 2 241013724 -71.1168 42.3473
3350 2 228995328 -71.0735 42.3542
3350 3 241164131 -71.1168 42.403
3350 3 237822716 -71.1174 42.3434
3350 4 236742030 -71.1019 42.3311
3350 4 236736773 -71.1291 42.355
3350 4 236736774 -71.129 42.355
3375 1 240727931 -71.0503 42.3772
3375 4 240976922 -71.1597 42.3729
3400 0 241166634 -71.0493 42.3406
3400 0 233113112 -71.1061 42.3896
3400 1 239815735 -71.0528 42.3576
3400 1 225337028 -71.0408 42.3489
3400 2 236927006 -71.1076 42.3782
3400 2 240978032 -71.089 42.3508
3400 2 239815730 -71.0542 42.358
3400 2 241018518 -71.0892 42.3508
3400 2 241164262 -71.1046 42.3686
3400 3 239928501 -71.1001 42.3346
3400 3 238773553 -71.1446 42.3252
3400 3 240820179 -71.1219 42.3912
3400 3 228139434 -71.1238 42.3482
3400 3 237983116 -71.1238 42.3481
3400 3 239760607 -71.1247 42.3494
3400 3 238106113 -71.1456 42.3369
3400 3 240905009 -71.1021 42.3309
3400 3 226300515 -71.1342 42.3504
3400 3 237817063 -71.1052 42.3459
3400 3 226300166 -71.1235 42.3482
3400 4 230084665 -71.1282 42.3528
3400 4 237822801 -71.1281 42.3523
3400 4 241035433 -71.1281 42.3427
3400 4 236736754 -71.11 42.3329
3400 4 240904835 -71.1452 42.3396
3400 4 236742000 -71.1048 42.3311
3400 4 240816745 -71.1348 42.3959
3400 4 240942156 -71.1481 42.3502
3400 4 240460473 -71.148 42.3504
3400 4 224329113 -71.1286 42.3532
3400 4 239821269 -71.129 42.3512
3400 4 236754353 -71.1062 42.3194
3400 4 237983719 -71.1484 42.3508
3400 5 241165582 -71.1565 42.351
3400 5 240976582 -71.1512 42.3431
3400 5 240976583 -71.1567 42.3511
3400 5 237672155 -71.1302 42.3594
3400 5 240907971 -71.151 42.3433
3450 1 241145551 -71.0378 42.3478
3450 2 239933931 -71.1018 42.3335
3450 2 241031588 -71.0644 42.3605
3450 2 236763982 -71.0994 42.3379
3450 2 240354274 -71.0742 42.3392
3450 3 240815574 -71.1158 42.3944
3450 3 240818445 -71.1265 42.3922
3450 3 239813410 -71.1167 42.3494
3450 3 239810575 -71.1176 42.3495
3450 4 230084632 -71.1306 42.3515
3475 5 241099577 -71.1118 42.4035
3500 0 241106259 -71.041 42.3986
3500 1 239936308 -71.0574 42.3581
3500 1 240970465 -71.1129 42.3418
3500 1 218127640 -71.0439 42.3509
3500 2 241035472 -71.0577 42.3426
3500 2 235763873 -71.1436 42.39
3500 2 225337030 -71.0408 42.3489
3500 2 225980918 -71.0639 42.3522
3500 3 241162904 -71.1041 42.3793
3500 3 226300508 -71.1346 42.3504
3500 3 229801542 -71.1253 42.351
3500 3 239818719 -71.1192 42.3441
3500 3 230084320 -71.1259 42.3517
3500 3 239813403 -71.1052 42.3474
3500 3 240848332 -71.1195 42.3457
3500 3 238106224 -71.1295 42.3483
3500 3 239816005 -71.1032 42.3299
3500 3 239814478 -71.0541 42.3662
3500 3 237986126 -71.1504 42.3371
3500 3 240942137 -71.1279 42.3508
3500 3 236756951 -71.1179 42.3096
3500 3 240242507 -71.1278 42.3503
3500 3 240815569 -71.0924 42.3718
3500 3 240460327 -71.1283 42.3508
3500 3 240905007 -71.1345 42.3501
3500 3 240486042 -71.1032 42.3299
3500 3 240818455 -71.1084 42.3687
3500 3 239872115 -71.1082 42.3745
3500 4 241100044 -71.1191 42.3315
3500 4 241100001 -71.1191 42.3314
3500 4 241100037 -71.1191 42.3314
3500 4 224329224 -71.1321 42.3507
3500 4 240818104 -71.1144 42.3955
3500 4 239818281 -71.1295 42.3543
3500 4 240424509 -71.1193 42.3315
3500 4 240942910 -71.1687 42.3526
3500 4 235156437 -71.1295 42.3543
3500 4 237986009 -71.1494 42.3572
3500 4 236736785 -71.0988 42.3275
3500 5 240734757 -71.1673 42.3467
3500 5 240815462 -71.0984 42.3851
3500 5 240904833 -71.1324 42.3507
3500 5 236744030 -71.0887 42.3256
3500 5 240280666 -71.1673 42.3467
3500 5 239760617 -71.1674 42.3465
3500 5 240353915 -71.1691 42.3533
3500 5 240904831 -71.1423 42.344
3500 5 240724903 -71.1673 42.3467
3500 5 240942139 -71.1673 42.3465
3500 5 236932155 -71.1106 42.4114
3500 5 240729688 -71.1673 42.3467
3500 5 236744061 -71.014 42.3844
3500 5 240726772 -71.1675 42.3466
3500 5 239810573 -71.1629 42.3528
3525 2 239931100 -71.0839 42.363
3525 2 240001822 -71.0628 42.3442
3525 4 240902595 -71.1324 42.354
3550 0 240001183 -71.0986 42.3444
3550 1 241165565 -71.1111 42.3412
3550 4 236736812 -71.1034 42.3313
3575 0 240003790 -71.064 42.3511
3575 1 241013744 -71.0468 42.3501
3575 3 226430574 -71.1176 42.3406
3575 3 230084292 -71.1176 42.34
3575 3 234164201 -71.078 42.3846
3600 0 240717300 -71.0542 42.3582
3600 1 223853943 -71.0439 42.3512
3600 1 239562328 -71.064 42.3523
3600 2 239813413 -71.0876 42.3438
3600 2 237983055 -71.1082 42.348
3600 2 240733521 -71.0802 42.3388
3600 2 240977173 -71.0755 42.3544
3600 3 241013737 -71.0548 42.3669
3600 3 241164117 -71.0982 42.3687
3600 3 239570825 -71.0882 42.3879
3600 3 240977186 -71.1041 42.3793
3600 3 240977003 -71.0812 42.3712
3600 3 240942933 -71.1101 42.3713
3600 3 240815556 -71.1214 42.3893
3600 3 240908114 -71.0865 42.3714
3600 3 241018274 -71.1125 42.3717
3600 3 240815325 -71.1029 42.3701
3600 3 229148246 -71.0741 42.3365
3600 3 239760931 -71.0489 42.3337
3600 3 240460718 -71.1103 42.3605
3600 3 236744065 -71.1101 42.3244
3600 3 240816066 -71.1245 42.3923
3600 3 239811818 -71.0891 42.3431
3600 3 240817794 -71.1035 42.3703
3600 3 232317724 -71.0821 42.35
3600 3 240942615 -71.1105 42.3597
3600 4 241162543 -71.0812 42.3712
3600 4 240942119 -71.129 42.3497
3600 4 240976579 -71.1571 42.342
3600 4 240729583 -71.1583 42.3419
3600 4 240942118 -71.1555 42.3405
3600 4 240904832 -71.1385 42.3522
3600 4 225336914 -71.16 42.3551
3600 4 237986039 -71.1502 42.3368
3600 4 240722701 -71.1556 42.3405
3600 4 236184304 -71.1335 42.3508
3600 4 241031589 -71.1451 42.3537
3600 4 236736765 -71.0993 42.3311
3600 4 230084204 -71.1334 42.3505
3600 4 230084218 -71.1279 42.3535
3600 4 237819145 -71.129 42.3509
3600 4 239858275 -71.1823 42.3581
3600 4 229942709 -71.1277 42.3535
3600 4 229942752 -71.1183 42.3363
3600 4 240417307 -71.0906 42.3468
3600 4 237674084 -71.1012 42.3148
3600 4 240815416 -71.1341 42.3957
3600 4 225753243 -71.0966 42.3322
3600 4 230219806 -71.1335 42.351
3600 4 239819674 -71.097 42.3428
3600 4 233114146 -71.1514 42.3504
3600 4 226300174 -71.1101 42.3244
3600 4 240816401 -71.0814 42.3712
3600 4 240942108 -71.1454 42.3446
3600 4 239858503 -71.1339 42.3856
3600 5 240147217 -71.1601 42.3523
3600 5 240547893 -71.1062 42.4014
3625 1 239995247 -71.0826 42.3635
3625 1 240242830 -71.0415 42.3483
3625 5 241013727 -71.1094 42.3328
3650 1 239997339 -71.1468 42.395
3650 2 240481614 -71.0823 42.3431
3650 2 240591057 -71.1091 42.3216
3650 3 231273809 -71.1262 42.3922
3650 4 237673334 -71.128 42.353
3650 4 240942949 -71.0927 42.3694
3650 4 236743574 -71.1046 42.3069
3650 5 241165593 -71.1567 42.3508
3675 3 240815572 -71.1054 42.3654
3700 1 240727932 -71.0503 42.3772
3700 2 241013732 -71.1221 42.3746
3700 2 239997341 -71.1468 42.395
3700 2 240591457 -71.1219 42.3744
3700 2 224329652 -71.0584 42.3575
3700 2 239815747 -71.0542 42.3578
3700 2 239810905 -71.0513 42.3397
3700 2 241035478 -71.0656 42.3484
3700 3 239938476 -71.1019 42.3625
3700 3 239816360 -71.138 42.3426
3700 3 240486108 -71.0912 42.3413
3700 3 240817757 -71.0814 42.3713
3700 4 241100147 -71.1287 42.3508
3700 4 241100154 -71.1285 42.3495
3700 4 240902941 -71.1176 42.3403
3700 4 239814578 -71.1493 42.3405
3700 5 229942666 -71.1399 42.3424
3700 5 240904829 -71.123 42.3364
3700 5 239817793 -71.1381 42.3412
3725 1 240003791 -71.064 42.3511
3750 3 241013723 -71.0551 42.3631
3750 3 240818012 -71.1031 42.383
3750 3 240817756 -71.119 42.3848
3750 3 236930620 -71.1188 42.385
3750 4 239815555 -71.1118 42.3885
3750 5 238770963 -71.1493 42.3553
3800 1 232903865 -71.0578 42.3583
3800 2 240460966 -71.0827 42.3415
3800 3 239995564 -71.1536 42.3806
3800 3 241164115 -71.1099 42.3579
3800 3 241035473 -71.1251 42.3365
3800 3 240905002 -71.1197 42.3413
3800 3 226131442 -71.16 42.3552
3800 3 239815441 -71.0827 42.3415
3800 3 226298967 -71.0575 42.3659
3800 4 241164024 -71.0934 42.3697
3800 4 240815418 -71.0935 42.3697
3800 4 229942658 -71.1533 42.3383
3800 4 239811041 -71.1425 42.3128
3800 4 240733136 -71.1289 42.3507
3800 4 237986034 -71.1542 42.3403
3800 4 237986020 -71.1704 42.3506
3800 4 240720705 -71.1509 42.3429
3800 4 229942636 -71.1326 42.347
3800 4 236928259 -71.1525 42.3518
3800 4 240942089 -71.1285 42.3508
3800 4 240942083 -71.1312 42.3538
3800 4 240904827 -71.1501 42.3369
3800 4 229942584 -71.1494 42.3572
3800 4 239818362 -71.151 42.343
3800 4 224329572 -71.1347 42.3469
3800 4 236742026 -71.1083 42.3132
3800 5 241164268 -71.1015 42.3829
3800 5 240814941 -71.1086 42.3838
3800 5 225182544 -71.1341 42.3525
3800 5 239811180 -71.1328 42.3467
3800 5 240942085 -71.14 42.3522
3800 6 239813415 -71.1454 42.3265
3825 1 240001144 -71.0986 42.3444
3825 2 240005036 -71.0603 42.3503
3850 2 239823233 -71.1112 42.3269
3850 2 240717301 -71.0699 42.358
3850 3 240848330 -71.1321 42.3393
3850 3 240414701 -71.0862 42.3368
3850 4 229796482 -71.1341 42.3477
3850 4 240848145 -71.1137 42.3215
3850 4 229795873 -71.1339 42.347
3850 4 237985283 -71.1137 42.3215
3850 5 240902806 -71.1411 42.3526
3850 5 240976558 -71.1388 42.346
3875 5 241145231 -71.1295 42.3541
3875 5 240942077 -71.1296 42.3541
3875 5 240942072 -71.1297 42.3542
3900 1 240727249 -71.0818 42.3424
3900 1 240484383 -71.0818 42.3424
3900 2 241036712 -71.0715 42.3468
3900 2 238773555 -71.1477 42.3364
3900 2 240724986 -71.0818 42.3424
3900 2 239752606 -71.0818 42.3424
3900 2 239751849 -71.0818 42.3424
3900 2 223853944 -71.0439 42.3512
3900 2 239814151 -71.0799 42.3442
3900 2 239818802 -71.1304 42.3622
3900 2 239813318 -71.0888 42.3415
3900 3 241145972 -71.1081 42.3479
3900 3 241145978 -71.1082 42.348
3900 3 241145600 -71.1079 42.3481
3900 3 241145975 -71.1078 42.3479
3900 3 240729576 -71.1226 42.3938
3900 3 240425088 -71.0812 42.3717
3900 3 240820198 -71.1293 42.393
3900 3 239814479 -71.0533 42.367
3900 3 240461062 -71.0831 42.3412
3900 3 240483032 -71.0533 42.367
3900 3 238555396 -71.0688 42.3608
3900 4 241164167 -71.1226 42.3881
3900 4 239812303 -71.155 42.3507
3900 4 236743401 -71.0982 42.3315
3900 4 237822844 -71.1296 42.351
3900 4 239822217 -71.138 42.3391
3900 4 240460588 -71.1165 42.3493
3900 4 240942682 -71.1333 42.4037
3900 5 237985841 -71.1359 42.3498
3900 5 228139440 -71.1365 42.34
3900 5 229942529 -71.1359 42.3503
3900 5 224329558 -71.1294 42.3547
3925 1 240743969 -71.0627 42.3452
3950 3 241164129 -71.104 42.3733
3950 3 240905008 -71.1185 42.3426
3950 3 240617933 -71.1681 42.3422
3950 3 230219170 -71.0763 42.3363
3950 3 232904171 -71.0678 42.3592
3950 4 241099268 -71.1163 42.3493
3950 4 241099281 -71.1162 42.3493
3950 4 240197177 -71.1167 42.3493
3950 4 240070274 -71.1169 42.3494
3950 5 240976546 -71.1524 42.3386
3975 6 241165638 -71.1725 42.3523
4000 1 241031630 -71.0805 42.3504
4000 2 241099252 -71.0824 42.3379
4000 2 241036718 -71.0775 42.3397
4000 2 240725142 -71.1104 42.3293
4000 2 226124624 -71.0797 42.3501
4000 3 240548135 -71.0498 42.3381
4000 3 240417313 -71.077 42.3365
4000 3 240486091 -71.0498 42.3381
4000 4 241099379 -71.1295 42.4053
4000 4 241164119 -71.0906 42.3698
4000 4 240424372 -71.1031 42.3292
4000 4 229942457 -71.1297 42.3518
4000 4 236744110 -71.1111 42.3323
4000 4 240621010 -71.1572 42.3414
4000 4 224329117 -71.1273 42.3518
4000 4 240424768 -71.1098 42.3317
4000 4 240977180 -71.0853 42.3841
4000 4 228139409 -71.1268 42.3517
4000 4 237982981 -71.1174 42.3497
4000 4 240815205 -71.1086 42.3839
4000 4 229942468 -71.1328 42.3469
4000 4 237822557 -71.1544 42.3544
4000 4 229796765 -71.1323 42.3472
4000 4 239815559 -71.0575 42.3749
4000 4 240815445 -71.1029 42.3701
4000 5 240727387 -71.1624 42.355
4000 5 237985843 -71.1386 42.3461
4000 5 240197224 -71.1513 42.3433
4000 5 240353911 -71.0853 42.3841
4000 5 227282655 -71.148 42.3504
4000 5 237985978 -71.1514 42.3435
4000 5 237985826 -71.1534 42.3395
4000 5 232196890 -71.1532 42.3514
4000 5 240942065 -71.151 42.3432
4000 5 239815632 -71.1098 42.3328
4000 5 240902637 -71.1445 42.3611
4000 5 239814292 -71.09 42.3267
4000 5 240815261 -71.1423 42.3518
4000 5 239814005 -71.151 42.3433
4000 5 228368860 -71.1484 42.3508
4000 5 236283575 -71.1169 42.2943
4000 5 235156325 -71.1094 42.3328
4000 5 240716726 -71.1491 42.3367
4000 5 228133864 -71.1326 42.347
4000 5 225182618 -71.1294 42.3543
4000 5 223270148 -71.0853 42.3839
4050 1 239999254 -71.0804 42.3481
4050 2 240720147 -71.1724 42.3211
4050 4 240938140 -71.0818 42.3722
4075 1 241145537 -71.0378 42.3478
4075 2 240006251 -71.1268 42.3403
4100 2 239936309 -71.0574 42.3581
4100 2 241031596 -71.0599 42.3657
4100 2 232581190 -71.1295 42.3931
4100 2 232326149 -71.0773 42.3707
4100 3 228136969 -71.0853 42.3458
4100 3 239819307 -71.0708 42.3484
4100 3 239810502 -71.1168 42.3473
4100 3 228371733 -71.0852 42.3458
4100 4 224329159 -71.1294 42.3539
4100 4 240904818 -71.1274 42.3515
4100 5 239817701 -71.0979 42.3742
4125 5 237985814 -71.1409 42.3599
4150 2 241145001 -71.0736 42.3702
4150 3 239812910 -71.0645 42.3437
4150 5 240904817 -71.1347 42.3497
4150 5 228368827 -71.1347 42.3495
4175 0 239941439 -71.0632 42.3518
4200 1 239934170 -71.0991 42.3439
4200 3 228374029 -71.0706 42.3482
4200 3 236293746 -71.1316 42.353
4200 4 239821159 -71.1531 42.3394
4200 4 239810836 -71.1051 42.3308
4200 4 228139433 -71.122 42.345
4200 4 240848360 -71.0989 42.3117
4200 4 240724552 -71.1253 42.3921
4200 4 239820780 -71.0787 42.3369
4200 5 239821170 -71.1726 42.3528
4200 5 239812681 -71.1745 42.3179
4200 6 237985798 -71.1285 42.3588
4225 2 240975546 -71.0633 42.4005
4250 2 240156122 -71.1071 42.3935
4250 2 237821966 -71.0754 42.355
4250 3 235949256 -71.0949 42.3502
4250 3 226299996 -71.0853 42.3367
4250 5 224329543 -71.1362 42.349
4250 5 240815252 -71.1239 42.4041
4300 2 239573913 -71.0602 42.3525
4300 3 240815065 -71.1076 42.3814
4300 4 239818354 -71.1286 42.3542
4300 6 241145976 -71.1361 42.3508
4300 6 224329156 -71.1393 42.3471
4325 2 239995249 -71.0826 42.3635
4350 2 241165459 -71.0446 42.3441
4350 2 239994225 -71.1504 42.3995
4350 4 228139403 -71.1164 42.3493
4350 4 228139406 -71.1164 42.3493
4350 6 236739811 -71.1254 42.4079
4375 2 240743982 -71.0627 42.3452
4400 2 240970466 -71.1129 42.3418
4400 3 238773554 -71.1477 42.3364
4400 4 239756650 -71.1319 42.3533
4400 4 240722786 -71.1225 42.3442
4400 4 240819008 -71.1168 42.3891
4400 4 240726331 -71.1319 42.3533
4400 4 237818798 -71.1318 42.3528
4400 4 239745543 -71.1319 42.3529
4400 4 240460356 -71.1317 42.3527
4400 4 237985992 -71.1512 42.3477
4400 4 240722242 -71.1319 42.3529
4400 4 240815302 -71.1129 42.3982
4400 5 241099354 -71.1295 42.4053
4400 5 236736790 -71.1238 42.3482
4400 6 224714725 -71.1349 42.3506
4450 1 239930719 -71.1014 42.3442
4450 3 240622242 -71.1066 42.3567
4500 1 240621630 -71.0967 42.3381
4500 2 225827951 -71.0958 42.3449
4500 3 240486022 -71.0967 42.338
4500 3 240722562 -71.0786 42.3509
4500 4 236736788 -71.1035 42.3297
4500 4 237822514 -71.1223 42.3448
4500 4 240722788 -71.1225 42.3442
4500 4 231263735 -71.119 42.3458
4500 4 240354272 -71.0967 42.3381
4500 5 240815264 -71.1075 42.3897
4500 5 236736811 -71.1014 42.3302
4500 5 239815531 -71.1392 42.3491
4500 5 236736775 -71.1385 42.3513
4500 5 225489743 -71.1318 42.3541
4500 5 226429082 -71.1078 42.3892
4500 5 239821232 -71.1544 42.3544
4500 5 239813882 -71.1606 42.3417
4500 6 237985809 -71.1594 42.3538
4500 6 240424819 -71.1073 42.3321
4500 6 228376653 -71.1685 42.3522
4500 6 228134169 -71.1686 42.3526
4550 2 235757322 -71.064 42.3523
4550 6 226428539 -71.1266 42.4041
4600 2 239933777 -71.0805 42.3483
4600 2 240954792 -71.144446 42.388981
4600 3 240729588 -71.0786 42.3509
4600 4 229941980 -71.1656 42.3579
4600 5 240904807 -71.1276 42.3469
4600 5 225489733 -71.1276 42.3469
4650 3 239982442 -71.1197 42.3459
4675 3 239746051 -71.0786 42.3509
4700 3 237983001 -71.1081 42.348
4700 3 240414261 -71.0875 42.3424
4700 3 228139438 -71.108 42.348
4700 4 236744028 -71.1028 42.3294
4700 6 228134177 -71.1511 42.3555
4700 6 228376652 -71.1516 42.3553
4700 6 228371457 -71.1513 42.3555
4725 4 240591442 -71.1209 42.3795
4725 6 240814738 -71.1265 42.4044
4750 2 241165460 -71.0446 42.3441
4750 3 239815536 -71.1197 42.3458
4750 3 240417719 -71.0792 42.3465
4750 6 239812990 -71.1546 42.3506
4775 2 240242831 -71.0415 42.3483
4800 2 240421022 -71.0804 42.3481
4800 2 225173438 -71.0783 42.3505
4800 3 239810889 -71.1175 42.3447
4800 3 240195149 -71.091 42.3423
4800 4 236767200 -71.0879 42.3815
4800 4 239810922 -71.1113 42.3573
4800 4 233114630 -71.102 42.3344
4800 5 235376272 -71.1336 42.3618
4800 5 240904805 -71.1215 42.3383
4800 5 239814945 -71.1469 42.3378
4825 3 239995565 -71.1536 42.3806
4900 2 235339397 -71.0811 42.3494
4900 3 240006252 -71.1268 42.3403
4900 3 240725143 -71.1104 42.3293
4900 4 227126631 -71.1068 42.3338
4900 5 229941882 -71.1178 42.3429
4950 0 240953744 -71.037789 42.335964
4950 3 238106309 -71.1395 42.3382
4950 3 239981663 -71.1395 42.3385
4950 3 240416723 -71.0751 42.3357
4950 3 239823234 -71.1112 42.3269
4975 1 239996554 -71.0791 42.3487
4975 3 239810990 -71.0378 42.3478
4975 6 237985790 -71.1385 42.3449
5000 2 236764327 -71.0769 42.3546
5000 3 239804889 -71.0731 42.3449
5000 4 240815616 -71.1092 42.376
5000 4 240816161 -71.1229 42.3948
5000 4 235342557 -71.0863 42.337
5000 4 236736770 -71.102 42.3306
5000 4 224329150 -71.1663 42.3579
5000 4 240417687 -71.083 42.3393
5000 5 226300520 -71.1341 42.3502
5000 5 226430547 -71.1649 42.358
5000 5 226300522 -71.1341 42.3502
5000 5 233113323 -71.0982 42.3702
5000 5 236736786 -71.107 42.3313
5000 6 236743342 -71.1064 42.3316
5100 4 241145973 -71.1078 42.3479
5100 4 236736771 -71.102 42.3306
5100 7 237985764 -71.1298 42.3547
5100 7 225489716 -71.1299 42.3547
5150 1 239941436 -71.0632 42.3518
5150 2 239935104 -71.1438 42.3593
5175 7 241013711 -71.0795 42.3853
5200 2 239936311 -71.0574 42.3581
5200 3 241099478 -71.0824 42.3379
5200 4 240815176 -71.1051 42.3878
5200 4 225335492 -71.1164 42.3493
5200 5 233209873 -71.118 42.3429
5200 5 236743402 -71.1026 42.3276
5200 5 225488829 -71.1663 42.3579
5200 5 226429712 -71.1068 42.3338
5200 5 228368699 -71.118 42.3432
5225 1 239995887 -71.0493 42.3406
5250 2 241013743 -71.0468 42.3501
5300 2 239930721 -71.1014 42.3442
5300 5 240902825 -71.1229 42.3437
5325 2 240001137 -71.0986 42.3444
5400 3 241031626 -71.0569 42.3506
5400 3 239819023 -71.1294 42.3634
5400 6 241163899 -71.0963 42.377
5400 6 237673057 -71.168 42.3429
5400 6 228133936 -71.1328 42.3467
5500 0 240953848 -71.1243127 42.3395852
5500 1 241035436 -71.0821 42.3487
5500 3 240905111 -71.1244 42.3787
5500 4 240729840 -71.0792 42.3414
5500 4 240720383 -71.0792 42.3414
5500 4 228142987 -71.0877 42.3427
5500 4 235341107 -71.121 42.3485
5500 4 240734518 -71.0902 42.3421
5500 6 239822215 -71.1199 42.3326
5500 6 234637902 -71.1194 42.3464
5500 6 236736789 -71.0992 42.3298
5525 2 241099325 -71.0836 42.364
5550 6 226428564 -71.1188 42.3941
5600 7 239814106 -71.1283 42.3543
5600 7 237818639 -71.1281 42.3547
5600 7 236735986 -71.1295 42.3536
5700 4 236765376 -71.0904 42.3423
5700 6 236743346 -71.1111 42.3323
5750 7 239814962 -71.1032 42.3772
5775 2 241145544 -71.0378 42.3478
5800 4 240902940 -71.1332 42.3454
5800 5 235342558 -71.0863 42.337
5800 7 233114139 -71.0795 42.3853
5825 2 240727929 -71.0503 42.3772
5900 3 240005043 -71.0603 42.3503
5950 2 239934178 -71.0991 42.3439
5950 4 239740400 -71.0792 42.3414
6000 0 240953860 -71.050894 42.3667578
6000 0 240953200 -71.0877173 42.3480898
6000 2 240005767 -71.0786 42.366
6000 2 239996558 -71.0791 42.3487
6000 2 240486225 -71.0632 42.3518
6000 2 240003807 -71.064 42.3511
6000 2 239995899 -71.0493 42.3406
6000 2 239279696 -71.0715 42.342
6000 3 241013719 -71.0628 42.3578
6000 3 239936313 -71.0574 42.3581
6000 3 239999270 -71.0804 42.3481
6000 3 240242833 -71.0415 42.3483
6000 3 240727927 -71.0503 42.3772
6000 3 239930722 -71.1014 42.3442
6000 3 239933875 -71.0736 42.3702
6000 3 224325516 -71.0439 42.3512
6000 3 240486052 -71.0628 42.3578
6000 4 239814327 -71.1077 42.3479
6000 4 239818879 -71.1078 42.3479
6000 4 241164171 -71.132 42.376
6000 4 240953302 -71.1319755 42.375962
6000 5 241035506 -71.1115 42.3713
6000 5 240905103 -71.091 42.3423
6000 5 240818366 -71.0811 42.37
6000 5 236736769 -71.102 42.3307
6000 5 227126626 -71.1021 42.3306
6000 6 240904792 -71.1261 42.3549
6000 6 226124837 -71.1132 42.3387
6000 6 227126634 -71.1455 42.3441
6000 7 241013729 -71.0985 42.3699
6000 7 241035740 -71.0808 42.4341
6000 7 240902548 -71.1478 42.3397
6000 7 240902547 -71.1344 42.352
6000 8 239817087 -71.1079 42.315
6000 8 225489728 -71.1084 42.315
