150 0 139319801 -76.5706703 39.3238288
200 1 139228024 -76.6352764 39.2608602
400 2 139979590 -76.475702 39.3150819
400 2 139778134 -76.6148498 39.2612299
450 3 139785137 -76.657286 39.283261
475 3 139596594 -76.6417723 39.3007027
500 1 139785135 -76.5826011 39.3011242
500 3 139596595 -76.5878981 39.3047325
550 1 139687956 -76.5976402 39.2307156
550 1 139599124 -76.6686365 39.3113827
550 1 139051544 -76.6721235 39.3242659
550 3 139596596 -76.637702 39.3017309
575 1 139111314 -76.5376698 39.3485827
600 0 139283334 -76.5945601 39.2916389
600 1 139672504 -76.638821 39.2987151
600 1 139622789 -76.605369 39.229732
600 1 139622783 -76.5992366 39.2314166
600 1 139622774 -76.6006311 39.2318338
600 2 139726784 -76.6319674 39.2824807
600 2 139133093 -76.6385909 39.2968777
625 0 139317617 -76.614193 39.29971
625 1 139966988 -76.5454676 39.3474268
650 1 139885253 -76.602158 39.240152
650 1 139819350 -76.6324 39.306
650 1 139727781 -76.647857 39.309035
650 1 139617267 -76.593679 39.318693
650 1 139428942 -76.5999162 39.369646
650 1 139363847 -76.6287861 39.3063453
650 1 139360404 -76.6288611 39.3155214
650 1 139317841 -76.6717 39.3179
650 1 139221855 -76.6297764 39.287871
650 2 139737068 -76.7017 39.3303
650 2 139622769 -76.6625057 39.3373854
675 1 139783441 -76.6900522 39.3183811
675 1 139630605 -76.5904145 39.2298019
675 1 139442676 -76.6004269 39.232138
675 1 139361248 -76.639367 39.2855152
675 1 139278750 -76.516423 39.257367
675 2 139674004 -76.6038201 39.3286728
675 2 139551103 -76.601991 39.311337
675 2 139215370 -76.672359 39.349927
675 5 139275534 -76.656622 39.2881659
700 1 139836879 -76.6465162 39.2810038
700 1 139727777 -76.6392 39.287261
700 1 139672440 -76.611839 39.23436
700 1 139541410 -76.7379173 39.3028811
700 1 139298408 -76.7075472 39.3102748
700 1 139142755 -76.6151624 39.3143069
700 2 139982396 -76.6178581 39.2532545
700 2 139781662 -76.6891789 39.3220028
700 2 139672444 -76.638094 39.307706
700 2 139551101 -76.651606 39.287123
700 2 139253175 -76.6392 39.287261
700 2 139058522 -76.6647007 39.3372985
700 3 139159486 -76.5847271 39.311485
725 0 139481194 -76.6158688 39.3304604
725 1 139303479 -76.669989 39.311991
725 1 139300197 -76.624395 39.324585
725 1 139285591 -76.5514 39.3318
725 1 139237638 -76.5609232 39.3825481
725 2 139818691 -76.6866692 39.3028048
750 0 139912986 -76.5858 39.3659
750 0 139504038 -76.6198043 39.2999124
750 1 139985067 -76.6159042 39.3258368
750 1 139978126 -76.6132877 39.3035469
750 1 139969435 -76.487811 39.338668
750 1 139951270 -76.701539 39.3096225
750 1 139876119 -76.570177 39.317358
750 1 139601528 -76.4835074 39.350482
750 2 139896212 -76.681104 39.327775
750 2 139819259 -76.6344 39.3075
750 2 139798254 -76.701173 39.277662
750 2 139668997 -76.5788846 39.2982751
750 2 139599117 -76.508542 39.286273
750 2 139551102 -76.561373 39.335584
750 2 139466435 -76.635214 39.316237
750 2 139449082 -76.6934514 39.2979595
750 2 139317837 -76.675 39.2974
750 3 139510222 -76.6394269 39.3115793
775 0 139917776 -76.581 39.3657
775 1 139603633 -76.6536928 39.2417799
775 1 139363824 -76.5670162 39.3147606
775 2 139927591 -76.5938039 39.3642598
775 2 139726794 -76.6245436 39.3185991
775 2 139308711 -76.677486 39.311168
800 0 139537973 -76.546086 39.369545
800 0 139317503 -76.6143735 39.3024371
800 0 139087504 -76.6753933 39.3649824
800 1 139948035 -76.7081662 39.309097
800 1 139457306 -76.6329 39.2989
800 1 139263537 -76.7232005 39.2738493
800 1 139208829 -76.62944 39.309425
800 1 139153864 -76.6007599 39.240032
800 2 139986819 -76.6468196 39.2399236
800 2 139929126 -76.667098 39.332642
800 2 139819359 -76.5161 39.2722
800 2 139672505 -76.5705773 39.3828274
800 2 139620661 -76.600472 39.237826
800 2 139199899 -76.584414 39.2987656
800 2 139128692 -76.6907646 39.2818358
800 3 139785131 -76.6486819 39.284056
800 3 139749614 -76.649933 39.3059
800 3 139746749 -76.6493978 39.311808
800 3 139720679 -76.5935352 39.3081437
800 3 139607101 -76.5911464 39.2298412
800 3 139184298 -76.5921374 39.3104141
800 3 139048538 -76.588566 39.306275
800 4 139087492 -76.6725558 39.340665
825 1 122028142 -76.4853 39.3434
825 1 139965565 -76.575422 39.3787856
825 1 139542575 -76.6132231 39.3024863
825 1 139317513 -76.614085 39.2994073
825 2 139939835 -76.5964017 39.3603089
825 2 139868413 -76.6936407 39.3206295
825 2 139842377 -76.6375195 39.3399813
825 2 139501261 -76.7082423 39.2832374
825 3 139672447 -76.631977 39.30071
850 0 139959027 -76.624322 39.337249
850 0 139711704 -76.615314 39.321874
850 0 139599883 -76.707168 39.335884
850 0 139315116 -76.5967049 39.2318597
850 0 139296517 -76.615874 39.31398
850 0 139156156 -76.6179892 39.2927109
850 0 139079491 -76.6499153 39.2946551
850 1 139969480 -76.7315187 39.3257625
850 1 139959034 -76.6009335 39.3705082
850 1 139959022 -76.7327498 39.3218237
850 1 139937667 -76.740077 39.3247378
850 1 139818697 -76.632262 39.315865
850 1 139787715 -76.63917 39.3369351
850 1 139467833 -76.6535651 39.2398504
850 1 139226087 -76.6169849 39.3178443
850 1 139215359 -76.616927 39.304272
850 1 139167781 -76.6823919 39.3710039
850 2 139985070 -76.487811 39.338668
850 2 139979502 -76.669989 39.311991
850 2 139978120 -76.701539 39.3096225
850 2 139952781 -76.707168 39.335884
850 2 139949405 -76.6333 39.3056
850 2 139831518 -76.71799 39.364285
850 2 139808809 -76.5967049 39.2318597
850 2 139783443 -76.602448 39.229532
850 2 139669002 -76.5754209 39.2944125
850 2 139369135 -76.543616 39.3437363
850 3 139749607 -76.5969421 39.3082099
850 3 139749605 -76.5836354 39.299429
850 3 139727142 -76.6690364 39.312892
850 3 139283252 -76.634969 39.305796
875 1 139502429 -76.638429 39.335965
875 2 139979643 -76.7081662 39.309097
875 3 139550897 -76.649839 39.290998
900 0 139963291 -76.575422 39.3787856
900 1 97504262 -76.646 39.3397
900 1 135083033 -76.6776 39.3618
900 1 131741382 -76.5141 39.3763
900 1 139975597 -76.7493432 39.3433634
900 1 139969437 -76.5595971 39.3257376
900 1 139966991 -76.6939159 39.3709216
900 1 139605259 -76.6210861 39.3776905
900 1 139437573 -76.5965756 39.2332936
900 1 139163386 -76.715892 39.36887
900 2 139978115 -76.5595971 39.3257376
900 2 139956791 -76.740077 39.3247378
900 2 139806663 -76.6497694 39.2670991
900 2 139635692 -76.7315187 39.3257625
900 2 139598292 -76.6318758 39.3072638
900 2 139498022 -76.7379173 39.3028811
900 2 139285288 -76.6344757 39.2821108
900 2 139264057 -76.6083 39.3516
900 2 139216590 -76.5903326 39.2290326
900 2 139208814 -76.576801 39.29376
900 2 139156147 -76.643327 39.2922197
900 3 139620643 -76.606332 39.337932
900 3 139599148 -76.6581588 39.2787048
900 3 139278759 -76.577836 39.2993979
900 3 139236048 -76.5743114 39.2975432
900 3 139198076 -76.702526 39.337917
900 4 139506894 -76.7262086 39.3133758
925 1 79125793 -76.6901 39.245
925 1 139847107 -76.659003 39.363955
925 1 139840116 -76.6719959 39.3605329
925 1 139564851 -76.6268834 39.3047631
925 2 139844425 -76.681295 39.367396
925 2 139437561 -76.5585753 39.3288224
950 0 139481196 -76.5932668 39.2845683
950 0 139326656 -76.641131 39.2890889
950 0 139315095 -76.6921 39.285099
950 0 139315087 -76.6733282 39.2862085
950 1 139966993 -76.6249432 39.2911964
950 1 139964192 -76.6155006 39.2781014
950 1 139783450 -76.6389669 39.340018
950 1 139649812 -76.6018 39.3688
950 1 139611627 -76.6386349 39.340521
950 1 139138328 -76.6263293 39.3044162
950 2 139965574 -76.7327498 39.3218237
950 2 139935380 -76.575422 39.3787856
950 2 139811266 -76.641131 39.2890889
950 2 139727780 -76.6070783 39.3250056
950 2 139669001 -76.5665173 39.2910503
950 2 139420649 -76.5766336 39.2990743
950 3 139672435 -76.646696 39.292743
950 3 139667403 -76.6733282 39.2862085
950 3 139664830 -76.6921 39.285099
950 3 139599147 -76.6545497 39.2550109
950 3 139128550 -76.661523 39.31074
975 1 139856866 -76.6161772 39.303964
975 1 139703279 -76.6431529 39.2101998
975 2 139967090 -76.6009335 39.3705082
975 2 139639810 -76.5090411 39.3849348
975 2 139361259 -76.5670162 39.3147606
975 2 139210385 -76.6510173 39.267975
975 3 139774183 -76.6328463 39.3020615
975 3 139727784 -76.5927294 39.3155744
975 3 139667574 -76.650927 39.307908
975 3 139488015 -76.6403037 39.3151394
1000 0 139789258 -76.588984 39.3433149
1000 0 139738027 -76.6512321 39.3603555
1000 0 139360397 -76.6373164 39.306536
1000 0 139208807 -76.6135094 39.3281533
1000 1 139842364 -76.6707203 39.3578695
1000 1 139674006 -76.62487 39.307986
1000 1 139345175 -76.6148413 39.3049862
1000 2 135083034 -76.6776 39.3618
1000 2 121375028 -76.4853 39.3434
1000 2 97504264 -76.646 39.3397
1000 2 139599141 -76.609225 39.3476489
1000 2 139317621 -76.61504 39.3538776
1000 2 139246482 -76.554593 39.285777
1000 2 139138959 -76.6062 39.3407
1000 2 139091937 -76.5623778 39.351143
1000 3 139789245 -76.6374243 39.3066232
1000 3 139673996 -76.64138 39.285231
1000 3 139599128 -76.6861179 39.324024
1000 3 139599125 -76.571143 39.2937322
1000 3 139550891 -76.610207 39.23558
1000 3 139502445 -76.647777 39.292178
1000 3 139476180 -76.6145389 39.315192
1000 3 139464272 -76.563188 39.294681
1000 3 139389024 -76.6501979 39.2951444
1000 3 139296516 -76.575183 39.319171
1000 3 139159413 -76.661283 39.340924
1000 3 139122193 -76.680033 39.334142
1000 3 139087496 -76.6807942 39.2841289
1000 4 139963298 -76.644569 39.2853599
1025 1 138936254 -76.5822 39.3844
1025 1 138804349 -76.6749 39.3647
1025 1 139959036 -76.61621 39.298342
1025 1 139479275 -76.6158688 39.3304604
1025 2 115663792 -76.5295 39.365
1025 2 139969433 -76.7493432 39.3433634
1050 0 139877129 -76.6355936 39.2825338
1050 0 139532274 -76.6933777 39.3712571
1050 1 111778986 -76.729 39.2094
1050 1 139611577 -76.5904079 39.2892723
1050 1 139499323 -76.6316094 39.3329198
1050 2 121179558 -76.5052 39.3877
1050 2 139982383 -76.6939159 39.3709216
1050 2 139930230 -76.5645873 39.3277926
1050 2 139902595 -76.5640831 39.2836805
1050 2 139844357 -76.6975428 39.3605602
1050 2 139605260 -76.6210861 39.3776905
1050 2 139599150 -76.5632288 39.3287741
1050 2 139599143 -76.563248 39.328843
1050 2 139598290 -76.5138153 39.3768483
1050 2 139072589 -76.6753933 39.3649824
1050 3 139599110 -76.610414 39.329046
1050 3 139317490 -76.644747 39.3012159
1075 1 139951250 -76.6157448 39.3304137
1100 1 139932810 -76.6150973 39.313293
1100 1 139916288 -76.6245407 39.3237866
1100 1 139672445 -76.6119965 39.2716358
1100 1 139500776 -76.616131 39.292289
1100 1 139383045 -76.6145021 39.2789649
1100 2 131741386 -76.5141 39.3763
1100 2 139989904 -76.6431529 39.2101998
1100 2 139978127 -76.568661 39.382741
1100 2 139953909 -76.6330949 39.2644679
1100 2 139937684 -76.6549561 39.3004263
1100 2 139927602 -76.5577082 39.3326776
1100 2 139783449 -76.63917 39.3369351
1100 2 139782432 -76.555942 39.3692939
1100 2 139714403 -76.6183499 39.317808
1100 2 139551685 -76.6047567 39.3315621
1100 2 139502446 -76.5691124 39.3220357
1100 2 139445561 -76.524246 39.293873
1100 2 139441154 -76.5254818 39.2607039
1100 2 139283251 -76.5572433 39.2859926
1100 2 139237651 -76.530982 39.291573
1100 2 139138958 -76.6103 39.3202
1100 3 131741383 -76.5141 39.3763
1100 3 139808810 -76.593333 39.325418
1100 3 139749612 -76.5676913 39.3142025
1100 3 139727778 -76.605285 39.329259
1100 3 139727141 -76.6114826 39.321694
1100 3 139599140 -76.5938936 39.3634752
1100 3 139296525 -76.4858 39.269074
1100 3 139099215 -76.542372 39.345993
1100 3 139077887 -76.648476 39.295684
1100 4 139800659 -76.675199 39.292361
1100 4 139387014 -76.6043919 39.2357324
1125 1 138801054 -76.485 39.2556
1125 1 139790530 -76.6159851 39.3004025
1125 2 111778987 -76.729 39.2094
1125 2 139564203 -76.7482 39.3619
1125 3 139960268 -76.7081662 39.309097
1150 1 139765241 -76.5952702 39.2844779
1150 1 139659501 -76.698857 39.263065
1150 1 139564852 -76.6135094 39.3281533
1150 2 79125791 -76.6901 39.245
1150 2 138804350 -76.6749 39.3647
1150 2 139672428 -76.6355746 39.308841
1150 2 139284116 -76.5812671 39.3851518
1150 2 139274512 -76.7028069 39.364834
1150 3 139981250 -76.740077 39.3247378
1150 3 139746852 -76.568991 39.292706
1150 3 139727789 -76.6075548 39.3458724
1175 1 138798952 -76.7297 39.3772
1175 1 138806750 -76.4751 39.3814
1175 1 139896219 -76.7322129 39.2793206
1175 2 138807322 -76.4945 39.3873
1175 2 138936256 -76.5822 39.3844
1175 2 139532254 -76.6950274 39.3707432
1200 0 139334385 -76.616605 39.3315315
1200 0 139190754 -76.632259 39.281719
1200 1 138801056 -76.6164 39.2878
1200 1 79125757 -76.7423 39.3756
1200 1 139862123 -76.7296907 39.3775001
1200 1 139494407 -76.623065 39.285922
1200 1 139447393 -76.615002 39.30371
1200 1 139393149 -76.5889278 39.287829
1200 1 139137194 -76.6126099 39.27889
1200 2 107873487 -76.6312 39.3143
1200 2 139966998 -76.6252449 39.2913271
1200 2 139927594 -76.518167 39.266841
1200 2 139842354 -76.6390909 39.300921
1200 2 139811265 -76.632259 39.281719
1200 2 139783452 -76.5342836 39.2736511
1200 2 139599146 -76.5299861 39.2919097
1200 2 139599136 -76.585031 39.3266142
1200 2 139563909 -76.702 39.3716
1200 2 139305340 -76.5799 39.3009
1200 2 139300202 -76.560644 39.31835
1200 3 79125792 -76.6901 39.245
1200 3 139862125 -76.5698317 39.2865951
1200 3 139782420 -76.5986286 39.2334365
1200 3 139752715 -76.695465 39.273236
1200 3 139685555 -76.6322352 39.2864742
1200 3 139622768 -76.5918949 39.2330872
1200 3 139620660 -76.57041 39.3177949
1200 3 139607103 -76.60449 39.229596
1200 3 139520953 -76.5969159 39.291616
1200 3 139458010 -76.5945 39.3248
1200 3 139452975 -76.6314416 39.3342934
1200 3 139300370 -76.5643599 39.314267
1200 3 139200397 -76.6474162 39.310911
1200 3 139159504 -76.627561 39.279023
1200 3 139153872 -76.590542 39.325862
1200 3 139129261 -76.6408926 39.28512
1200 4 139622781 -76.6615599 39.3293347
1200 4 139620662 -76.569233 39.293765
1200 4 139454996 -76.653134 39.306646
1225 1 115660445 -76.6179 39.2962
1225 1 139974698 -76.624322 39.337249
1225 1 139956803 -76.5774781 39.2821439
1225 1 139867159 -76.618858 39.336415
1225 2 139939690 -76.7322753 39.279368
1225 3 135083035 -76.6776 39.3618
1225 3 139846891 -76.6969248 39.3602428
1225 3 139501999 -76.714111 39.3059113
1225 3 139278776 -76.7315187 39.3257625
1250 0 139914504 -76.6209 39.2886
1250 0 139785142 -76.524906 39.29169
1250 0 139784338 -76.5401419 39.2904735
1250 0 139312241 -76.630141 39.294953
1250 1 118965451 -76.6198 39.2912
1250 1 139855839 -76.6099446 39.3365415
1250 1 139649735 -76.5904556 39.2916631
1250 1 139528006 -76.6130331 39.2997562
1250 2 115665596 -76.6223 39.3366
1250 2 139971980 -76.61621 39.298342
1250 2 139374240 -76.6146494 39.3245787
1250 2 139246485 -76.5370123 39.2877388
1250 3 139927597 -76.6489205 39.2539767
1250 3 139808742 -76.630141 39.294953
1250 3 139669008 -76.6307314 39.2877695
1250 3 139541390 -76.7379173 39.3028811
1250 3 139305425 -76.5759 39.2953
1275 1 121184356 -76.6146 39.3055
1275 2 138801052 -76.485 39.2556
1275 3 121179559 -76.5052 39.3877
1275 3 139630618 -76.51164 39.2513239
1300 0 139508564 -76.618858 39.336415
1300 1 139929118 -76.6288869 39.3093064
1300 1 139442522 -76.620856 39.2885875
1300 1 139398399 -76.5906534 39.2834189
1300 1 139372406 -76.614462 39.30133
1300 2 139826441 -76.6280065 39.303931
1300 2 139711719 -76.6268834 39.3047631
1300 2 139672456 -76.574614 39.2935779
1300 2 139670237 -76.5722405 39.2892065
1300 2 139669005 -76.6294907 39.2806422
1300 2 139139331 -76.5906493 39.2846767
1300 3 139937675 -76.684443 39.2997609
1300 3 139930232 -76.551606 39.3367549
1300 3 139633552 -76.6013307 39.3377172
1300 3 139506887 -76.6302378 39.2825884
1300 3 139379056 -76.544112 39.360572
1300 3 139150844 -76.6290313 39.304366
1300 3 139138281 -76.5906493 39.2846767
1325 2 139844369 -76.614174 39.3153228
1325 2 139839791 -76.707038 39.369203
1325 3 139667388 -76.4882625 39.255903
1350 1 125189139 -76.6123 39.2897
1350 1 139842366 -76.612323 39.2902861
1350 2 138806753 -76.4751 39.3814
1350 3 139929164 -76.6957594 39.2753417
1350 3 139929120 -76.5789977 39.3011926
1350 3 139749882 -76.5986752 39.3225805
1350 3 139512794 -76.6334293 39.2794138
1350 3 139481190 -76.4853685 39.3477825
1350 3 139441119 -76.5480786 39.3405884
1350 3 139078256 -76.6753933 39.3649824
1350 3 139048480 -76.6004449 39.335567
1375 0 139087638 -76.619217 39.307469
1375 1 121280624 -76.6337 39.3723
1375 2 139933462 -76.624322 39.337249
1400 0 139205886 -76.614267 39.3027007
1400 1 82726554 -76.6194 39.2878
1400 1 139937687 -76.61876 39.336422
1400 1 139166547 -76.6134076 39.2952433
1400 2 139930227 -76.61547 39.314059
1400 2 139339190 -76.6122499 39.2340941
1400 2 139236077 -76.6157824 39.2996544
1400 3 139929123 -76.6078092 39.3438317
1400 3 139849557 -76.5891577 39.2917152
1400 3 139617268 -76.7122304 39.3257264
1425 0 139635683 -76.61317 39.267755
1450 0 139647288 -76.5752947 39.2782702
1450 1 139828809 -76.5752947 39.2782702
1450 1 139210367 -76.575901 39.2782012
1450 2 139858807 -76.6174914 39.2995195
1450 2 139855847 -76.5955404 39.3775834
1450 2 139489631 -76.6203776 39.3342689
1450 2 139479280 -76.6158688 39.3304604
1450 2 139232168 -76.5805658 39.2830495
1450 2 139166568 -76.6157448 39.3304137
1450 3 138801053 -76.485 39.2556
1450 3 139844359 -76.707038 39.369203
1450 3 139429582 -76.6497 39.3065392
1450 3 139315077 -76.5871036 39.2868658
1450 4 139929125 -76.6692884 39.3123151
1475 0 139979652 -76.622489 39.285951
1475 1 135083358 -76.6176 39.2994
1475 2 82726555 -76.6194 39.2878
1475 2 139982387 -76.7296907 39.3775001
1475 3 138807319 -76.4945 39.3873
1500 1 135077570 -76.6223 39.2863
1500 1 138807931 -76.6213 39.2958
1500 1 139647330 -76.6154472 39.2941215
1500 1 139213637 -76.6055879 39.2744187
1500 2 139910537 -76.6162 39.2915
1500 2 139863547 -76.612323 39.2902861
1500 2 139800667 -76.6110536 39.2752913
1500 2 139493971 -76.7055287 39.2791332
1500 3 138804348 -76.6749 39.3647
1500 3 139860734 -76.6385265 39.3422434
1500 3 139842350 -76.672477 39.361343
1500 3 139645848 -76.721277 39.321915
1500 3 139497553 -76.7113743 39.285294
1500 3 139496067 -76.5031047 39.3827557
1500 3 139418679 -76.5374 39.355
1500 3 139315337 -76.5228229 39.3863728
1500 3 139085256 -76.5684024 39.3387876
1500 4 139081160 -76.661021 39.327149
1500 5 139622899 -76.602274 39.23705
1525 2 135083359 -76.6176 39.2994
1525 3 79125759 -76.7423 39.3756
1550 2 139599891 -76.581758 39.329733
1550 3 118970842 -76.5104 39.3868
1550 3 139949567 -76.5695 39.2975
1575 1 139135734 -76.6119633 39.2793545
1575 2 138798951 -76.7297 39.3772
1575 3 139090938 -76.5732752 39.3273722
1600 1 139103651 -76.616605 39.3315315
1600 2 121184358 -76.6146 39.3055
1600 2 121280625 -76.6337 39.3723
1600 2 139948021 -76.5783718 39.2932578
1600 2 139842376 -76.5748296 39.2933934
1600 2 139828778 -76.6143494 39.2765799
1600 2 139536068 -76.620536 39.296217
1600 2 139442519 -76.623065 39.285922
1600 2 139171442 -76.570201 39.290161
1600 3 139893485 -76.6337084 39.2877596
1600 3 139778143 -76.5903344 39.2893795
1600 3 139514757 -76.6166378 39.382971
1600 3 139067808 -76.7129 39.2982
1600 4 139672460 -76.646057 39.297876
1600 4 139532263 -76.602985 39.345266
1625 0 139978119 -76.588695 39.28121
1625 1 128388949 -76.6195 39.3068
1625 2 125189124 -76.6123 39.2897
1625 2 139441163 -76.609865 39.267605
1625 3 138806751 -76.4751 39.3814
1650 1 88912568 -76.5998 39.27
1650 2 118965452 -76.6198 39.2912
1650 2 139836950 -76.6231608 39.3360673
1650 4 139978122 -76.568607 39.345307
1675 4 139352898 -76.6126861 39.3765963
1700 1 139815947 -76.5994663 39.2697493
1700 2 139774194 -76.6124421 39.3011702
1700 2 139429616 -76.6144498 39.2703372
1700 2 139237637 -76.6126099 39.27889
1700 2 139210365 -76.5721911 39.2869855
1700 3 139916610 -76.6138994 39.2904299
1750 1 138800073 -76.5648 39.2786
1750 1 100960653 -76.6207 39.2892
1750 2 139667396 -76.610241 39.268073
1750 2 139179366 -76.573324 39.2812852
1750 3 121184355 -76.6146 39.3055
1750 3 139308796 -76.6288285 39.2829796
1750 3 139058523 -76.5601306 39.3300413
1750 4 139832445 -76.5704 39.3537
1775 2 139488019 -76.582217 39.284835
1800 1 139974614 -76.61317 39.267755
1800 2 138807932 -76.6213 39.2958
1800 2 139982378 -76.5695055 39.2793972
1800 2 139800663 -76.5818946 39.2819777
1800 2 139676985 -76.5771236 39.2816395
1800 2 139526829 -76.5899515 39.2836786
1800 2 139032294 -76.6144 39.3265
1800 3 139607071 -76.5892208 39.2912221
1800 3 139458174 -76.4724 39.3006
1800 4 139620654 -76.6354561 39.3090422
1825 3 138936257 -76.5822 39.3844
1850 0 139685725 -76.5994663 39.2697493
1850 1 131742466 -76.6225 39.2947
1850 2 100960654 -76.6207 39.2892
1850 2 135077577 -76.6223 39.2863
1850 2 139815976 -76.6133757 39.3259343
1850 2 139204974 -76.6099034 39.2775092
1875 1 126542923 -76.5981 39.2825
1875 1 139485328 -76.6132 39.2678
1875 5 139394854 -76.5781331 39.3000721
1900 1 139914671 -76.6122 39.2767
1900 1 139622898 -76.622489 39.285951
1900 2 139951259 -76.61876 39.336422
1900 2 139869908 -76.5752947 39.2782702
1900 2 139186201 -76.575901 39.2782012
1900 3 139550890 -76.589795 39.289161
1900 4 139784868 -76.7106 39.353
1925 2 138801055 -76.6164 39.2878
1950 1 138798992 -76.5891 39.2813
1950 2 139366586 -76.618858 39.336415
1950 3 121280627 -76.6337 39.3723
1950 5 139949674 -76.5586 39.3445
1975 0 139051392 -76.5898444 39.2819775
2000 0 139601534 -76.61876 39.336422
2000 2 139785132 -76.5898444 39.2819775
2000 2 139667375 -76.6092108 39.2686258
2000 2 139642869 -76.5905888 39.2836499
2000 2 139426937 -76.5901531 39.2867516
2000 2 139210366 -76.5804519 39.28449
2000 3 115665595 -76.6223 39.3366
2000 3 139204954 -76.620067 39.378197
2000 4 139620647 -76.540108 39.352459
2000 5 139291004 -76.6807451 39.3201114
2025 1 139982374 -76.5647693 39.2785737
2025 1 139955394 -76.588695 39.28121
2050 1 139437570 -76.6010441 39.2829128
2050 2 139975598 -76.61317 39.267755
2100 2 88912572 -76.5998 39.27
2100 3 139611644 -76.588649 39.2883319
2150 1 139669009 -76.588139 39.280587
2175 1 116394276 -76.5904 39.2813
2175 6 139493978 -76.6712582 39.3577103
2200 1 125190830 -76.6107 39.2789
2200 6 139290916 -76.6807451 39.3201114
2250 2 128388941 -76.6195 39.3068
2275 0 139981243 -76.566833 39.2785709
2300 3 139961732 -76.6100247 39.272778
2350 2 139826479 -76.622489 39.285951
2350 3 139289523 -76.6155965 39.2777703
2400 2 139657300 -76.5994663 39.2697493
2400 2 139611578 -76.5776869 39.2787489
2400 3 125189142 -76.6123 39.2897
2400 3 139603630 -76.569474 39.282845
2450 2 139854806 -76.5647693 39.2785737
2475 2 131746665 -76.6123 39.2766
2500 6 139524811 -76.7106655 39.3243189
2575 2 79110660 -76.5981 39.2825
2575 2 139983742 -76.566833 39.2785709
2600 1 139988179 -76.566833 39.2785709
2600 3 82726553 -76.6194 39.2878
2600 3 139384281 -76.5774058 39.2853098
2600 7 139496104 -76.6803103 39.3150167
2625 2 138800081 -76.5648 39.2786
2650 2 138798981 -76.5891 39.2813
2700 3 138807930 -76.6213 39.2958
2725 2 139934467 -76.588695 39.28121
2750 2 125190831 -76.6107 39.2789
2775 3 131746674 -76.6123 39.2766
2775 3 139171433 -76.61876 39.336422
2800 2 139892949 -76.5992393 39.2863616
2800 2 139351078 -76.6046421 39.2749262
2900 3 139672438 -76.5855782 39.2851813
2900 3 139611598 -76.571082 39.283791
2900 3 139474006 -76.618858 39.336415
2950 2 139622765 -76.588139 39.280587
3000 8 139495385 -76.6807451 39.3201114
3125 2 114777235 -76.5904 39.2813
3300 3 139486751 -76.620536 39.296217
3400 2 131742465 -76.6225 39.2947
3550 3 125190829 -76.6107 39.2789
3950 3 139462481 -76.6010441 39.2829128
4650 3 135077583 -76.6223 39.2863
4775 0 139854579 -76.6010441 39.2829128
