250 0 148093481 -71.0831 42.351
450 0 147580641 -71.1217835 42.4115414
450 3 147921035 -71.0140443 42.2677672
550 1 147497525 -71.1021854 42.3966416
575 3 148154880 -71.157786 42.3396983
600 1 148129511 -71.156147 42.350472
650 2 147707192 -71.017942 42.2672847
675 2 147668309 -71.1578131 42.380511
725 0 148027656 -71.0698338 42.3484198
725 4 148064301 -71.096376 42.3753699
750 0 147837266 -71.0533752 42.4059021
750 3 148142578 -71.0993199 42.332273
775 0 147941232 -71.1114599 42.4018644
800 0 147715243 -71.0119948 42.4084302
800 1 148120601 -71.111618 42.3196482
800 1 147848708 -71.1436074 42.3594948
800 1 147730782 -71.1029014 42.3310793
825 0 148033255 -71.0696169 42.348539
825 0 147645397 -71.1232049 42.3914311
850 0 148166644 -71.1054599 42.3496119
850 1 147729927 -71.1464497 42.2987312
850 2 147730232 -71.064897 42.320898
900 0 148040389 -71.0422456 42.2863618
900 1 148133548 -71.0252803 42.3977839
900 1 147642427 -71.0343648 42.2565751
900 1 147591233 -71.0998252 42.3635332
900 3 148185945 -71.137275 42.3536093
900 4 147709592 -71.0442146 42.3345552
950 1 147797783 -71.0478992 42.4038063
975 1 148164896 -71.0214 42.2664
975 1 147741438 -71.110203 42.3912201
1000 0 147914484 -71.0743169 42.4301979
1000 0 147816198 -71.0007162 42.4028403
1000 0 147505913 -71.064558 42.351449
1000 0 147466709 -71.1449935 42.4078897
1000 1 148118481 -71.1043432 42.3455525
1000 1 147412500 -71.0336754 42.3768187
1000 2 148081770 -71.066163 42.4250964
1025 0 148172146 -71.1478321 42.3372471
1050 0 148110365 -71.0641395 42.4312219
1050 0 148093584 -71.0868999 42.4252881
1050 0 147684777 -71.0676232 42.4308066
1050 1 147479902 -71.0433515 42.42193
1050 1 147439562 -71.1759832 42.4235776
1075 0 147863481 -71.1121138 42.3320457
1075 1 148188635 -71.1056994 42.3322736
1075 1 147696113 -71.1661191 42.3427666
1100 0 148178385 -71.0636548 42.4191495
1100 0 148149385 -71.1222017 42.3909631
1100 0 148112670 -71.1681453 42.3506325
1100 0 148022117 -71.0813875 42.4286142
1100 1 147889918 -71.1796174 42.424187
1100 1 147860064 -71.145805 42.3420835
1100 1 147799201 -71.08969 42.4241178
1100 1 147771360 -71.1328424 42.2756833
1100 1 147687893 -71.0832853 42.3874934
1100 1 147487253 -71.1604602 42.37035
1100 1 147480429 -71.1646623 42.368178
1100 2 148061206 -71.016059 42.423764
1125 0 148108449 -71.091186 42.4231565
1150 0 148138145 -71.1473479 42.3375243
1150 0 147810100 -71.1342199 42.3488258
1150 0 147656927 -71.1144481 42.3023163
1150 1 148116227 -71.1700944 42.420486
1150 1 148093945 -71.0868999 42.4252881
1150 1 147928522 -71.1020511 42.3989559
1150 1 147741964 -71.119318 42.2719376
1150 1 147697592 -71.0242515 42.2823162
1150 2 147677069 -71.0614905 42.4292923
1200 0 148118529 -71.0952447 42.3835853
1200 0 148118371 -71.1415939 42.3606386
1200 0 148061246 -71.1094989 42.3452263
1200 0 148054406 -71.159606 42.3398815
1200 0 148044039 -71.0887024 42.3492718
1200 0 147687150 -71.0971301 42.3842948
1200 0 147614941 -71.1100676 42.37492
1200 0 147487374 -71.0723733 42.3448732
1200 1 148188703 -71.1463256 42.3554558
1200 1 148178333 -71.0743169 42.4301979
1200 1 148178332 -71.0743169 42.4301979
1200 1 148161011 -71.03298 42.283752
1200 1 148102286 -71.0567445 42.431163
1200 1 148091445 -71.0081 42.4037
1200 1 147788326 -71.017107 42.2680099
1200 1 147669311 -71.0590306 42.4090572
1200 1 147664903 -71.1137241 42.3357363
1200 1 147589671 -71.0592862 42.4089066
1200 1 147541018 -71.0989415 42.3908826
1200 2 147890011 -71.1270268 42.2832142
1200 2 147714370 -71.0563403 42.3657162
1200 2 147710378 -71.1032591 42.3837569
1200 2 147694622 -71.097163 42.3891342
1200 2 147661396 -71.0743039 42.2685156
1225 0 148142904 -71.1251612 42.3516091
1225 0 148054434 -71.126544 42.350779
1225 0 148031264 -71.1034359 42.3884241
1225 0 147814219 -71.1303369 42.3568522
1225 0 147496546 -71.1241884 42.3522468
1225 1 148178126 -71.0817133 42.3406401
1225 1 147795593 -71.0121508 42.265358
1225 1 147599534 -71.118492 42.258085
1250 0 148188692 -71.1050912 42.3860322
1250 0 148166951 -71.1130669 42.383726
1250 0 148166727 -71.0817133 42.3406401
1250 0 148155634 -71.1436296 42.3432268
1250 0 148097310 -71.1547741 42.3394999
1250 0 148061253 -71.101904 42.3879118
1250 0 148053939 -71.1397405 42.3489871
1250 0 148040261 -71.137198 42.3492767
1250 0 148033129 -71.1105182 42.4189261
1250 0 147966539 -71.136661 42.346767
1250 0 147931458 -71.157786 42.3396983
1250 0 147915954 -71.1373 42.3466
1250 0 147803875 -71.0987716 42.346989
1250 0 147729230 -71.1522784 42.3362641
1250 0 147656969 -71.1400646 42.3503497
1250 0 147584982 -71.1747999 42.3377324
1250 0 147573061 -71.1068014 42.3866244
1250 1 148178278 -71.1334191 42.4139096
1250 1 148137978 -71.149071 42.350735
1250 1 148040507 -71.137198 42.3492767
1250 1 147914251 -71.1314505 42.3511566
1250 1 147882679 -71.1290794 42.4043064
1250 1 147667853 -71.0292155 42.3357349
1250 2 148161129 -71.0360343 42.4036699
1250 2 147836093 -71.0189537 42.2658866
1250 2 147674418 -71.1374439 42.2862409
1250 2 147616897 -71.0434235 42.4057073
1275 0 148166697 -71.0821976 42.3437519
1275 0 148032060 -71.13823 42.347588
1275 0 147814244 -71.1547014 42.3413182
1275 0 147806103 -71.137215 42.3470531
1275 0 147669368 -71.1283568 42.3526098
1275 0 147578789 -71.1300186 42.3492099
1275 0 147468197 -71.1403856 42.3486966
1275 1 148133702 -71.0813875 42.4286142
1300 0 148166658 -71.1523161 42.3390135
1300 0 148142921 -71.1301596 42.353588
1300 0 148138359 -71.0949177 42.344363
1300 0 148129824 -71.0669147 42.3603284
1300 0 148110363 -71.0391166 42.3763469
1300 0 148051708 -71.1051287 42.3466764
1300 0 147825041 -71.0901194 42.3432435
1300 0 147807561 -71.0995947 42.3431052
1300 0 147807435 -71.1017528 42.3476106
1300 0 147803399 -71.1364678 42.3466596
1300 0 147731759 -71.1470798 42.3365862
1300 0 147408659 -71.1059842 42.3462376
1300 1 148188765 -71.1115961 42.3307844
1300 1 148154704 -71.1492943 42.33864
1300 1 148149271 -71.084926 42.3219
1300 1 148133384 -71.1748917 42.3538804
1300 1 148112774 -71.0975907 42.3947381
1300 1 148094594 -71.0707827 42.4280947
1300 1 148040551 -71.1668096 42.4224237
1300 1 147966462 -71.1342199 42.3488258
1300 1 147922155 -71.0468393 42.3375967
1300 1 147783020 -71.140587 42.346916
1300 1 147497639 -71.0290233 42.3913996
1300 1 147449586 -71.0354577 42.3373275
1300 1 147425336 -71.1353097 42.3484713
1300 2 148110145 -71.1700944 42.420486
1300 2 148096574 -71.0298116 42.4043652
1300 2 147930835 -71.165849 42.366126
1300 2 147924248 -71.0951054 42.3678038
1300 2 147718964 -71.0819212 42.3217077
1300 2 147587432 -71.0433515 42.42193
1300 2 147585703 -71.0284808 42.4303756
1300 2 147574289 -71.0332896 42.3932239
1300 2 147567164 -71.0385354 42.3903009
1325 1 147919340 -71.1390854 42.3461235
1325 2 147804105 -71.0304517 42.2845491
1350 0 148149301 -71.1271468 42.4032411
1350 0 148137750 -71.1340334 42.3531773
1350 0 148116008 -71.1429726 42.3437988
1350 0 148025922 -71.0890191 42.346961
1350 0 147899262 -71.1239319 42.3917294
1350 0 147833506 -71.0955482 42.3507129
1350 0 147819723 -71.1419363 42.3432055
1350 0 147814512 -71.0989298 42.3390859
1350 0 147767244 -71.1245891 42.3912459
1350 0 147711939 -71.1248849 42.3515352
1350 0 147697568 -71.1272773 42.4033029
1350 0 147617610 -71.0705523 42.3571046
1350 0 147614619 -71.0879347 42.343364
1350 0 147550672 -71.0694415 42.4159148
1350 0 147547323 -71.0387615 42.4342158
1350 0 147439686 -71.1534226 42.3491063
1350 1 148193681 -71.082201 42.3661526
1350 1 148100001 -71.063137 42.271112
1350 1 148064283 -71.036185 42.367581
1350 1 148060975 -71.1105336 42.3620565
1350 1 148024896 -71.1450426 42.3417217
1350 1 147713954 -71.1533675 42.4154776
1350 1 147708788 -71.1041736 42.3873517
1350 1 147617640 -71.0357041 42.3671283
1350 1 147534618 -71.0608611 42.3198985
1350 1 147505831 -71.0230647 42.389506
1350 1 147486851 -71.1464099 42.40899
1350 2 148149744 -71.0634229 42.4283177
1350 2 147919536 -71.1081715 42.4057092
1350 2 147769308 -71.0531284 42.3622868
1350 2 147711772 -71.036185 42.367581
1350 2 147614363 -71.0357041 42.3671283
1350 2 147569154 -70.98011 42.26135
1350 2 147550722 -71.0608611 42.3198985
1375 0 148178604 -71.1025666 42.3647083
1375 0 148102393 -71.1513886 42.340426
1375 0 147811326 -71.152429 42.340885
1375 0 147692912 -71.100335 42.342236
1375 1 147834769 -71.1267782 42.358442
1375 1 147611255 -71.1146601 42.32439
1375 2 147967345 -71.118492 42.258085
1375 2 147614933 -70.9822656 42.3840086
1400 0 148193650 -71.0851123 42.3511282
1400 0 148143226 -71.0892823 42.3462991
1400 0 148137137 -71.1096223 42.3708078
1400 0 148130543 -71.0790707 42.3536459
1400 0 148123024 -71.1260624 42.3435787
1400 0 148112928 -71.0706122 42.346242
1400 0 148054378 -71.0900854 42.3505423
1400 0 148051665 -71.08995 42.3439609
1400 0 148018971 -71.1041276 42.3469484
1400 0 148005483 -71.072746 42.3456679
1400 0 147953815 -71.0936469 42.349298
1400 0 147878194 -71.103166 42.364157
1400 0 147648410 -71.0906206 42.346751
1400 0 147645483 -71.0935953 42.3481938
1400 0 147645482 -71.0914742 42.3428575
1400 0 147573792 -71.08834 42.350509
1400 0 147498239 -71.1046225 42.3464062
1400 0 147495815 -71.1002881 42.3428653
1400 0 147479333 -71.0813648 42.3400704
1400 0 147415107 -71.0949641 42.3480363
1400 1 148172241 -71.058374 42.4197451
1400 1 148172202 -71.1429726 42.3437988
1400 1 148166946 -71.142264 42.405763
1400 1 148166609 -71.0893042 42.3934171
1400 1 148160735 -71.1616621 42.2757615
1400 1 148142878 -71.1301596 42.353588
1400 1 148137719 -71.1490561 42.2687
1400 1 148115817 -71.1345436 42.3571642
1400 1 148115746 -71.1458771 42.3417755
1400 1 148112847 -71.1757715 42.3810426
1400 1 148102225 -71.162138 42.348989
1400 1 148051431 -71.0974595 42.3488126
1400 1 148045171 -71.140347 42.3447036
1400 1 148044522 -71.0334021 42.3381726
1400 1 148043807 -71.12442 42.34148
1400 1 148040775 -71.0408412 42.3313683
1400 1 148019814 -71.0616481 42.3128516
1400 1 148000165 -71.0986391 42.395261
1400 1 147952021 -71.1553184 42.2645469
1400 1 147941723 -71.1534226 42.3491063
1400 1 147923595 -71.0811255 42.3398386
1400 1 147866560 -71.1651087 42.352002
1400 1 147767176 -71.1331315 42.3589316
1400 1 147728031 -71.1557702 42.3491137
1400 1 147727976 -71.1552907 42.3505974
1400 1 147705628 -71.1474867 42.3380139
1400 1 147617523 -71.1195808 42.3837986
1400 2 148133619 -71.077264 42.290527
1400 2 148114048 -71.0611576 42.2844418
1400 2 148061166 -71.1724128 42.3631153
1400 2 148048958 -71.1158411 42.4051254
1400 2 147965301 -71.0347198 42.3682916
1400 2 147903584 -71.1550556 42.365721
1400 2 147677350 -71.1418485 42.3355756
1400 2 147640710 -71.1385188 42.2923228
1400 3 148097747 -71.0717333 42.3145529
1400 3 147931213 -71.066163 42.4250964
1400 3 147848268 -71.0575933 42.3581868
1425 0 147804332 -71.0984079 42.3407834
1425 0 147769109 -71.1346849 42.3468469
1425 0 147710389 -71.0904226 42.3465636
1425 0 147663778 -71.1359615 42.3479562
1425 1 148166981 -71.1031946 42.3969743
1425 1 148050338 -71.1401077 42.351503
1425 1 147811664 -71.1121138 42.3320457
1425 2 148149287 -71.0290845 42.4312371
1450 0 148166925 -71.0970055 42.3428619
1450 0 148160844 -71.1114156 42.3672358
1450 0 148155255 -71.09003 42.351006
1450 0 148067833 -71.1059087 42.3743826
1450 0 148043648 -71.0867648 42.3434555
1450 0 147953859 -71.1402499 42.3486243
1450 0 147914505 -71.1150034 42.3651757
1450 0 147914407 -71.1192776 42.3865846
1450 0 147812994 -71.080466 42.3416186
1450 0 147806392 -71.1289169 42.3506753
1450 0 147804203 -71.137674 42.348507
1450 0 147707898 -71.1086165 42.372315
1450 0 147695722 -71.114359 42.3651468
1450 0 147467201 -71.0939749 42.3458992
1450 1 148178188 -71.0984079 42.3407834
1450 1 148167040 -71.1036598 42.385526
1450 1 148094288 -71.0762751 42.4291002
1450 1 148024700 -71.1251612 42.3516091
1450 1 147970086 -71.1364961 42.3481923
1450 1 147953003 -71.1150034 42.3651757
1450 1 147806481 -71.137215 42.3470531
1450 1 147805392 -71.1489784 42.3371822
1450 1 147803975 -71.1069063 42.3833217
1450 1 147766828 -71.1747999 42.3377324
1450 1 147692215 -71.1702195 42.3780826
1450 1 147674999 -71.1502937 42.3389512
1450 1 147617678 -71.129839 42.350085
1450 1 147503371 -71.1506935 42.3374854
1450 1 147417898 -71.1522978 42.3371699
1450 2 148178326 -71.0112314 42.411779
1450 2 148155384 -71.1338008 42.3634016
1450 2 148061028 -71.0549364 42.4129144
1450 2 147547329 -71.1364961 42.3481923
1450 3 147945906 -71.0646437 42.3085033
1450 3 147945623 -71.058431 42.431892
1475 0 148114053 -71.1220904 42.3796903
1475 0 147463071 -71.1383956 42.3475942
1475 1 148186077 -71.141413 42.349196
1475 1 148154944 -71.1402499 42.3486243
1475 1 148154683 -71.136661 42.346767
1475 1 148137910 -71.152077 42.33712
1475 1 147912154 -71.101904 42.3879118
1475 1 147774029 -71.13823 42.347588
1475 1 147767806 -71.0944499 42.3696489
1475 1 147716721 -71.1034359 42.3884241
1475 1 147666028 -71.13781 42.345638
1475 1 147574633 -71.120135 42.308952
1475 2 148039401 -71.1545391 42.3415533
1475 2 147404343 -71.1014958 42.2706387
1500 0 148188657 -71.0894912 42.35085
1500 0 148186010 -71.12377 42.3940694
1500 0 148172372 -71.0841442 42.3491617
1500 0 148142915 -71.0597732 42.3584308
1500 0 148123167 -71.0839919 42.3486337
1500 0 148115732 -71.0964953 42.3418344
1500 0 148043650 -71.099191 42.3422702
1500 0 148040332 -71.0834684 42.342697
1500 0 148022440 -71.0854911 42.3519192
1500 0 147966533 -71.1356138 42.3462402
1500 0 147963901 -71.0845499 42.3499751
1500 0 147903639 -71.1099439 42.3427282
1500 0 147846906 -71.0621682 42.3552592
1500 0 147813230 -71.089453 42.349758
1500 0 147799154 -71.0760072 42.3522874
1500 0 147797044 -71.1229795 42.3945862
1500 0 147768168 -71.0947164 42.3444621
1500 0 147767592 -71.079475 42.352407
1500 0 147704081 -71.0908159 42.3465504
1500 0 147586309 -71.104508 42.347143
1500 0 147472626 -71.085123 42.351753
1500 0 147418435 -71.0795885 42.3534927
1500 0 147412186 -71.1156066 42.3722152
1500 1 148188768 -71.1318419 42.390126
1500 1 148186121 -71.11753 42.3964213
1500 1 148178446 -71.133251 42.350308
1500 1 148178297 -71.1545391 42.3415533
1500 1 148149816 -71.1397405 42.3489871
1500 1 148143176 -71.0086107 42.2566575
1500 1 148137099 -71.1309599 42.3398328
1500 1 148130603 -71.1131962 42.3910875
1500 1 148122999 -71.157786 42.3396983
1500 1 148116031 -71.0938 42.367955
1500 1 148115688 -71.126181 42.4010566
1500 1 148105843 -71.104218 42.329763
1500 1 148074132 -71.1340334 42.3531773
1500 1 148033249 -71.0864726 42.341428
1500 1 148032981 -71.1067929 42.3997038
1500 1 148005186 -71.0947964 42.3687645
1500 1 147993224 -71.1144965 42.3807779
1500 1 147940584 -71.1419363 42.3432055
1500 1 147878454 -71.1665852 42.3041305
1500 1 147840561 -71.1110791 42.3591244
1500 1 147812675 -71.1528469 42.3456541
1500 1 147806999 -71.1241884 42.3522468
1500 1 147801050 -71.1286231 42.4050517
1500 1 147697496 -71.1146666 42.3919027
1500 1 147657128 -71.1400646 42.3503497
1500 1 147618690 -71.1738264 42.3515505
1500 1 147612166 -71.052683 42.332066
1500 1 147575271 -71.0854911 42.3519192
1500 1 147541436 -71.1475144 42.3406565
1500 1 147507174 -71.126544 42.350779
1500 1 147482733 -71.0809757 42.3502648
1500 2 148186200 -71.141413 42.349196
1500 2 148160824 -71.0457015 42.4310323
1500 2 148155404 -71.0810204 42.385075
1500 2 148155339 -71.0580144 42.4309083
1500 2 148149087 -71.0931605 42.3873566
1500 2 148071349 -71.1455021 42.2854178
1500 2 148061052 -70.9973677 42.4184996
1500 2 147967337 -71.1313859 42.4177715
1500 2 147927794 -71.0243029 42.2740855
1500 2 147816193 -71.1289169 42.3506753
1500 2 147797635 -71.0360735 42.3813548
1500 2 147770429 -70.989458 42.398316
1500 2 147766516 -71.0087674 42.258352
1500 2 147741528 -71.00954 42.426347
1500 2 147726970 -71.019539 42.425148
1500 2 147695443 -71.0743169 42.4301979
1500 2 147694570 -71.067271 42.4233087
1500 2 147675909 -71.027895 42.2758323
1500 2 147464154 -71.0689 42.4222
1500 3 147993479 -71.0742602 42.3241702
1525 0 148123006 -71.1276553 42.3408542
1525 0 147910150 -71.1359393 42.3964457
1525 1 148186013 -71.1473479 42.3375243
1525 1 148142939 -71.1144481 42.3023163
1525 1 148142663 -71.141184 42.348651
1525 1 148137712 -71.1513886 42.340426
1525 1 148137698 -71.1126821 42.3319554
1525 1 148137322 -71.1403856 42.3486966
1525 1 148127848 -71.0973593 42.39204
1525 1 148110297 -71.0960399 42.3939436
1525 1 147412110 -71.1346849 42.3468469
1525 2 147776733 -71.1267782 42.358442
1525 2 147707031 -71.1530124 42.3571669
1525 2 147553595 -71.1000578 42.3975267
1550 0 148178602 -71.119668 42.3817339
1550 0 148154815 -71.1202357 42.3425568
1550 0 148118507 -71.0635509 42.3594296
1550 0 148054438 -71.0973447 42.3415728
1550 0 148045065 -71.0716589 42.3538363
1550 0 148031443 -71.0891084 42.350057
1550 0 148028421 -71.095326 42.345231
1550 0 147814202 -71.1256286 42.3411622
1550 0 147642421 -71.0910315 42.3424685
1550 0 147480387 -71.1150465 42.37163
1550 1 148178586 -71.148633 42.3418055
1550 1 148178463 -71.1310029 42.3503453
1550 1 148160711 -71.0526609 42.3749686
1550 1 148137956 -71.1523161 42.3390135
1550 1 148137742 -71.1485424 42.3362497
1550 1 148137578 -71.1745939 42.380518
1550 1 148120515 -71.137674 42.348507
1550 1 148054090 -71.1253096 42.4062563
1550 1 148053641 -71.1052 42.3474
1550 1 147803958 -71.0381724 42.4321723
1550 1 147803945 -71.1256286 42.3411622
1550 1 147799982 -71.1313304 42.3394826
1550 1 147667880 -71.1244683 42.3387937
1550 1 147665530 -71.1284102 42.3398023
1550 1 147547935 -71.1146299 42.3870702
1550 2 148188841 -71.0975907 42.3947381
1550 2 148155587 -71.0654136 42.4176428
1550 2 148028283 -71.1321195 42.3530542
1550 2 147964912 -71.166361 42.30167
1550 2 147906070 -71.1553184 42.2645469
1550 2 147794234 -71.0777758 42.3198868
1550 2 147686243 -71.1148691 42.4174169
1550 2 147568044 -71.021316 42.269146
1550 2 147496037 -71.0911167 42.3111629
1550 3 148161048 -71.0465718 42.4128702
1550 3 147993503 -70.9999121 42.418375
1575 0 148166912 -71.1197361 42.3990649
1575 0 148143072 -71.1277641 42.3404818
1575 0 148050906 -71.089255 42.3468813
1575 0 148026931 -71.0867 42.3435
1575 0 147498908 -71.1096028 42.3331873
1575 0 147467129 -71.0869172 42.3432155
1575 1 148166616 -71.1197361 42.3990649
1575 1 148137791 -71.137154 42.3390215
1575 1 147712949 -71.12074 42.3986292
1575 1 147562442 -71.0914014 42.3694055
1575 2 148116171 -71.1096028 42.3331873
1575 2 148050360 -71.1548595 42.2861522
1600 0 148172445 -71.0821951 42.3496958
1600 0 148154917 -71.0780814 42.3373349
1600 0 148149061 -71.0831527 42.3516576
1600 0 148105861 -71.0939302 42.3461586
1600 0 148102386 -71.1091781 42.3456149
1600 0 148028276 -71.0686299 42.3595298
1600 0 148004410 -71.0918164 42.3725671
1600 0 147993424 -71.0735185 42.3472534
1600 0 147923535 -71.0740889 42.4278328
1600 0 147816271 -71.1033391 42.3471664
1600 0 147792792 -71.0770265 42.3364517
1600 0 147776398 -71.1232827 42.3433998
1600 0 147651006 -71.1615715 42.2794333
1600 0 147642418 -71.109351 42.4085707
1600 0 147579194 -71.101529 42.3353023
1600 0 147544929 -71.102601 42.3432933
1600 0 147479791 -71.1016348 42.3350007
1600 0 147420977 -71.0677 42.3599
1600 1 148142703 -71.1344209 42.3465431
1600 1 148138024 -71.1267978 42.3408084
1600 1 148137671 -71.116141 42.3851792
1600 1 148120583 -71.1480132 42.3749611
1600 1 148102348 -71.1537534 42.3408585
1600 1 148067237 -71.1332 42.3525
1600 1 148066972 -71.1406 42.3374
1600 1 148032996 -71.0588869 42.3127642
1600 1 148025142 -71.1106949 42.3207531
1600 1 147996809 -71.1266853 42.3405393
1600 1 147988016 -71.1359615 42.3479562
1600 1 147967316 -71.1626756 42.3463503
1600 1 147965277 -71.0256805 42.3966961
1600 1 147878707 -71.1580211 42.411826
1600 1 147855982 -71.1040626 42.3656073
1600 1 147849593 -71.1356138 42.3462402
1600 1 147807426 -71.097776 42.337053
1600 1 147771894 -71.0753553 42.3361331
1600 1 147769541 -71.166987 42.41888
1600 1 147707184 -71.1054065 42.3664155
1600 1 147587212 -71.0690767 42.3793948
1600 1 147505943 -71.0814895 42.371232
1600 1 147487187 -71.1334529 42.3501787
1600 1 147482674 -71.1329683 42.349592
1600 1 147464637 -71.095788 42.36619
1600 1 147419042 -71.1568543 42.2983586
1600 1 147408509 -71.1468248 42.3413504
1600 2 148155162 -71.05905 42.3178
1600 2 148143156 -71.152435 42.3460989
1600 2 148133587 -71.0813875 42.4286142
1600 2 148130871 -71.1043664 42.400605
1600 2 148118474 -71.027551 42.2786971
1600 2 148100448 -71.057799 42.2938844
1600 2 148096559 -71.1751452 42.3686598
1600 2 148094281 -71.0762751 42.4291002
1600 2 148054748 -71.1651087 42.352002
1600 2 148054405 -71.136661 42.346767
1600 2 148037266 -71.0899521 42.4215879
1600 2 148003917 -71.036197 42.36894
1600 2 147966862 -71.1390292 42.3446313
1600 2 147919752 -71.1253096 42.4062563
1600 2 147917794 -71.1128006 42.401509
1600 2 147687157 -71.0673917 42.3110263
1600 2 147642347 -71.0905793 42.3269333
1600 2 147638946 -71.1279 42.2864
1600 2 147570180 -71.13198 42.361241
1600 2 147506342 -71.0356531 42.3688405
1600 2 147503738 -71.1298943 42.4079432
1600 2 147456904 -71.0625074 42.2922049
1600 2 147411055 -71.163387 42.3556526
1600 3 148188837 -71.0672597 42.3179767
1600 3 148185984 -71.0791397 42.4115746
1600 3 148166928 -71.0775933 42.3264753
1600 3 148142752 -71.0848161 42.4113222
1600 3 148137717 -71.0070949 42.2561444
1600 3 147878148 -71.087735 42.287279
1600 3 147652841 -71.0067196 42.3866596
1600 3 147579210 -71.028167 42.39728
1600 3 147410636 -71.0969947 42.2839597
1600 4 147425002 -71.0780374 42.3056513
1625 0 147854975 -71.073021 42.3467177
1625 1 148095134 -71.0308 42.2738
1625 1 148091380 -71.0401 42.3178
1625 1 148071235 -71.1292119 42.353649
1625 2 148120622 -71.1021624 42.3777904
1625 2 147505530 -71.1021395 42.3792987
1650 0 148178525 -71.1136 42.3855049
1650 0 148133374 -71.1135653 42.3317598
1650 0 148115846 -71.0645599 42.3523583
1650 0 147754411 -71.0887286 42.3411542
1650 0 147580223 -71.1161694 42.3869175
1650 1 142621449 -71.0938 42.4055
1650 1 148178474 -71.1096223 42.3708078
1650 1 148172413 -71.0918164 42.3725671
1650 1 148166629 -71.1161694 42.3869175
1650 1 148161194 -71.1468152 42.3414406
1650 1 148149147 -71.1211635 42.3317642
1650 1 148133372 -71.1054273 42.3829972
1650 1 148128684 -71.1320109 42.3496307
1650 1 148088094 -71.1015 42.3823
1650 1 148028335 -71.1469795 42.3417861
1650 1 147986022 -71.1042098 42.3847203
1650 1 147797205 -71.1059922 42.3616022
1650 1 147716729 -71.1061639 42.4184296
1650 1 147702679 -71.1051476 42.3644992
1650 1 147568058 -71.1003577 42.3646772
1650 1 147553975 -71.1087335 42.4198646
1650 1 147502403 -71.1083 42.4206
1650 1 147487545 -71.0919947 42.3722855
1650 1 147482502 -71.148855 42.411678
1650 1 147462571 -71.0922289 42.3391265
1650 1 147410569 -71.1136 42.3855049
1650 2 148166969 -71.0917847 42.3916024
1650 2 148166931 -71.0834756 42.3894243
1650 2 148166732 -71.0885129 42.398699
1650 2 148127629 -71.1036598 42.385526
1650 2 148108460 -71.0899966 42.4162396
1650 2 148066978 -71.0977 42.3771
1650 2 148060862 -71.0860694 42.3943775
1650 2 147849866 -71.1138694 42.304817
1650 2 147815354 -71.0364309 42.391798
1650 2 147744871 -71.1490977 42.3561679
1650 2 147742753 -71.140587 42.346916
1650 2 147673689 -71.1450426 42.3417217
1650 2 147574318 -71.1012855 42.365228
1650 2 147569197 -71.1027423 42.3066306
1650 2 147508180 -71.152 42.3462
1650 2 147460035 -71.1118139 42.4023341
1675 0 148172427 -71.1120087 42.3714527
1675 0 147560393 -71.0750541 42.335005
1675 1 148154925 -71.1117231 42.4187462
1675 1 148071320 -71.1455163 42.4104637
1675 1 147715697 -71.0740805 42.4278542
1675 1 147704247 -71.1048269 42.3144738
1700 0 148193704 -71.0802819 42.3511255
1700 0 148193628 -71.0877221 42.3472466
1700 0 148161232 -71.040646 42.31646
1700 0 148004277 -71.0643918 42.3522352
1700 0 147865285 -71.159756 42.3400627
1700 0 147818904 -71.1307607 42.3977803
1700 0 147776419 -71.1142757 42.343948
1700 0 147701111 -71.0668515 42.3595628
1700 1 148178441 -71.1134324 42.3718356
1700 1 148178420 -71.1094028 42.3776257
1700 1 148172499 -71.1080274 42.3573748
1700 1 148172194 -71.1261786 42.393695
1700 1 148142916 -71.108351 42.368961
1700 1 148120551 -71.1156066 42.3722152
1700 1 148102113 -71.1267844 42.4024208
1700 1 148066992 -71.1115 42.3723
1700 1 148051164 -71.1370883 42.3376707
1700 1 148034373 -71.1533912 42.3381744
1700 1 147936660 -71.1121722 42.3068523
1700 1 147914476 -71.0518777 42.36684
1700 1 147862253 -71.1091781 42.3456149
1700 1 147827932 -71.0995947 42.3431052
1700 1 147807055 -71.1181594 42.338656
1700 1 147797711 -71.1161756 42.3492985
1700 1 147780233 -71.1103001 42.4005436
1700 1 147768977 -71.1440931 42.342282
1700 1 147727333 -71.1008143 42.3552093
1700 1 147573679 -71.1265078 42.4017721
1700 1 147477559 -71.1097829 42.37235
1700 1 147473166 -71.089 42.3514
1700 1 147463447 -71.1122696 42.3969299
1700 1 147442495 -71.159756 42.3400627
1700 1 147424429 -71.0513919 42.3663795
1700 1 147410616 -71.1564729 42.4153925
1700 2 148185897 -71.1356138 42.3462402
1700 2 148178606 -71.0960567 42.3858883
1700 2 148166872 -71.060201 42.297668
1700 2 148166531 -71.1066824 42.3836945
1700 2 148142585 -71.110061 42.4182812
1700 2 148130651 -71.1314505 42.3511566
1700 2 148099990 -71.166987 42.41888
1700 2 148054965 -71.1310029 42.3503453
1700 2 148040385 -71.1392346 42.3458822
1700 2 147981598 -71.08969 42.4241178
1700 2 147882098 -71.1343793 42.3623978
1700 2 147834893 -71.1047169 42.324632
1700 2 147805309 -71.1245892 42.3520664
1700 2 147788341 -71.082657 42.3841471
1700 2 147707200 -71.1564729 42.4153925
1700 2 147674701 -71.0925584 42.4224091
1700 2 147575033 -71.1107807 42.3944455
1700 2 147561494 -71.0931355 42.329449
1700 2 147497617 -71.1564805 42.3490939
1700 3 148133380 -71.0647829 42.2994654
1700 3 147802188 -71.1651549 42.354588
1700 3 147410643 -71.120836 42.4129648
1700 4 147408584 -70.9982636 42.4085577
1725 0 148186199 -71.1200134 42.3413292
1725 0 148154528 -71.0753457 42.3419829
1725 1 148186104 -71.149072 42.4126578
1725 1 148033290 -71.1512375 42.4144596
1725 1 147669420 -71.0915392 42.3475083
1725 2 148178493 -71.1329683 42.349592
1725 2 148143237 -71.140564 42.342396
1725 2 147668083 -71.0914144 42.3475928
1725 3 147907796 -71.092733 42.2834069
1750 0 148178573 -71.0724506 42.3554656
1750 0 148166458 -71.0720748 42.3546509
1750 0 148029858 -71.0744155 42.3540229
1750 0 148022231 -71.0808485 42.3522854
1750 0 147941139 -71.1310029 42.3503453
1750 0 147917885 -71.0897704 42.3722902
1750 0 147878648 -71.1547628 42.3491298
1750 0 147697696 -71.1130852 42.3717339
1750 0 147669027 -71.0787025 42.3528671
1750 1 148166892 -71.0687351 42.3790461
1750 1 148149988 -71.1141419 42.3710112
1750 1 148143160 -71.1097367 42.3727677
1750 1 148120624 -71.1005493 42.3815073
1750 1 148074215 -71.120141 42.381488
1750 1 148020740 -71.0998673 42.3377223
1750 1 147831597 -71.0913448 42.3433229
1750 1 147809603 -71.0946003 42.3434854
1750 1 147682869 -71.0696 42.3792
1750 1 147577497 -71.1563 42.3393
1750 1 147531894 -71.1501447 42.339222
1750 1 147480401 -71.1150465 42.37163
1750 2 148188869 -71.0979389 42.3768412
1750 2 148137939 -71.1320109 42.3496307
1750 2 148130567 -71.0544935 42.2931979
1750 2 148115991 -71.1429726 42.3437988
1750 2 148064623 -71.1547628 42.3491298
1750 2 148054146 -71.1548229 42.347942
1750 2 147910122 -71.148633 42.3418055
1750 2 147790194 -71.0474095 42.3312522
1750 2 147715715 -71.097545 42.3710373
1750 2 147697013 -71.1810151 42.4228211
1750 2 147573386 -71.013862 42.420201
1750 3 148160998 -71.0108521 42.386133
1750 3 148074238 -71.021897 42.412581
1775 0 148178383 -71.0946003 42.3434854
1775 0 148178382 -71.0946003 42.3434854
1775 1 148178171 -71.0973979 42.3437041
1775 1 148118429 -71.1291704 42.3868279
1775 1 148034327 -71.095326 42.345231
1775 1 147981602 -71.0539628 42.3669032
1775 1 147922825 -71.1446675 42.3396237
1775 1 147868620 -71.0936567 42.3467982
1775 1 147565365 -71.1449 42.34
1775 1 147537193 -71.1262987 42.3730943
1775 2 148142774 -71.1512841 42.2587515
1775 2 147462814 -71.1490368 42.347472
1800 0 148178309 -71.0798069 42.3421569
1800 0 148154905 -71.121789 42.3797318
1800 0 148154656 -71.155065 42.3386482
1800 0 148021167 -71.1199964 42.3799985
1800 0 147928395 -71.119537 42.3734111
1800 0 147784105 -71.1110035 42.3451042
1800 0 147645490 -71.1045713 42.3460426
1800 0 147638011 -71.1088 42.3691
1800 0 147632866 -71.0990652 42.362647
1800 0 147632865 -71.0990652 42.362647
1800 0 147632864 -71.0990652 42.362647
1800 0 147481490 -71.1201875 42.3804239
1800 1 148178443 -71.0970055 42.3428619
1800 1 148172433 -71.0837836 42.3687129
1800 1 148143009 -71.1199964 42.3799985
1800 1 148137396 -71.0870126 42.3515258
1800 1 148106107 -71.1078229 42.3692184
1800 1 148067043 -71.0335 42.3335
1800 1 148051716 -71.0629763 42.3574347
1800 1 147854206 -71.1086165 42.372315
1800 1 147848195 -71.1043045 42.3631343
1800 1 147848093 -71.0811285 42.3411085
1800 1 147799136 -71.0788775 42.4044102
1800 1 147796892 -71.1124128 42.3922125
1800 1 147721543 -71.128483 42.3856981
1800 1 147714395 -71.0994968 42.3875968
1800 1 147668080 -71.0897481 42.3446011
1800 1 147665446 -71.0490284 42.3329386
1800 1 147652727 -71.1099353 42.3860656
1800 1 147644515 -71.1006967 42.3416624
1800 1 147619579 -71.099191 42.3422702
1800 1 147579167 -71.1254579 42.395453
1800 1 147565363 -71.1496 42.3394
1800 1 147549902 -71.1089649 42.387479
1800 1 147464162 -71.0836 42.3495
1800 1 147460831 -71.0785308 42.4053132
1800 2 148166975 -71.1423928 42.341895
1800 2 148149494 -71.129839 42.350085
1800 2 148130653 -71.0945012 42.3729102
1800 2 148123214 -71.1079606 42.3902017
1800 2 148118546 -71.1331361 42.3517365
1800 2 148112741 -71.0967184 42.3944519
1800 2 148067245 -71.0524 42.3364
1800 2 148064237 -71.0853692 42.3963527
1800 2 148060827 -71.1653238 42.3501142
1800 2 148054446 -71.1144481 42.3023163
1800 2 148050186 -71.104867 42.322721
1800 2 148043667 -71.1236982 42.3265136
1800 2 148029850 -71.1121138 42.3320457
1800 2 147954241 -71.1745939 42.380518
1800 2 147951896 -71.1124128 42.3922125
1800 2 147941143 -71.154657 42.4192342
1800 2 147941101 -71.1452035 42.413655
1800 2 147931396 -71.1116474 42.3918666
1800 2 147914175 -71.1108969 42.3915315
1800 2 147911698 -71.1018025 42.3965313
1800 2 147830871 -71.0302952 42.2846328
1800 2 147816534 -71.1469795 42.3417861
1800 2 147806093 -71.1403856 42.3486966
1800 2 147790398 -71.1280037 42.4079801
1800 2 147770436 -71.1031628 42.3194321
1800 2 147721571 -71.0676403 42.2739056
1800 2 147709638 -71.1121722 42.3068523
1800 2 147685417 -71.1617647 42.376808
1800 2 147684149 -71.127169 42.4092344
1800 2 147663109 -71.1144458 42.3024169
1800 2 147651058 -71.1279353 42.4094866
1800 2 147585227 -71.1303108 42.3502148
1800 2 147564148 -71.1411637 42.2812093
1800 2 147547453 -71.1446675 42.3396237
1800 2 147506120 -71.0316056 42.3957309
1800 2 147488240 -71.162541 42.352874
1800 2 147487542 -71.1073015 42.3049595
1800 3 147685559 -71.0345669 42.4024673
1800 3 147565052 -71.064605 42.281537
1800 3 147507114 -71.0775164 42.3277703
1800 4 147899818 -70.9955603 42.4088058
1800 4 147580504 -70.9935335 42.4085944
1800 4 147506359 -71.0935303 42.4167951
1825 0 147916393 -71.1401077 42.351503
1825 1 146468314 -71.047 42.392
1825 1 148127575 -71.0400727 42.3177866
1825 1 147890053 -71.1004551 42.3411938
1825 2 148137591 -71.1475144 42.3406565
1825 2 147685891 -71.1401077 42.351503
1825 2 147640782 -71.1388795 42.3459613
1850 0 148060809 -71.0740144 42.3532185
1850 0 147966528 -71.1539677 42.347547
1850 0 147835317 -71.1136065 42.3558432
1850 1 148178553 -71.1194048 42.3853736
1850 1 148178450 -71.0795062 42.3495174
1850 1 148178133 -71.1368383 42.3383664
1850 1 148172440 -71.0983832 42.3639772
1850 1 148166893 -71.118196 42.3998883
1850 1 148138142 -71.0901194 42.3432435
1850 1 148137979 -71.1257399 42.4026244
1850 1 148123087 -71.1384368 42.3373698
1850 1 148067078 -71.0627 42.3773
1850 1 148051750 -71.0867648 42.3434555
1850 1 148021427 -71.1350641 42.3351244
1850 1 148018695 -71.0747 42.3526
1850 1 147996794 -71.1355539 42.3394608
1850 1 147952693 -71.1163271 42.3921609
1850 1 147860939 -71.109288 42.345081
1850 1 147825437 -71.0635013 42.3765432
1850 1 147781883 -71.1067193 42.346033
1850 1 147715227 -71.0686299 42.3595298
1850 1 147687728 -71.0817939 42.3489013
1850 1 147649206 -71.0939749 42.3458992
1850 1 147619505 -71.1000215 42.343973
1850 1 147495347 -71.1488453 42.3393481
1850 1 147457432 -71.1032994 42.3470908
1850 1 147425435 -71.0931495 42.3498962
1850 2 148191536 -71.1478093 42.344247
1850 2 148142889 -71.1535239 42.346851
1850 2 148102293 -71.153786 42.347256
1850 2 148100479 -71.17062 42.350183
1850 2 148074009 -71.1606348 42.3401298
1850 2 148071321 -71.174273 42.3689192
1850 2 148064635 -71.159756 42.3400627
1850 2 148054815 -71.1480132 42.3749611
1850 2 148044118 -71.151162 42.346531
1850 2 148032044 -71.139804 42.345093
1850 2 148000229 -71.0979116 42.3652069
1850 2 147970077 -71.1351616 42.348279
1850 2 147951899 -71.125227 42.399853
1850 2 147941191 -71.1436074 42.3594948
1850 2 147940671 -71.1382664 42.3441339
1850 2 147911726 -71.139878 42.3462137
1850 2 147802807 -71.1534226 42.3491063
1850 2 147765182 -71.1538558 42.3379802
1850 2 147696046 -71.1247383 42.3542699
1850 2 147655101 -71.0972992 42.3668302
1850 2 147640950 -71.0986391 42.395261
1850 2 147551103 -71.1353103 42.3472783
1850 2 147503484 -71.140347 42.3447036
1850 2 147499478 -71.088349 42.3748442
1850 2 147479949 -71.073301 42.428523
1850 2 147478124 -71.0982861 42.3642832
1850 2 147453825 -71.1506886 42.3382562
1850 2 147451531 -71.0568785 42.3144305
1850 2 147448635 -71.1409434 42.3452166
1850 3 148067075 -71.0646 42.2815
1850 4 148096987 -71.08134 42.303458
1875 0 147966535 -71.1684785 42.3507131
1875 1 138798868 -71.0767 42.4056
1875 1 148043683 -71.0887024 42.3492718
1875 1 147993332 -71.1241732 42.3789771
1875 1 147868616 -71.1013488 42.3422832
1875 2 148054445 -71.1684785 42.3507131
1875 2 147730781 -71.057558 42.321218
1875 2 147570182 -71.1467449 42.3402895
1900 0 148193600 -71.0769435 42.3542222
1900 0 148020811 -71.0770578 42.353055
1900 0 147966573 -71.0777329 42.3509007
1900 0 147618076 -71.1468152 42.3414406
1900 0 147618028 -71.1458771 42.3417755
1900 1 135076765 -71.0288 42.2945
1900 1 148185935 -71.108125 42.3649718
1900 1 148178298 -71.119668 42.3817339
1900 1 148154647 -71.1002881 42.3428653
1900 1 148137146 -71.0908159 42.3465504
1900 1 148127621 -71.155065 42.3386482
1900 1 148112848 -71.0653289 42.3593824
1900 1 148112770 -71.0720538 42.4272078
1900 1 148100025 -71.0936247 42.3464439
1900 1 148067249 -71.0268 42.2978
1900 1 148051771 -71.08995 42.3439609
1900 1 148048972 -71.1082651 42.3663562
1900 1 148048708 -71.1126801 42.3386936
1900 1 147916743 -71.0854325 42.3284483
1900 1 147906868 -71.0535495 42.3665705
1900 1 147850085 -71.1257427 42.379449
1900 1 147816227 -71.0891049 42.348854
1900 1 147803484 -71.1558473 42.3389373
1900 1 147730353 -71.0402283 42.3180535
1900 1 147727297 -71.0723378 42.3376041
1900 1 147694552 -71.1136223 42.2978533
1900 1 147563148 -71.0740889 42.4278328
1900 1 147451157 -71.085123 42.351753
1900 2 148186214 -71.1011831 42.4258854
1900 2 148155361 -71.12136 42.4034151
1900 2 148149245 -71.142978 42.4022946
1900 2 148145640 -71.129 42.4237
1900 2 148130425 -71.1157793 42.3883571
1900 2 148128219 -71.1138044 42.3861048
1900 2 148122993 -71.1419341 42.3447311
1900 2 148120694 -71.1040424 42.3788535
1900 2 148054790 -71.114359 42.3651468
1900 2 148050847 -71.0945805 42.4118298
1900 2 148048949 -71.0640735 42.3484199
1900 2 148028368 -71.0935863 42.4113919
1900 2 147965038 -71.1402499 42.3486243
1900 2 147964193 -71.123771 42.41286
1900 2 147929785 -71.1093516 42.3164916
1900 2 147878496 -71.1513886 42.340426
1900 2 147827823 -71.124949 42.35336
1900 2 147818956 -71.1582391 42.3400665
1900 2 147791460 -71.1217835 42.4115414
1900 2 147791429 -71.1272785 42.4090606
1900 2 147694643 -71.1341149 42.3616332
1900 2 147664217 -71.1028111 42.379167
1900 2 147651046 -71.1238201 42.4128941
1900 2 147589791 -71.104218 42.329763
1900 2 147586303 -71.097776 42.337053
1900 2 147507559 -71.1126842 42.3319689
1900 2 147496558 -71.0400727 42.3177866
1900 2 147483175 -71.1438082 42.3432245
1900 2 147466884 -71.0555921 42.314199
1900 2 147456141 -71.0950382 42.342806
1900 2 147425176 -71.136023 42.3464948
1900 3 148178394 -71.1072876 42.4007498
1900 3 148112849 -71.10605 42.401069
1900 3 148099211 -71.0481102 42.2877298
1900 3 148088091 -71.1785 42.3719
1900 3 148067084 -71.1688 42.3655
1900 3 148048883 -71.0806873 42.4073273
1900 3 147924996 -71.1232739 42.4127031
1900 3 147716822 -71.1131132 42.4157389
1900 3 147582825 -70.9857272 42.3931422
1925 1 148067101 -71.1083 42.346
1925 1 147993574 -71.102601 42.3432933
1925 2 148191503 -71.1498421 42.3376713
1925 2 147969756 -71.1383267 42.3532238
1925 2 147967193 -71.1468152 42.3414406
1925 2 147479948 -71.1300186 42.3492099
1950 0 148166445 -71.0835338 42.3524473
1950 0 147497701 -71.1091484 42.385147
1950 1 121182984 -71.1478 42.4105
1950 1 104207915 -71.0578 42.4309
1950 1 148188782 -71.1042433 42.3691692
1950 1 148143031 -71.1209106 42.3816165
1950 1 148142867 -71.1125735 42.3759612
1950 1 148142866 -71.1125735 42.3759612
1950 1 148127781 -71.1277641 42.3404818
1950 1 148120418 -71.1238001 42.3784465
1950 1 148033572 -71.1170574 42.3261268
1950 1 147993302 -71.1091484 42.385147
1950 1 147879128 -71.0555355 42.3641146
1950 1 147806687 -71.1250861 42.3418667
1950 1 147663531 -71.0549395 42.3658828
1950 1 147487340 -71.040034 42.3171262
1950 2 148142988 -71.1467519 42.352288
1950 2 148138291 -71.0983832 42.3639772
1950 2 148128516 -71.1167028 42.39857
1950 2 148112725 -71.1554046 42.299889
1950 2 148108397 -71.1308818 42.3971971
1950 2 148102369 -71.1342199 42.3488258
1950 2 148048523 -71.0794243 42.3853826
1950 2 148020486 -71.126544 42.350779
1950 2 148005218 -71.1626756 42.3463503
1950 2 147996706 -71.1156066 42.3722152
1950 2 147996705 -71.1156066 42.3722152
1950 2 147951890 -71.1451587 42.3551569
1950 2 147878239 -71.1301596 42.353588
1950 2 147573419 -71.0867738 42.3897258
1950 2 147563350 -71.1116152 42.3932815
1950 2 147479581 -71.1096245 42.3924961
1950 2 147412299 -71.1780246 42.3816963
1950 3 148166515 -71.036197 42.36894
1950 3 148130918 -71.094045 42.3930407
1950 3 148067103 -71.0567 42.2949
1950 3 148054368 -71.052574 42.31623
1950 3 147460551 -71.0869165 42.3836621
1975 0 148110202 -71.1056533 42.3935244
1975 0 147486846 -71.1051279 42.3943075
1975 1 148186148 -71.1087758 42.3683838
1975 1 148150047 -71.137275 42.3536093
1975 1 148150046 -71.137275 42.3536093
1975 1 148127883 -71.1258336 42.3411108
1975 2 142621450 -71.0938 42.4055
1975 2 147996803 -71.15947 42.30114
1975 3 148054380 -71.1457882 42.3614969
2000 0 148028231 -71.0677999 42.3603102
2000 0 148028224 -71.0650638 42.3588398
2000 0 147944992 -71.1097335 42.3736158
2000 0 147498252 -71.0932229 42.3465445
2000 1 130639468 -71.1294 42.3867
2000 1 138801155 -71.0407 42.319
2000 1 79114394 -71.0657 42.3656
2000 1 148178258 -71.0904226 42.3465636
2000 1 148178212 -71.1068344 42.3716172
2000 1 148166742 -71.1276333 42.3277767
2000 1 148166731 -71.1041276 42.3469484
2000 1 148138362 -71.0949177 42.344363
2000 1 148112648 -71.080925 42.3448112
2000 1 148067119 -71.1292 42.381
2000 1 148033806 -71.0891084 42.350057
2000 1 148028819 -71.087324 42.3420086
2000 1 147969760 -71.1201528 42.3725601
2000 1 147966139 -71.0398774 42.3325269
2000 1 147953865 -71.1167594 42.3473125
2000 1 147882264 -71.119537 42.3734111
2000 1 147878898 -71.064669 42.3438299
2000 1 147808218 -71.084446 42.3523718
2000 1 147803398 -71.0573137 42.3644254
2000 1 147788073 -71.0949975 42.3493505
2000 1 147699891 -71.1209497 42.3807474
2000 1 147696103 -71.0932229 42.3465445
2000 1 147665847 -71.1142757 42.343948
2000 1 147638572 -71.1079334 42.3691428
2000 1 147575252 -71.1188897 42.3900627
2000 1 147496020 -71.0887286 42.3411542
2000 2 148185941 -71.0925633 42.3697677
2000 2 148182489 -71.1322 42.3499
2000 2 148178415 -71.0873854 42.3698686
2000 2 148172347 -71.108921 42.396102
2000 2 148172272 -71.0904226 42.3465636
2000 2 148154636 -71.1112535 42.3937835
2000 2 148149418 -71.1194097 42.3905556
2000 2 148127888 -71.1337112 42.3539038
2000 2 148127826 -71.1445402 42.3799709
2000 2 148123227 -71.1537774 42.3788815
2000 2 148115701 -71.1066684 42.3920807
2000 2 148110362 -71.080925 42.3448112
2000 2 148064689 -71.1051932 42.378545
2000 2 148061221 -71.111616 42.324226
2000 2 148050659 -71.1291704 42.3868279
2000 2 148037340 -71.0915983 42.3491958
2000 2 148030041 -71.1308994 42.4107101
2000 2 148028384 -71.095326 42.345231
2000 2 148025664 -71.0915208 42.3475081
2000 2 148022929 -71.1202102 42.3802884
2000 2 148020739 -71.1814779 42.4225739
2000 2 147988021 -71.1414434 42.3459391
2000 2 147965162 -71.1095721 42.380892
2000 2 147965148 -71.1096232 42.3877952
2000 2 147889845 -71.112258 42.323906
2000 2 147878924 -71.1086165 42.372315
2000 2 147833270 -71.1440931 42.342282
2000 2 147798016 -71.0882714 42.3721032
2000 2 147728124 -71.1296172 42.3866684
2000 2 147695643 -71.1351396 42.3589723
2000 2 147673622 -71.1090487 42.3332378
2000 2 147658215 -71.1189064 42.3994464
2000 2 147648400 -71.0939749 42.3458992
2000 2 147640909 -71.1166037 42.3892458
2000 2 147596794 -71.1190156 42.4008065
2000 2 147567247 -71.1188897 42.3900627
2000 2 147552638 -71.1716341 42.3699777
2000 2 147505429 -71.1099439 42.3427282
2000 2 147498497 -71.1271486 42.3789384
2000 2 147456283 -71.13823 42.347588
2000 3 148178314 -71.08212 42.3685011
2000 3 148137482 -71.1669179 42.3700095
2000 3 148000016 -71.1096316 42.4091692
2000 3 147940891 -71.1497227 42.3746675
2000 3 147806096 -71.100135 42.4271274
2000 3 147781261 -71.1197291 42.4064484
2000 3 147721242 -71.0810204 42.385075
2000 3 147672578 -71.07417 42.35531
2000 3 147502986 -71.1403856 42.3486966
2000 3 147472060 -71.1397405 42.3489871
2000 5 148067355 -71.0425 42.3894
2000 5 148067118 -71.0272 42.3986
2025 0 147404104 -71.0637009 42.363478
2025 1 148172321 -71.12048 42.3957101
2025 1 148137192 -71.1177137 42.3398569
2025 1 148112666 -71.122313 42.3964982
2025 1 148112665 -71.122313 42.3964982
2025 1 147560042 -71.065748 42.365539
2050 0 147812068 -71.1572169 42.4189785
2050 1 147934969 -71.1390728 42.3537923
2050 1 147781769 -71.053913 42.3643141
2050 1 147420100 -71.1337112 42.3539038
2050 2 148166652 -71.0981488 42.3733786
2050 2 147964999 -71.1790894 42.3708462
2075 0 147813843 -71.1024328 42.3628727
2100 0 147953796 -71.0795833 42.3459002
2100 0 147952047 -71.0812783 42.3530547
2100 1 146461640 -71.0418 42.3356
2100 1 148188836 -71.110808 42.371124
2100 1 148186111 -71.1036774 42.368976
2100 1 148178612 -71.116953 42.3825845
2100 1 148178559 -71.0787025 42.3528671
2100 1 148178205 -71.0645599 42.3523583
2100 1 148166991 -71.131946 42.3828716
2100 1 148154981 -71.1152355 42.391034
2100 1 148154876 -71.0808485 42.3522854
2100 1 148137405 -71.121168 42.3437259
2100 1 148133637 -71.1199107 42.3892059
2100 1 148120615 -71.1149866 42.3914194
2100 1 148112812 -71.1166037 42.3892458
2100 1 148064629 -71.1198145 42.3451634
2100 1 148053640 -71.0886 42.3511
2100 1 147914797 -71.1212353 42.3896293
2100 1 147878154 -71.0879229 42.3475995
2100 1 147832826 -71.0895249 42.3454124
2100 1 147805960 -71.0677061 42.3438568
2100 1 147731771 -71.1175348 42.3409611
2100 1 147665312 -71.1159469 42.3899685
2100 1 147596860 -71.1029439 42.3623289
2100 1 147487671 -71.0737942 42.3550753
2100 1 147419322 -71.0354128 42.3356347
2100 2 148130728 -71.0970789 42.3772109
2100 2 148110099 -71.0984079 42.3407834
2100 2 148051714 -71.102601 42.3432933
2100 2 148039530 -71.1012813 42.315249
2100 2 148033474 -71.1041276 42.3469484
2100 2 147846653 -71.0909566 42.3677356
2100 2 147821570 -71.1210565 42.3414777
2100 2 147806097 -71.1169497 42.3446302
2100 2 147799433 -71.0545257 42.3308406
2100 2 147567331 -71.1191678 42.3233591
2100 2 147499631 -71.0900632 42.3704512
2100 3 148167017 -71.1279353 42.4094866
2100 3 148142986 -71.0791126 42.3844394
2100 3 148142902 -71.116276 42.2960737
2100 3 147952030 -71.1544584 42.3523744
2100 3 147951895 -71.0969176 42.389512
2100 3 147488411 -71.096284 42.388304
2100 4 148024443 -71.170993 42.272894
2125 1 147721707 -71.1125667 42.3404504
2150 0 147951889 -71.100887 42.334192
2150 1 142633057 -71.1574 42.4186
2150 1 148154643 -71.0904115 42.3431772
2150 1 147946378 -71.098493 42.3659053
2150 2 148110118 -71.0873767 42.3894356
2150 2 148004244 -71.124429 42.3266725
2150 2 147953841 -71.0950706 42.3426235
2150 2 147440029 -71.0998673 42.3377223
2150 4 148186098 -71.1031836 42.399758
2175 0 147648407 -71.0638352 42.3611579
2175 1 79108646 -71.1411 42.3502
2175 2 147565361 -71.1467 42.3405
2200 0 147548884 -71.0732545 42.3691842
2200 1 148172296 -71.0770265 42.3364517
2200 1 148172276 -71.0726846 42.299673
2200 1 148166870 -71.087832 42.3706479
2200 1 148110364 -71.1236845 42.3364522
2200 1 148067371 -71.1142 42.3308
2200 1 148044570 -71.0892823 42.3462991
2200 1 148028266 -71.0650638 42.3588398
2200 1 147914174 -71.0750541 42.335005
2200 1 147882743 -71.0804638 42.3483137
2200 1 147836437 -71.0789478 42.3464094
2200 1 147790797 -71.0848928 42.3457642
2200 1 147776228 -71.1172041 42.3431351
2200 1 147709572 -71.1118617 42.3695763
2200 1 147708544 -71.118747 42.3447997
2200 1 147673157 -71.1409899 42.3871478
2200 1 147644431 -71.1153677 42.329268
2200 1 147582645 -71.0780814 42.3373349
2200 1 147487391 -71.0658097 42.3587931
2200 1 147487311 -71.112213 42.360045
2200 1 147486958 -71.0724506 42.3554656
2200 2 148186097 -71.0951682 42.398915
2200 2 148160778 -71.1351945 42.3392274
2200 2 148137382 -71.164329 42.352208
2200 2 148133655 -71.1109742 42.3842609
2200 2 148129639 -71.1092768 42.3966037
2200 2 148118517 -71.1089649 42.387479
2200 2 148115935 -71.0391166 42.3763469
2200 2 148115812 -71.1194815 42.3952825
2200 2 148060848 -71.1150034 42.3651757
2200 2 148051497 -71.132689 42.403418
2200 2 148028394 -71.144141 42.3374555
2200 2 147931069 -71.1099353 42.3860656
2200 2 147855887 -71.097665 42.3722409
2200 2 147806114 -71.1067193 42.346033
2200 2 147788744 -71.1106425 42.3848429
2200 2 147771370 -71.1010341 42.3130352
2200 2 147665445 -71.0504192 42.3345622
2200 2 147650927 -71.0989139 42.311974
2200 2 147640741 -71.000633 42.3884922
2200 2 147566073 -71.041487 42.320331
2200 2 147553694 -71.1131428 42.3046626
2200 2 147457563 -71.0543 42.3353
2200 3 148186212 -71.102691 42.39292
2200 3 148166741 -71.1643027 42.3496809
2200 3 148155169 -71.1315813 42.3602061
2200 3 148067272 -71.1253 42.3302
2200 3 148067174 -71.176 42.336
2200 3 148066957 -71.1238 42.2905
2200 3 147996629 -71.1022027 42.3923579
2200 3 147927573 -71.1611348 42.3526315
2200 3 147925142 -71.1612564 42.3489421
2200 3 147831758 -71.136628 42.3821418
2200 3 147819742 -71.1436074 42.3594948
2200 3 147450732 -71.1147 42.3203
2200 4 148149770 -71.1096316 42.4091692
2200 4 148110366 -71.0877731 42.3894517
2200 4 148110311 -71.0926406 42.4244763
2225 1 79124913 -71.0809 42.4029
2225 1 147878141 -71.1424259 42.394455
2225 1 147813043 -71.1179721 42.3391441
2250 0 147539323 -71.1008143 42.3552093
2250 0 147505579 -71.1256905 42.3902236
2250 1 148189476 -71.1309 42.3398
2250 1 148166551 -71.0845499 42.3499751
2250 1 148154800 -71.1086539 42.3445824
2250 1 147965157 -71.083391 42.351348
2250 1 147831719 -71.0720748 42.3546509
2250 1 147617736 -71.065063 42.3595593
2250 1 147585396 -71.1362252 42.393688
2250 2 146468324 -71.047 42.392
2250 2 148172214 -71.1120087 42.3714527
2250 2 148116220 -71.1138708 42.3644852
2250 2 147890655 -71.1116 42.3599
2250 2 147834125 -71.1492943 42.33864
2250 2 147766747 -71.118196 42.3998883
2250 2 147673648 -71.1195909 42.3953308
2250 2 147618351 -71.1129345 42.3851535
2250 2 147545596 -71.141953 42.3376518
2250 3 148166452 -71.0597732 42.3584308
2250 3 148110372 -71.124886 42.285567
2250 3 147929602 -71.1498091 42.3550394
2250 3 147929264 -71.1361965 42.3458778
2250 3 147808203 -71.1217835 42.4115414
2250 3 147743143 -71.1351396 42.3589723
2250 3 147505537 -71.1095874 42.3233494
2275 1 148166909 -71.1218211 42.3805318
2275 1 147649193 -71.064383 42.3593513
2275 1 147502660 -71.0866201 42.3507339
2300 0 148166765 -71.06377 42.3633116
2300 0 147833524 -71.1067086 42.3465561
2300 0 147712384 -71.0825773 42.3505074
2300 0 147590739 -71.0874689 42.3409825
2300 1 121281334 -71.1308 42.3399
2300 1 148186076 -71.0624496 42.3761592
2300 1 148178486 -71.1283325 42.3798885
2300 1 148166840 -71.0857301 42.3433541
2300 1 148120507 -71.0635509 42.3594296
2300 1 148108474 -71.1154794 42.330304
2300 1 148067774 -71.0695684 42.3432821
2300 1 148050427 -71.040646 42.31646
2300 1 147964773 -71.0564814 42.3670627
2300 1 147612703 -71.0855169 42.3501369
2300 1 147594485 -71.076307 42.3361656
2300 1 147575277 -71.0547335 42.366359
2300 2 135076769 -71.0288 42.2945
2300 2 148178087 -71.1115468 42.3966656
2300 2 148172388 -71.1533912 42.3381744
2300 2 148166857 -71.0352553 42.3314743
2300 2 148160772 -71.1277641 42.3404818
2300 2 148149067 -71.1211635 42.3317642
2300 2 148138261 -71.1087945 42.3566387
2300 2 148128301 -71.137275 42.3536093
2300 2 148128300 -71.137275 42.3536093
2300 2 148120889 -71.0909428 42.3810088
2300 2 148102141 -71.1161706 42.3862003
2300 2 148074147 -71.121655 42.3975639
2300 2 148067195 -71.0346 42.3313
2300 2 148054142 -71.1370883 42.3376707
2300 2 148021355 -71.1162108 42.3825802
2300 2 147982423 -71.0554779 42.3652045
2300 2 147965547 -71.0811254 42.3388825
2300 2 147890122 -71.1146641 42.3048519
2300 2 147889894 -71.1067086 42.3465561
2300 2 147879364 -71.0864726 42.341428
2300 2 147838107 -71.0415657 42.336092
2300 2 147832924 -71.1056418 42.3324137
2300 2 147821304 -71.1510333 42.336032
2300 2 147806133 -71.1191211 42.3362618
2300 2 147806132 -71.1191211 42.3362618
2300 2 147804590 -71.0869172 42.3432155
2300 2 147804119 -71.081109 42.367676
2300 2 147803129 -71.0373234 42.3322672
2300 2 147664639 -71.1314982 42.3484367
2300 2 147651059 -71.1630286 42.3496746
2300 2 147619816 -71.070441 42.3807963
2300 2 147561066 -71.1132345 42.3046645
2300 2 147545528 -71.1534693 42.3432198
2300 2 147489603 -71.1358096 42.3814322
2300 2 147466933 -71.174206 42.42761
2300 2 147459642 -71.0785308 42.4053132
2300 2 147425493 -71.1068808 42.3274146
2300 3 148074150 -71.1125479 42.4032979
2300 3 148067203 -71.1692 42.3441
2300 3 147999664 -71.1146001 42.3030338
2300 3 147827767 -71.144141 42.3374555
2300 3 147694125 -71.1533774 42.3445038
2300 3 147591778 -71.1538453 42.3426076
2300 3 147487656 -71.1113411 42.3896058
2300 4 148154824 -71.0913552 42.3972296
2300 4 148137211 -71.0653518 42.4170128
2325 0 148096036 -71.0408 42.3477
2325 1 148059870 -71.0861 42.3457
2325 1 148000253 -71.1197795 42.380855
2325 1 147932986 -71.0643091 42.3434714
2325 1 147788007 -71.1199026 42.3808528
2325 2 148143014 -71.1241884 42.3522468
2325 3 148051586 -71.1238281 42.4084669
2350 0 148160996 -71.144141 42.3374555
2350 0 147993506 -71.1197795 42.380855
2350 0 147785957 -71.1056418 42.3324137
2350 0 147472053 -71.1199026 42.3808528
2350 1 146464526 -71.1541 42.3808
2350 1 148166649 -71.1275791 42.3406037
2350 1 148161151 -71.0597732 42.3584308
2350 1 148053877 -71.0964953 42.3418344
2350 1 147967048 -71.0653671 42.3426863
2350 1 147965111 -71.0784809 42.3842257
2350 2 148149592 -71.0588637 42.3259523
2350 2 148115717 -71.0593808 42.3525
2350 2 148028353 -71.1576002 42.2955326
2350 2 148015635 -71.1111 42.3451
2350 2 147965143 -71.1194048 42.3853736
2350 2 147931446 -71.1658476 42.3039114
2350 2 147674303 -71.1175557 42.3852683
2350 2 147453539 -71.1665852 42.3041305
2350 3 148185889 -71.1402499 42.3486243
2350 3 148106298 -71.1506886 42.3382562
2350 3 147928929 -71.1506935 42.3374854
2350 3 147729914 -71.1750408 42.3178506
2350 3 147495637 -71.1021885 42.3442312
2375 1 147820162 -71.116323 42.3815739
2375 3 147462165 -71.1710233 42.353056
2400 0 148060974 -71.0700478 42.3610258
2400 0 148034756 -71.067788 42.340815
2400 0 147784983 -71.068782 42.341661
2400 0 147612382 -71.1647241 42.3521045
2400 1 148188694 -71.0851123 42.3511282
2400 1 148188678 -71.0894912 42.35085
2400 1 148172479 -71.1220904 42.3796903
2400 1 148149364 -71.1076894 42.3678413
2400 1 148112837 -71.1288732 42.3811381
2400 1 148063370 -71.082 42.3321
2400 1 148048480 -71.1080013 42.3641334
2400 1 148043952 -71.0682434 42.3573686
2400 1 148038068 -71.1051287 42.3466764
2400 1 148029044 -71.0700478 42.3610258
2400 1 148005471 -71.080466 42.3416186
2400 1 147976938 -71.1097335 42.3736158
2400 1 147969043 -71.0651338 42.3611226
2400 1 147965314 -71.0788332 42.3401192
2400 1 147964902 -71.066186 42.373657
2400 1 147875572 -71.0626032 42.3523896
2400 1 147848331 -71.0841674 42.3454959
2400 1 147803390 -71.0739923 42.3400266
2400 1 147801944 -71.062559 42.3580797
2400 1 147780935 -71.0773453 42.3378184
2400 1 147584714 -71.1070038 42.3674151
2400 1 147462720 -71.0870672 42.3459322
2400 1 147460810 -71.1051279 42.3943075
2400 1 147401323 -71.061122 42.366235
2400 2 148191459 -71.1048827 42.320281
2400 2 148186206 -71.0864447 42.3704503
2400 2 148178577 -71.0880597 42.3729145
2400 2 148178100 -71.116953 42.3825845
2400 2 148143070 -71.1129306 42.3701052
2400 2 148143069 -71.1129306 42.3701052
2400 2 148116025 -71.157786 42.3396983
2400 2 148096576 -71.1491178 42.38992
2400 2 148051715 -71.0573137 42.3644254
2400 2 148043869 -71.1524922 42.3385159
2400 2 147981074 -71.0388601 42.3702137
2400 2 147970064 -71.150168 42.3360952
2400 2 147964187 -71.1276129 42.4034575
2400 2 147964186 -71.1276129 42.4034575
2400 2 147951959 -71.0901194 42.3432435
2400 2 147941004 -71.0677999 42.3603102
2400 2 147878420 -71.112431 42.3578829
2400 2 147859797 -71.0626082 42.3776578
2400 2 147848547 -71.0841273 42.3421525
2400 2 147847835 -71.0709402 42.3383104
2400 2 147836550 -71.0773453 42.3378184
2400 2 147829852 -71.0927876 42.3894124
2400 2 147801437 -71.0573918 42.365297
2400 2 147792532 -71.137674 42.348507
2400 2 147766517 -71.0856494 42.3487456
2400 2 147730226 -71.038758 42.3185079
2400 2 147720090 -71.1003933 42.3665008
2400 2 147685583 -71.0841442 42.3491617
2400 2 147655414 -71.0783846 42.4053262
2400 2 147480971 -71.1219519 42.3842465
2400 3 148185900 -71.01796 42.3819462
2400 3 148178469 -71.1294385 42.4129667
2400 3 148178116 -71.0978463 42.3669946
2400 3 148172125 -71.1297325 42.4047839
2400 3 148166903 -71.1285049 42.402733
2400 3 148166755 -71.1651087 42.352002
2400 3 148166545 -71.1570744 42.3490825
2400 3 148161165 -71.1458771 42.3417755
2400 3 148155395 -71.1271067 42.3546145
2400 3 148137753 -71.1485424 42.3362497
2400 3 148127854 -71.0962382 42.3731335
2400 3 148127791 -71.1276129 42.4034575
2400 3 148127679 -71.1234739 42.4044589
2400 3 148118576 -71.1337112 42.3539038
2400 3 148115818 -71.097812 42.373858
2400 3 148110334 -71.1292947 42.3607012
2400 3 148081696 -71.1485768 42.3570099
2400 3 148067823 -71.1104162 42.3327475
2400 3 148067759 -71.1039367 42.3470153
2400 3 148054569 -71.1061639 42.4184296
2400 3 148028515 -71.1462768 42.3531563
2400 3 148028514 -71.1462768 42.3531563
2400 3 148005151 -71.1626756 42.3463503
2400 3 148005150 -71.1626756 42.3463503
2400 3 147999700 -71.1572343 42.3908787
2400 3 147926651 -71.1312863 42.3595691
2400 3 147866540 -71.1636314 42.3523247
2400 3 147866338 -71.1319379 42.3592714
2400 3 147827210 -71.1303482 42.2843921
2400 3 147789811 -71.1272063 42.4076914
2400 3 147596890 -71.164329 42.352208
2400 3 147582719 -71.1012766 42.3817482
2400 3 147548052 -71.0174816 42.381927
2400 3 147488251 -71.156205 42.375966
2400 3 147419250 -71.1298409 42.3507694
2400 3 147412297 -71.1632257 42.3523785
2400 4 148127880 -71.0765806 42.434318
2400 4 148115833 -71.086125 42.422785
2400 4 148063660 -71.0533 42.3192
2400 4 148040684 -71.1074984 42.4096935
2400 4 147927071 -71.0598787 42.31416
2400 4 147926568 -71.130238 42.354957
2425 2 148027764 -71.0854325 42.3284483
2425 2 147948806 -71.0435615 42.3305007
2450 1 148178216 -71.1056533 42.3935244
2450 1 148120669 -71.0638352 42.3611579
2450 1 147965126 -71.0519567 42.3616738
2450 1 147934824 -71.0525783 42.3620086
2450 1 147850077 -71.0777329 42.3509007
2450 1 147477439 -71.0710535 42.3442736
2450 2 148160986 -71.0720538 42.4272078
2450 2 148127744 -71.0453931 42.3200804
2450 2 148110377 -71.1378479 42.3541199
2450 2 148021841 -71.0949177 42.344363
2450 2 147953883 -71.032436 42.3713989
2450 2 147773771 -71.1256286 42.3411622
2450 2 147694095 -71.1172041 42.3431351
2450 2 147571965 -71.1125667 42.3404504
2450 2 147503622 -71.1161756 42.3492985
2450 2 147462582 -71.134656 42.3469281
2450 3 148133670 -71.1478093 42.344247
2450 3 148116015 -71.1141161 42.3845754
2450 3 148043611 -71.1241884 42.3522468
2450 3 147931365 -71.1135603 42.400367
2450 3 147554740 -71.1524823 42.3517909
2450 3 147548864 -71.1525 42.3518
2450 3 147527801 -71.1524575 42.3517981
2475 1 138801644 -71.1605 42.3169
2475 1 147561168 -71.1404753 42.3947455
2475 2 148115779 -71.074487 42.3354576
2475 2 147967051 -71.0762841 42.3369628
2475 2 147837591 -71.1309697 42.3861826
2475 2 147730351 -71.0394596 42.3190795
2475 3 147729745 -71.1433099 42.40658
2500 1 148154819 -71.0804447 42.3393118
2500 1 148112931 -71.0691687 42.3430003
2500 1 148102276 -71.0546473 42.3636316
2500 1 148037699 -71.0774 42.3506
2500 1 148020629 -71.079884 42.3503136
2500 1 147982456 -71.0775319 42.3434762
2500 1 147965128 -71.0632865 42.3639803
2500 1 147965123 -71.0719618 42.3374968
2500 1 147925853 -71.0781319 42.3517142
2500 1 147487571 -71.0797496 42.3461071
2500 1 147487556 -71.081653 42.338751
2500 1 147481298 -71.0848203 42.3426949
2500 1 147450595 -71.111609 42.370137
2500 2 148166861 -71.1217258 42.4013476
2500 2 148166529 -71.1199107 42.3892059
2500 2 148161222 -71.0945112 42.3824693
2500 2 148155654 -71.066109 42.360616
2500 2 148127682 -71.1257132 42.3421762
2500 2 148123229 -71.1046225 42.3464062
2500 2 148115972 -71.1250571 42.3801315
2500 2 148108396 -71.120246 42.3821901
2500 2 148039424 -71.1212353 42.3896293
2500 2 148004351 -71.0983021 42.3816555
2500 2 148004186 -71.1481195 42.3896422
2500 2 147996930 -71.0972212 42.3810447
2500 2 147993174 -71.1084219 42.3763968
2500 2 147993075 -71.0901603 42.3716044
2500 2 147939123 -71.1224 42.3955
2500 2 147911392 -71.0936469 42.349298
2500 2 147824689 -71.0663771 42.3603353
2500 2 147823947 -71.1390728 42.3537923
2500 2 147803986 -71.109166 42.3632112
2500 2 147798993 -71.0887183 42.3452908
2500 2 147793960 -71.1200858 42.4024583
2500 2 147788074 -71.0660005 42.3611179
2500 2 147617634 -71.125335 42.3803174
2500 2 147550718 -71.1263728 42.3958396
2500 2 147488447 -71.1108322 42.373205
2500 2 147469075 -71.0698546 42.3822349
2500 3 148193689 -71.0881563 42.3481177
2500 3 148172252 -71.129517 42.4085307
2500 3 148172220 -71.0794243 42.3853826
2500 3 148166503 -71.1277717 42.4112372
2500 3 148161128 -71.1331856 42.3493175
2500 3 148154851 -71.150168 42.3360952
2500 3 148118385 -71.121655 42.3975639
2500 3 148115871 -71.0982167 42.3663803
2500 3 148064235 -71.1620241 42.3689738
2500 3 148061136 -71.1023059 42.3946886
2500 3 148061002 -71.0996487 42.3270812
2500 3 148053952 -71.1468248 42.3413504
2500 3 148005184 -71.0707202 42.3576749
2500 3 147945020 -71.119399 42.401052
2500 3 147916543 -71.1468152 42.3414406
2500 3 147807475 -71.1564729 42.4153925
2500 3 147807066 -71.1184309 42.2878469
2500 3 147802007 -71.0932942 42.3696891
2500 3 147792724 -71.1140009 42.3929037
2500 3 147710698 -71.1131591 42.3925441
2500 3 147696061 -71.1143386 42.4006346
2500 3 147650940 -71.1292664 42.3965925
2500 3 147645472 -71.1106213 42.3884332
2500 3 147568405 -71.1627798 42.366843
2500 3 147440621 -71.1059151 42.4018065
2500 4 147970093 -71.137275 42.3536093
2500 4 147935493 -71.1462993 42.34141
2500 4 147664281 -71.109244 42.3883487
2500 4 147643066 -71.0998821 42.376488
2500 4 147564136 -71.1596698 42.416669
2500 4 147444425 -71.0292726 42.4300469
2525 2 80368782 -71.1411 42.3502
2550 2 130639467 -71.1294 42.3867
2550 2 148186041 -71.0982167 42.3663803
2550 2 148138011 -71.1158573 42.3335115
2550 2 147802025 -71.1572169 42.4189785
2550 2 147790362 -71.1346849 42.3468469
2550 3 148133714 -71.0983021 42.3816555
2550 3 148116224 -71.0972212 42.3810447
2550 3 148115742 -71.1136266 42.3904869
2550 3 148110368 -71.1207544 42.4011146
2550 3 148032885 -71.1450426 42.3417217
2550 3 148028495 -71.1500533 42.3445567
2550 3 148000252 -71.0965187 42.3917521
2550 3 147773548 -71.0978677 42.3898405
2550 3 147673617 -71.1090487 42.3332378
2550 3 147573057 -71.1144052 42.3893569
2550 3 147486397 -71.1300186 42.3492099
2550 3 147477443 -71.1411637 42.2812093
2550 4 148188882 -71.0996627 42.3675572
2550 4 148160713 -71.1003933 42.3665008
2575 1 148166814 -71.06377 42.3633116
2575 2 148166434 -71.0740889 42.4278328
2575 3 147785229 -71.1301596 42.353588
2575 3 147439740 -71.0894641 42.3465404
2600 0 148021281 -71.0797496 42.3461071
2600 0 148021280 -71.0797496 42.3461071
2600 1 148149165 -71.0709446 42.3469842
2600 1 148114075 -71.1408817 42.3378824
2600 1 148067742 -71.0626563 42.3579334
2600 1 148033163 -71.0730336 42.3450943
2600 1 147918103 -71.1264256 42.3744435
2600 1 147804752 -71.0748693 42.3531406
2600 1 147804746 -71.067195 42.3498591
2600 1 147768171 -71.0740144 42.3532185
2600 1 147706980 -71.0856494 42.3487456
2600 1 147697724 -71.0761957 42.3347927
2600 1 147689509 -71.0817077 42.3453555
2600 1 147424717 -71.088281 42.348807
2600 2 146461641 -71.0418 42.3356
2600 2 148166963 -71.1220904 42.3796903
2600 2 148166866 -71.0492898 42.3378115
2600 2 148155349 -71.0930167 42.3498727
2600 2 148060917 -71.080466 42.3416186
2600 2 148037711 -71.0496 42.3376
2600 2 147827992 -71.0891084 42.350057
2600 2 147781787 -71.0544953 42.3650974
2600 2 147682557 -71.1212181 42.3365553
2600 2 147674295 -71.1169621 42.3109902
2600 2 147597312 -71.1283479 42.3939359
2600 2 147580381 -71.1180842 42.343159
2600 2 147413714 -71.1395819 42.3896346
2600 2 147412266 -71.0542339 42.3647024
2600 3 148193640 -71.1097335 42.3736158
2600 3 148142689 -71.0623429 42.3811014
2600 3 148108404 -71.1107763 42.4010082
2600 3 148064410 -71.1174385 42.3315537
2600 3 148028363 -71.1382664 42.3441339
2600 3 147952062 -71.11948 42.3881742
2600 3 147944403 -71.1329683 42.349592
2600 3 147800723 -71.1027047 42.3951947
2600 3 147772790 -71.1143307 42.384747
2600 3 147650948 -71.1194946 42.3888018
2600 3 147548181 -71.1321868 42.3534445
2600 3 147496464 -71.1244027 42.4006942
2600 3 147480669 -71.1445341 42.3446248
2600 3 147464883 -71.1697819 42.3513405
2600 4 148021177 -71.167096 42.2758265
2600 4 147768354 -71.136142 42.3507807
2600 4 147424124 -71.1383267 42.3532238
2600 5 147572770 -71.0039618 42.3892475
2600 5 147410585 -71.120836 42.4129648
2600 6 147637327 -71.0608703 42.4295956
2625 1 79669134 -71.082 42.3453
2625 1 147415987 -71.0606 42.3651
2625 2 104207914 -71.0578 42.4309
2625 2 148120522 -71.0766855 42.4065892
2625 2 147730224 -71.043033 42.318856
2625 3 148154914 -71.0928392 42.3691355
2625 3 148118476 -71.0931031 42.3690923
2650 0 148143227 -71.0866201 42.3507339
2650 1 147965155 -71.097545 42.3710373
2650 1 147927673 -71.077103 42.3425542
2650 1 147860223 -71.0778669 42.3437243
2650 2 138801156 -71.0407 42.319
2650 2 142633058 -71.1574 42.4186
2650 2 148185994 -71.1199964 42.3799985
2650 2 148003802 -71.1229871 42.3796033
2650 2 147946003 -71.1167594 42.3473125
2650 2 147910004 -71.1355539 42.3394608
2650 2 147833464 -71.1315158 42.3383662
2650 2 147808015 -71.1175348 42.3409611
2650 2 147784333 -71.0217901 42.2640749
2650 2 147685888 -71.0970055 42.3428619
2650 2 147685887 -71.0970055 42.3428619
2650 3 148054369 -71.1340334 42.3531773
2650 3 147878172 -71.1343734 42.3524079
2675 1 148040675 -71.1024328 42.3628727
2675 2 147878683 -71.1215337 42.3797822
2675 2 147565359 -71.1182 42.3387
2675 2 147460535 -71.04142 42.319268
2675 3 148137755 -71.166187 42.3303798
2675 3 148054372 -71.1533912 42.3381744
2675 4 147568238 -71.1540374 42.3410818
2700 0 147742740 -71.07417 42.35531
2700 1 148137619 -71.1047115 42.3340939
2700 1 147965118 -71.082371 42.3657326
2700 1 147649796 -71.0691682 42.3602737
2700 1 147588749 -71.0555093 42.3418247
2700 2 138798877 -71.0767 42.4056
2700 2 148166501 -71.0597732 42.3584308
2700 2 148130332 -71.0737605 42.342822
2700 2 148123030 -71.1068195 42.3462482
2700 2 148115761 -71.1188047 42.3447195
2700 2 148060808 -71.0651338 42.3611226
2700 2 148045045 -71.0867648 42.3434555
2700 2 147953887 -71.075322 42.3363889
2700 2 147812250 -71.0854911 42.3519192
2700 2 147808394 -71.1019 42.3625
2700 2 147803708 -71.1087639 42.363134
2700 2 147766587 -71.0564814 42.3670627
2700 2 147687170 -71.1170972 42.3363774
2700 2 147570175 -71.1097508 42.3627232
2700 2 147548041 -71.1579173 42.4164324
2700 2 147487579 -71.0668515 42.3595628
2700 2 147465015 -71.0894912 42.35085
2700 2 147463968 -71.0866044 42.3426279
2700 2 147450706 -71.122 42.3453
2700 3 148186086 -71.1286661 42.406105
2700 3 148186033 -71.1267844 42.4024208
2700 3 148178519 -71.137287 42.346135
2700 3 148172389 -71.1253096 42.4062563
2700 3 148161064 -71.0909428 42.3810088
2700 3 148112965 -71.1170972 42.3363774
2700 3 148108452 -71.133501 42.349648
2700 3 148108382 -71.082823 42.3890344
2700 3 148074131 -71.109166 42.3632112
2700 3 148040276 -71.1063684 42.3783007
2700 3 148039171 -71.1011374 42.4198293
2700 3 148033370 -71.1059075 42.3768296
2700 3 148000179 -71.1051932 42.378545
2700 3 147996601 -71.1114699 42.3612635
2700 3 147931707 -71.137674 42.348507
2700 3 147929263 -71.1159722 42.3614681
2700 3 147878389 -71.1010341 42.3130352
2700 3 147857821 -71.1176751 42.3928956
2700 3 147668088 -71.1624531 42.3559578
2700 3 147668087 -71.1624531 42.3559578
2700 3 147666294 -71.086457 42.3935981
2700 3 147650938 -71.0989139 42.311974
2700 3 147640733 -71.1075904 42.3622872
2700 3 147594216 -71.1387761 42.3466294
2700 3 147576950 -71.1187644 42.3913154
2700 3 147488157 -71.1157793 42.3883571
2700 3 147487287 -71.1087639 42.363134
2700 3 147479927 -71.166604 42.3568431
2700 4 148186110 -71.1010341 42.3130352
2700 4 148178554 -71.1284307 42.410222
2700 4 148178181 -71.0695916 42.3610473
2700 4 147487168 -71.0893042 42.3934171
2700 4 147459901 -71.096552 42.395953
2700 5 147831983 -71.0913748 42.3151978
2700 6 147597289 -71.0919931 42.3869988
2725 1 140264535 -71.0499 42.3777
2725 2 147496935 -71.1176859 42.347407
2750 1 148047713 -71.0776 42.3434
2750 2 121182983 -71.1478 42.4105
2750 2 147505493 -71.064669 42.3438299
2750 3 148053980 -71.1265249 42.3907432
2750 3 148037718 -71.1446 42.3252
2750 3 148024253 -71.0289379 42.3776897
2750 4 147499458 -71.1506071 42.3490529
2750 4 147401289 -71.1437195 42.3404277
2750 5 148038411 -71.1170061 42.4157782
2775 1 148172256 -71.1001927 42.3623846
2775 2 148149251 -71.100887 42.334192
2775 3 148028354 -71.1463914 42.3430725
2800 0 147589532 -71.0626042 42.3519322
2800 1 118847875 -71.053 42.3539
2800 1 121003125 -71.0397 42.3489
2800 1 148064307 -71.0535197 42.3754628
2800 1 147586650 -71.0854332 42.3599638
2800 1 147457109 -71.1215337 42.3797822
2800 2 146464527 -71.1541 42.3808
2800 2 148166712 -71.1430698 42.3376721
2800 2 148166627 -71.1085044 42.3800187
2800 2 148161186 -71.040646 42.31646
2800 2 148142737 -71.1097335 42.3736158
2800 2 148135019 -71.1791 42.3848
2800 2 148133609 -71.0994968 42.3875968
2800 2 148112632 -71.1194688 42.3848386
2800 2 148037527 -71.0594 42.3535
2800 2 148005699 -71.1076885 42.379791
2800 2 147965104 -71.1183108 42.347456
2800 2 147964990 -71.1782835 42.3681884
2800 2 147836718 -71.1068748 42.3700303
2800 2 147828011 -71.0995947 42.3431052
2800 2 147805118 -71.1209497 42.3807474
2800 2 147791166 -71.1109371 42.3820004
2800 2 147781766 -71.053913 42.3643141
2800 2 147745772 -71.0726541 42.3380736
2800 2 147655100 -71.1108627 42.3819424
2800 2 147652132 -71.0766237 42.3382866
2800 2 147645474 -71.096147 42.3823127
2800 2 147613742 -71.1063605 42.384157
2800 2 147613311 -71.1192776 42.3865846
2800 2 147553292 -71.0770265 42.3364517
2800 2 147551413 -71.035308 42.3331243
2800 2 147481726 -71.0643091 42.3434714
2800 3 148186107 -71.1034366 42.3790023
2800 3 148166793 -71.0901603 42.3716044
2800 3 148166749 -71.0414049 42.3313572
2800 3 148166533 -71.1171936 42.39359
2800 3 148137210 -71.1041276 42.3469484
2800 3 148133599 -71.0994968 42.3875968
2800 3 148115864 -71.1538597 42.375111
2800 3 148106217 -71.1249114 42.4068438
2800 3 148102375 -71.1194085 42.3475237
2800 3 148096995 -71.1167947 42.345606
2800 3 148054781 -71.1503314 42.3541985
2800 3 147866182 -71.1478171 42.3284461
2800 3 147837687 -71.0961941 42.369925
2800 3 147768028 -71.0441142 42.3313132
2800 3 147720793 -71.0741128 42.434382
2800 3 147667935 -71.1628789 42.3454123
2800 3 147546235 -71.1168013 42.3941219
2800 3 147467152 -71.1367934 42.334341
2800 4 148166801 -71.0901603 42.3716044
2800 4 148166794 -71.0971381 42.3960022
2800 4 148115926 -71.0759278 42.4271814
2800 4 148045061 -71.1116043 42.312437
2800 4 147966466 -71.1457882 42.3614969
2800 4 147807592 -71.123606 42.2906922
2800 4 147799920 -71.1280363 42.353719
2800 4 147711551 -71.163093 42.349041
2800 4 147481711 -71.1615609 42.3590043
2800 4 147466852 -71.1217835 42.4115414
2800 4 147456076 -71.1176803 42.4133909
2800 4 147412133 -71.148633 42.3418055
2800 5 147809770 -71.1671603 42.2809296
2825 1 147653925 -71.0575933 42.3581868
2825 2 142332077 -71.0499 42.3777
2825 2 79124914 -71.0809 42.4029
2850 1 146463075 -71.0638 42.3636
2850 2 142621442 -71.0987 42.3339
2850 2 148160833 -71.107523 42.365996
2850 2 148142695 -71.0928292 42.3488369
2850 2 148118404 -71.1066079 42.365378
2850 2 148060978 -71.1547014 42.3413182
2850 2 147941036 -71.1552583 42.3404442
2850 2 147914367 -71.0759738 42.3707021
2850 2 147779473 -71.1075075 42.355893
2850 2 147719259 -71.0784421 42.3719869
2850 2 147707493 -71.1208355 42.3441708
2850 2 147642415 -71.107399 42.355444
2850 3 146468317 -71.047 42.392
2850 3 148096977 -71.1368093 42.3364501
2850 3 148048817 -71.0994873 42.364162
2850 3 147927560 -71.1469795 42.3417861
2850 4 147830830 -71.1458789 42.4085715
2875 0 147544873 -71.0512554 42.3456601
2875 3 148166780 -71.1272773 42.4033029
2875 3 147665801 -71.1267284 42.4041244
2900 1 148054062 -71.05184 42.342294
2900 1 148040316 -71.097831 42.3445655
2900 1 147965194 -71.0868157 42.3454254
2900 1 147965110 -71.0578224 42.3588325
2900 1 147800331 -71.0579849 42.3523482
2900 1 147411793 -71.0724156 42.3357787
2900 2 121281333 -71.1308 42.3399
2900 2 148138115 -71.1213754 42.3844647
2900 2 148138015 -71.070725 42.3587931
2900 2 148130604 -71.130226 42.3974464
2900 2 148112652 -71.1076894 42.3678413
2900 2 148020210 -71.1219984 42.3855236
2900 2 148020015 -71.1051476 42.3644992
2900 2 147833314 -71.0949975 42.3493505
2900 2 147802191 -71.07073 42.3590842
2900 2 147548062 -71.1166286 42.3800977
2900 2 147536429 -71.1124386 42.3738386
2900 2 147412139 -71.1414686 42.33647
2900 3 148142838 -71.1150522 42.3896016
2900 3 148115807 -71.0864447 42.3704503
2900 3 147812865 -71.1289169 42.3506753
2900 3 147653091 -71.1159469 42.3899685
2900 4 148166775 -71.10605 42.401069
2900 4 148110187 -71.1062986 42.4015945
2900 4 147860067 -71.1270242 42.4123668
2925 1 148178542 -71.1024657 42.3603595
2925 1 148093037 -71.0628 42.3517
2925 1 147561415 -71.0787359 42.3478759
2950 1 80256083 -71.111 42.3412
2950 1 148037737 -71.0776 42.3412
2950 1 148032062 -71.0677306 42.3595461
2950 1 147937352 -71.0664976 42.338482
2950 1 147773642 -71.0821951 42.3496958
2950 1 147658824 -71.0841442 42.3491617
2950 1 147651010 -71.0681564 42.359505
2950 1 147477736 -71.1052508 42.3339685
2950 2 148137688 -71.0887286 42.3411542
2950 2 147965127 -71.0784809 42.3842257
2950 2 147803479 -71.0928753 42.3499418
2950 2 147730106 -71.0703222 42.3422159
2950 2 147587208 -71.0373422 42.33635
2950 3 148110168 -71.0868792 42.3719282
2950 3 148037614 -71.1061107 42.3334872
2950 3 147789595 -71.0970055 42.3428619
2975 2 144911372 -71.1605 42.3169
2975 2 148178426 -71.1056533 42.3935244
2975 2 148154957 -71.0828204 42.3432252
2975 2 147656893 -71.0854806 42.3458533
2975 2 147487367 -71.1326959 42.3902715
3000 1 148155223 -71.0818056 42.3454186
3000 1 147710381 -71.0744054 42.3713549
3000 1 147669358 -71.0722498 42.3427473
3000 1 147494111 -71.0862 42.3441
3000 2 148175937 -71.1041 42.3691
3000 2 148172293 -71.1223424 42.3748674
3000 2 148155768 -71.0682 42.381
3000 2 148116213 -71.122611 42.397993
3000 2 148038461 -71.1051287 42.3466764
3000 2 148033269 -71.0792213 42.3681147
3000 2 148004217 -71.1257982 42.396184
3000 2 147967039 -71.0973979 42.3437041
3000 2 147926550 -71.1247725 42.3387168
3000 2 147807314 -71.0750541 42.335005
3000 2 147785687 -71.0780814 42.3373349
3000 2 147717845 -71.0741901 42.3373482
3000 2 147714014 -71.1199026 42.3808528
3000 2 147685439 -71.0669147 42.3603284
3000 2 147671055 -71.0528286 42.3653752
3000 2 147665521 -71.1384368 42.3373698
3000 2 147655236 -71.0523532 42.3622884
3000 2 147507102 -71.0380263 42.3480276
3000 3 79108645 -71.1411 42.3502
3000 3 148191527 -71.1003933 42.3665008
3000 3 148166958 -71.122611 42.397993
3000 3 148166949 -71.1351684 42.400494
3000 3 148160800 -71.131574 42.3820099
3000 3 148130479 -71.1264431 42.3925389
3000 3 148118541 -71.1327799 42.3850162
3000 3 148118423 -71.1095917 42.3582865
3000 3 148112681 -71.1473479 42.3375243
3000 3 147986029 -71.1161756 42.3492985
3000 3 147941231 -71.101557 42.3743108
3000 3 147878500 -71.1211635 42.3317642
3000 3 147856688 -71.1172041 42.3431351
3000 3 147837714 -71.1096028 42.3331873
3000 3 147807084 -71.1184025 42.3495708
3000 3 147804396 -71.0866941 42.3370338
3000 3 147701243 -71.124178 42.360829
3000 3 147694160 -71.162911 42.3524217
3000 3 147677403 -71.0441465 42.332132
3000 3 147570459 -71.1333561 42.3860471
3000 3 147541251 -71.137154 42.3390215
3000 3 147464152 -71.1238 42.3422
3000 3 147449315 -71.0981488 42.3733786
3000 4 148166468 -71.1055226 42.379312
3000 4 148155199 -71.1211635 42.3317642
3000 4 148155163 -71.1314545 42.3291635
3000 4 148142822 -71.1200858 42.4024583
3000 4 148137982 -71.1023059 42.3946886
3000 4 148106112 -71.145604 42.340613
3000 4 148043806 -71.101557 42.3743108
3000 4 148003790 -71.1157201 42.3971845
3000 4 147988009 -71.1533774 42.3445038
3000 4 147970067 -71.1403798 42.3474564
3000 4 147970066 -71.1403798 42.3474564
3000 4 147967007 -71.1041724 42.327438
3000 4 147862194 -71.0643091 42.3434714
3000 4 147823487 -71.145752 42.3265277
3000 4 147771918 -71.0694126 42.417128
3000 4 147696778 -71.162911 42.3524217
3000 4 147653290 -71.1135603 42.400367
3000 4 147619453 -71.1123625 42.3848564
3000 4 147572846 -71.1457355 42.3264672
3000 4 147478297 -71.1370269 42.3547139
3000 4 147463350 -71.1164017 42.4128848
3000 4 147418336 -71.1314505 42.3511566
3000 4 147410583 -71.0545257 42.3308406
3000 4 147403272 -71.1360699 42.356353
3000 5 147476361 -71.1458948 42.2824479
3025 1 147703441 -71.0838894 42.3630085
3025 2 148172249 -71.1197795 42.380855
3050 1 147993585 -71.100771 42.3618755
3050 2 148166799 -71.1218211 42.3805318
3050 2 147899345 -71.1424259 42.394455
3050 3 148178257 -71.0776238 42.3359994
3050 3 148155222 -71.0770265 42.3364517
3075 2 147565045 -71.0753198 42.337684
3100 2 148161185 -71.1051749 42.3644779
3100 2 148154810 -71.1047115 42.3340939
3100 2 148127773 -71.0804447 42.3393118
3100 2 147840367 -71.1070038 42.3674151
3100 3 148112768 -71.1130963 42.3645545
3100 3 148108409 -71.1189663 42.3327764
3100 3 148071335 -71.12377 42.3940694
3100 3 148040567 -71.1218615 42.3953385
3100 3 148037988 -71.0995947 42.3431052
3100 3 148028352 -71.1187938 42.3328541
3100 3 147934849 -71.1467449 42.3402895
3100 3 147916054 -71.1134373 42.3692817
3100 3 147847309 -71.1234129 42.3519383
3100 3 147837707 -71.1123201 42.364622
3100 3 147806680 -71.1633039 42.373793
3100 3 147414227 -71.0932984 42.3651746
3100 4 148191442 -71.1121722 42.3068523
3100 4 148186176 -71.0311377 42.3659527
3100 4 148186051 -71.0557196 42.4041313
3100 4 147488183 -71.134862 42.349898
3125 2 114776579 -71.0397 42.3489
3150 1 148112851 -71.1017053 42.3599185
3150 2 148064358 -71.1242511 42.3395653
3150 2 147699884 -71.0555355 42.3641146
3150 3 142621444 -71.0987 42.3339
3150 3 147967481 -71.1180842 42.343159
3150 3 147967152 -71.1192101 42.3440935
3150 4 148160799 -71.116791 42.4122361
3175 2 147993566 -71.087154 42.3592426
3200 1 79127793 -71.054 42.3615
3200 1 148138140 -71.0785186 42.3432039
3200 1 148133543 -71.0798069 42.3421569
3200 1 148120660 -71.0498168 42.3512349
3200 2 148149713 -71.1070457 42.3478447
3200 2 147919713 -71.0902789 42.3426276
3200 2 147788445 -71.1180106 42.3966058
3200 2 147562226 -71.11753 42.3964213
3200 2 147487398 -71.139613 42.348153
3200 2 147472078 -71.0908159 42.3465504
3200 2 147468451 -71.1068738 42.3485924
3200 3 148188770 -71.1086165 42.372315
3200 3 148128058 -71.1419341 42.3447311
3200 3 148127562 -71.1280565 42.3506357
3200 3 148115988 -71.133488 42.384376
3200 3 148074161 -71.1200724 42.3356156
3200 3 148050324 -71.1255686 42.3489094
3200 3 147996804 -71.1059087 42.3743826
3200 3 147952516 -71.1282853 42.3506479
3200 3 147825454 -71.0762768 42.3704916
3200 3 147694688 -71.115037 42.3649569
3200 3 147480745 -71.0510891 42.3329933
3200 3 147441815 -71.1262958 42.3491255
3200 4 148193618 -71.1097335 42.3736158
3200 4 148186119 -71.130517 42.3547836
3200 4 148172284 -71.147079 42.350165
3200 4 148166761 -71.1244623 42.4133098
3200 4 148155656 -71.1684785 42.3507131
3200 4 148102130 -71.1303332 42.4052385
3200 4 148054268 -71.1309355 42.4056298
3200 4 148033958 -71.1717718 42.3522818
3200 4 148028422 -71.1471353 42.3368176
3200 4 148005133 -71.1626756 42.3463503
3200 4 147986008 -71.1470798 42.3365862
3200 4 147967480 -71.1510333 42.336032
3200 4 147927642 -71.1290129 42.358148
3200 4 147911866 -71.1444408 42.3436737
3200 4 147791085 -71.130714 42.4055204
3200 4 147785536 -71.1014369 42.3794158
3200 4 147775903 -71.1534226 42.3491063
3200 4 147697484 -71.1647241 42.3521045
3200 4 147607305 -71.1314114 42.35438
3200 4 147596469 -71.1651087 42.352002
3200 4 147505049 -71.1260835 42.3293758
3200 4 147503070 -71.1270477 42.3589096
3200 4 147482016 -71.130336 42.353189
3200 5 147940940 -71.1020039 42.332857
3250 0 147915762 -71.1537534 42.3408585
3250 1 148050448 -71.1219013 42.3744326
3250 1 147815961 -71.1223424 42.3748674
3250 1 147718378 -71.0759367 42.3416582
3250 2 148166874 -71.0434515 42.3451207
3250 2 148143077 -71.0571031 42.3295601
3250 2 147810704 -71.0565727 42.3508157
3250 3 138798870 -71.0767 42.4056
3250 3 148102139 -71.1081336 42.3778924
3250 3 148038986 -71.097831 42.3445655
3250 3 147953781 -71.1072776 42.3780914
3250 4 147952048 -71.1174668 42.411302
3275 1 147993536 -71.1018776 42.3608311
3275 1 147869765 -71.0687 42.3645
3275 1 147795020 -71.0825486 42.3655033
3275 2 148186171 -71.1078229 42.3692184
3275 2 148178366 -71.1219013 42.3744326
3275 2 148115820 -71.0638352 42.3611579
3275 3 148155025 -71.0811285 42.3411085
3300 0 147638412 -71.1208826 42.3732941
3300 0 147637905 -71.1201637 42.3731468
3300 1 148137732 -71.070295 42.3577756
3300 1 147830171 -71.0576198 42.3497047
3300 1 147718639 -71.0760072 42.3522874
3300 1 147416497 -71.0766237 42.3382866
3300 2 148097286 -71.1193453 42.327589
3300 2 148015756 -71.0422 42.3335
3300 2 147830159 -71.0761105 42.33787
3300 2 147797052 -71.1051279 42.3943075
3300 2 147766585 -71.0414795 42.3334179
3300 2 147664331 -71.0889 42.3502
3300 2 147473184 -71.1245 42.3439
3300 2 147462611 -71.0468053 42.3432403
3300 2 147424727 -71.0882349 42.3464094
3300 2 147410989 -71.0895249 42.3454124
3300 3 138801154 -71.0407 42.319
3300 3 148116231 -71.1079669 42.3720744
3300 3 148074128 -71.1029309 42.3700755
3300 3 148027629 -71.1066079 42.365378
3300 3 147993290 -71.0996627 42.3675572
3300 3 147982447 -71.0554779 42.3652045
3300 3 147866551 -71.1334094 42.3372162
3300 3 147831593 -71.1085216 42.3315026
3300 3 147806396 -71.1046363 42.345659
3300 3 147551471 -71.112431 42.3578829
3300 3 147486179 -71.120749 42.347765
3300 3 147479833 -71.106973 42.365347
3300 4 148154909 -71.1513886 42.340426
3300 4 148129998 -71.1294977 42.3485093
3300 4 148028456 -71.1458771 42.3417755
3300 4 147919381 -71.1436296 42.3432268
3300 4 147889629 -71.137674 42.348507
3300 4 147866559 -71.139804 42.345093
3300 4 147866358 -71.1429726 42.3437988
3300 4 147733797 -71.1469795 42.3417861
3350 2 148098666 -71.0645577 42.3611403
3350 2 148015765 -71.0644 42.3605
3375 2 148154883 -71.082201 42.3661526
3375 3 147686339 -71.0864726 42.341428
3400 1 148015668 -71.1274 42.398
3400 1 147697521 -71.0812783 42.3530547
3400 2 148172226 -71.0827615 42.3650926
3400 2 148115976 -71.1100875 42.3363743
3400 3 146464530 -71.1541 42.3808
3400 3 148166684 -71.0627643 42.374493
3400 3 148064417 -71.1043987 42.346196
3400 3 148034111 -71.1169865 42.3896484
3400 3 148015771 -71.1492 42.3403
3400 3 148015666 -71.1644 42.3221
3400 3 148005160 -71.0353247 42.3342892
3400 3 147803951 -71.1310029 42.3503453
3400 3 147789707 -71.0753752 42.3835579
3400 3 147650933 -71.1277732 42.3502824
3400 3 147579809 -71.0501286 42.3371072
3400 3 147497693 -71.1197361 42.3990649
3400 3 147468172 -71.1043432 42.3455525
3400 3 147408650 -71.0354002 42.334765
3400 4 148178390 -71.0627874 42.3496106
3400 4 148166823 -71.1189064 42.3994464
3400 4 148154953 -71.1390894 42.3385496
3400 4 148142955 -71.1301709 42.3528302
3400 4 148105905 -71.1084017 42.3315906
3400 4 148102381 -71.1251612 42.3516091
3400 4 148064691 -71.0996487 42.3270812
3400 4 148037583 -71.102871 42.3310184
3400 4 147965461 -71.1301596 42.353588
3400 4 147919389 -71.1505206 42.3410327
3400 5 147967285 -71.1626756 42.3463503
3400 5 147541428 -71.1072017 42.3789547
3425 2 147408464 -71.0719618 42.3374968
3425 4 147811241 -71.1253539 42.3319624
3450 1 148115756 -71.0626042 42.3519322
3450 2 148155076 -71.0748013 42.3548058
3450 3 148015672 -71.1264 42.3369
3450 3 147664258 -71.0809447 42.4031169
3475 2 146463077 -71.0638 42.3636
3475 3 147660974 -71.0854332 42.3599638
3500 1 148167014 -71.1151386 42.3063617
3500 2 148186114 -71.0531577 42.3623898
3500 2 148178391 -71.0851123 42.3511282
3500 2 148166494 -71.1450084 42.3370071
3500 2 148037449 -71.08995 42.3439609
3500 2 147936819 -71.0734495 42.3520448
3500 2 147882556 -71.0810537 42.3493564
3500 2 147718655 -71.0808485 42.3522854
3500 2 147543432 -71.067788 42.340815
3500 2 147466859 -71.068782 42.341661
3500 2 147401502 -71.0726782 42.3439449
3500 3 147922799 -71.1330305 42.3833687
3500 3 147860364 -71.0841442 42.3491617
3500 4 148178608 -71.12136 42.4034151
3500 4 148033194 -71.1221991 42.3308508
3500 4 148032924 -71.1260222 42.3970605
3500 4 147970079 -71.1623085 42.3339598
3500 4 147967479 -71.1510333 42.336032
3500 4 147918092 -71.0557196 42.4326041
3500 4 147860715 -71.0863 42.419566
3500 4 147845717 -71.0798422 42.3710289
3500 4 147803940 -71.1008143 42.3552093
3500 4 147487512 -71.0844444 42.4178296
3500 5 148054607 -71.1021885 42.3442312
3500 5 148054348 -71.137674 42.348507
3500 5 147824521 -71.1380263 42.347895
3500 5 147799259 -71.150984 42.343418
3500 5 147464328 -71.150633 42.343431
3500 5 147456326 -71.13823 42.347588
3500 5 147420459 -71.161864 42.3547286
3500 6 148102297 -71.127129 42.415067
3550 2 148053803 -71.05184 42.342294
3550 4 148112912 -71.1153251 42.3962894
3550 4 147840433 -71.0973684 42.367865
3550 4 147577217 -71.1162221 42.3966385
3575 1 148115955 -71.0606567 42.3651197
3575 4 147903658 -71.0991548 42.3374359
3600 2 148118475 -71.0686977 42.3602946
3600 2 148015694 -71.038 42.3364
3600 2 147780650 -71.1605867 42.3334675
3600 2 147649748 -71.1612418 42.268106
3600 2 147574997 -71.117382 42.3418879
3600 3 146461642 -71.0418 42.3356
3600 3 148193621 -71.1139493 42.3404682
3600 3 148137949 -71.0901194 42.3432435
3600 3 148044666 -71.0897481 42.3446011
3600 3 147967439 -71.0534602 42.3647714
3600 3 147967049 -71.0563403 42.3657162
3600 3 147945372 -71.0750541 42.335005
3600 3 147790011 -71.0564814 42.3670627
3600 3 147718654 -71.1729898 42.4004283
3600 4 148200735 -71.0994968 42.3875968
3600 4 148186100 -71.1025078 42.3897266
3600 4 148161261 -71.1523161 42.3390135
3600 4 148128108 -71.0961941 42.369925
3600 4 148120530 -71.1109742 42.3842609
3600 4 148116219 -71.126181 42.4010566
3600 4 148110315 -71.1027656 42.3767588
3600 4 148060940 -71.135967 42.3390368
3600 4 148054370 -71.141953 42.3376518
3600 4 148028401 -71.1355539 42.3394608
3600 4 147876606 -71.150168 42.3360952
3600 4 147694618 -71.111052 42.320329
3600 4 147684736 -71.115493 42.391202
3600 4 147675240 -71.1187004 42.3362707
3600 4 147617893 -71.1071447 42.391389
3600 5 148096981 -71.1025078 42.3897266
3600 5 147486150 -71.1599599 42.3550809
3600 6 148178431 -71.1021885 42.3442312
3625 2 148112844 -71.1017114 42.3624262
3625 3 140265059 -71.0809 42.4029
3650 2 147965786 -71.056914 42.3418322
3650 3 148096974 -71.1230718 42.3346591
3650 3 148005242 -71.1176859 42.347407
3650 3 147664252 -71.0623038 42.2993902
3650 4 148154901 -71.1149866 42.3914194
3675 3 148005158 -71.069419 42.3602966
3675 3 147486584 -71.0686977 42.3602946
3700 1 147815880 -71.0625313 42.3532468
3700 2 148142787 -71.1079342 42.3795746
3700 2 147933621 -71.1063684 42.3783007
3700 2 147728801 -71.062559 42.3580797
3700 2 147667987 -71.0647389 42.3517235
3700 2 147648393 -71.0848203 42.3426949
3700 2 147401079 -71.1444057 42.3384483
3700 3 148178185 -71.1056533 42.3935244
3700 4 148060831 -71.101297 42.328561
3725 2 148054057 -71.0555093 42.3418247
3725 3 148115850 -71.0638352 42.3611579
3750 2 148166483 -71.100771 42.3618755
3750 2 148110193 -71.1018776 42.3608311
3750 2 148003773 -71.1146299 42.3870702
3750 2 147922765 -71.1206131 42.3940936
3750 3 147929681 -71.1450084 42.3370071
3750 3 147668902 -71.0800094 42.3703214
3750 3 147613442 -71.1177 42.3474
3750 3 147487606 -71.0836063 42.3389195
3750 4 148137185 -71.1252607 42.3926013
3750 4 147479655 -71.1109473 42.3846357
3800 2 148110361 -71.0817133 42.3406401
3800 2 148048114 -71.0518 42.3423
3800 2 147993531 -71.1102689 42.3689976
3800 2 147721713 -71.1111955 42.3404487
3800 2 147665104 -71.1075904 42.3622872
3800 3 148116023 -71.0902789 42.3426276
3800 3 148060815 -71.0870672 42.3459322
3800 3 148051713 -71.1046357 42.3456971
3800 3 148043615 -71.1051287 42.3466764
3800 3 148026935 -71.0851 42.3458
3800 3 148015783 -71.1139 42.3405
3800 3 148015727 -71.1057 42.3632
3800 3 148005154 -71.076307 42.3361656
3800 3 147944338 -71.0643091 42.3434714
3800 3 147917920 -71.1129306 42.3701052
3800 4 148160694 -71.1255349 42.3919896
3800 4 148110252 -71.1298341 42.3611405
3800 4 148054625 -71.1096028 42.3331873
3800 4 147925542 -71.0829756 42.372147
3800 4 147775077 -71.1166145 42.3472838
3800 4 147477726 -71.1166037 42.3892458
3800 5 148108391 -71.0906713 42.3706809
3800 5 147889723 -71.1447768 42.3397864
3825 2 148172314 -71.1024657 42.3603595
3850 2 148053801 -71.0503045 42.3772044
3875 1 147707055 -71.0700311 42.3602702
3875 2 147986500 -71.0803517 42.3463748
3875 2 147479919 -71.0700311 42.3602702
3900 2 79127795 -71.054 42.3615
3900 2 148178520 -71.0887024 42.3492718
3900 2 148166869 -71.1439609 42.2731422
3900 2 148161181 -71.1522784 42.3362641
3900 2 147849521 -71.0791583 42.3426754
3900 2 147668316 -71.0773136 42.3409245
3900 2 147648397 -71.0645599 42.3523583
3900 2 147606421 -71.0902437 42.3487362
3900 3 148120597 -71.0860549 42.3495702
3900 3 148067717 -71.0525094 42.3671848
3900 3 147696664 -71.0821951 42.3496958
3900 3 147695406 -71.1147006 42.3687342
3900 3 147487538 -71.080203 42.370555
3900 3 147414773 -71.0831527 42.3516576
3900 3 147408569 -71.089761 42.350695
3900 4 148137374 -71.1286661 42.406105
3900 4 148120890 -71.113985 42.3825644
3900 6 148137767 -71.1522784 42.3362641
3900 6 148054424 -71.1621218 42.3463679
3900 6 147967289 -71.1337112 42.3539038
3925 2 148127665 -71.0825486 42.3655033
3950 2 79669133 -71.082 42.3453
3975 3 147664264 -71.106915 42.3935812
3975 4 148178545 -71.1169865 42.3896484
3975 4 148112853 -71.1116791 42.3891306
3975 5 148102355 -71.1126775 42.389823
3975 5 147829123 -71.1059628 42.3847586
4000 0 148112918 -71.0993755 42.3634089
4000 0 147813057 -71.079884 42.3503136
4000 1 148120594 -71.0790707 42.3536459
4000 1 148112929 -71.1074024 42.3624563
4000 2 148172313 -71.0745944 42.3708592
4000 2 148112924 -71.1074024 42.3624563
4000 2 148060951 -71.0534602 42.3647714
4000 2 147965113 -71.079884 42.3503136
4000 2 147912149 -71.0523534 42.3643852
4000 2 147808037 -71.0744054 42.3713549
4000 2 147767813 -71.0722498 42.3427473
4000 2 147718786 -71.0651908 42.3431659
4000 2 147595405 -71.111074 42.341239
4000 2 147505523 -71.0567799 42.3588851
4000 3 148188929 -71.089255 42.3468813
4000 3 147931477 -71.1250403 42.3889283
4000 3 147931398 -71.0517829 42.3641936
4000 3 147794067 -71.1315654 42.3984495
4000 4 148166796 -71.1088182 42.374756
4000 4 148112828 -71.1186057 42.3948999
4000 4 148110219 -71.1138708 42.3644852
4000 4 147996656 -71.0993755 42.3634089
4000 4 147964993 -71.1049054 42.3341995
4000 4 147933340 -71.1107773 42.36475
4000 4 147827123 -71.0797678 42.361771
4000 4 147695200 -71.1189497 42.3734417
4000 4 147693968 -71.0956717 42.3276594
4000 4 147648414 -71.1075509 42.3332395
4000 4 147648413 -71.1075509 42.3332395
4000 4 147486193 -71.1297063 42.3586717
4000 5 148189475 -71.1455 42.3416
4000 5 148149469 -71.1488647 42.336437
4000 5 148142926 -71.1249114 42.4068438
4000 5 148112792 -71.12547 42.4060058
4000 5 148092648 -71.150513 42.413675
4000 5 148020259 -71.1485424 42.3362497
4000 5 148007364 -71.1276 42.408
4000 5 147479541 -71.1513886 42.340426
4000 6 147878522 -71.0987261 42.4290047
4000 6 147616204 -71.0964735 42.4283402
4000 7 147834063 -71.1626756 42.3463503
4025 3 147434389 -71.1605 42.3169
4075 2 147609890 -71.1012 42.36
4100 2 148154725 -71.0775319 42.3434762
4100 4 148178129 -71.1021885 42.3442312
4100 4 148142792 -71.0743084 42.3223114
4100 4 148130763 -71.1258336 42.3411108
4100 4 148110091 -71.1072778 42.3898971
4100 4 148042954 -71.1232827 42.3433998
4100 4 147988013 -71.137198 42.3492767
4100 4 147772852 -71.1082587 42.3884845
4100 4 147487183 -71.1256286 42.3411622
4100 5 148112761 -71.1072778 42.3898971
4100 5 147830208 -71.1089649 42.387479
4100 7 148143158 -71.1419086 42.3528402
4100 7 148110376 -71.1417684 42.3524363
4125 2 148128794 -71.0606567 42.3651197
4125 5 148067888 -71.138434 42.352095
4150 3 148137617 -71.1414686 42.33647
4150 3 148120464 -71.1390918 42.3359482
4175 2 147486902 -71.0838894 42.3630085
4200 2 148033861 -71.0769435 42.3542222
4200 2 147682088 -71.0724506 42.3554656
4200 2 147554600 -71.06377 42.3633116
4200 3 148149505 -71.1070457 42.3478447
4200 3 147965117 -71.0973979 42.3437041
4200 3 147813387 -71.0952612 42.3504139
4200 4 148051195 -71.1337112 42.3539038
4200 4 147408195 -71.1070712 42.3332465
4200 6 148102281 -71.1227157 42.405579
4200 6 148060901 -71.1251549 42.4064804
4200 6 148005165 -71.1626756 42.3463503
4200 6 147866150 -71.139804 42.345093
4225 3 146463076 -71.0638 42.3636
4225 3 147664240 -71.0979967 42.3436823
4225 5 148003912 -71.1014369 42.3794158
4250 2 147796247 -71.0817077 42.3453555
4250 2 147609891 -71.0769 42.343
4250 3 148067831 -71.0848203 42.3426949
4250 4 148038657 -71.1161756 42.3492985
4250 5 148108278 -71.1238281 42.4084669
4300 2 148145658 -71.0792 42.3457
4300 2 147965125 -71.0857301 42.3433541
4300 5 147460669 -71.1314505 42.3511566
4300 6 148137390 -71.1414434 42.3459391
4325 2 80256084 -71.111 42.3412
4350 2 147580258 -71.076536 42.370772
4375 2 148095411 -71.0736 42.3702
4400 3 147966135 -71.075842 42.345361
4400 3 147660973 -71.075985 42.346096
4400 4 148178569 -71.1143307 42.384747
4400 4 148138156 -71.1029112 42.3339767
4400 4 147986030 -71.102586 42.3349374
4400 4 147826995 -71.0882349 42.3464094
4400 4 147675732 -71.1033317 42.3336609
4400 4 147673050 -71.1172041 42.3431351
4500 2 148033019 -71.097831 42.3445655
4500 2 148005477 -71.0744716 42.344303
4500 2 147566018 -71.0845499 42.3499751
4500 2 147469198 -71.0503 42.3772
4500 3 148154799 -71.1184682 42.3457729
4500 3 148060930 -71.130226 42.3974464
4500 3 147993266 -71.110172 42.366683
4500 3 147864910 -71.1355539 42.3394608
4500 3 147846795 -71.0525783 42.3620086
4500 3 147571607 -71.1390894 42.3385496
4500 4 148142851 -71.1100367 42.3659122
4500 4 148074068 -71.110172 42.366683
4500 4 148003878 -71.1030891 42.330528
4500 4 147878399 -71.112431 42.3578829
4500 4 147619560 -71.1194048 42.3853736
4500 5 148178425 -71.1063684 42.3783007
4500 5 148142817 -71.1100367 42.3659122
4500 5 148110278 -71.1118757 42.3583869
4500 5 147889961 -71.137198 42.3492767
4500 6 148115709 -71.151297 42.355521
4500 6 147947065 -71.1301596 42.353588
4525 2 118847867 -71.053 42.3539
4525 3 88926304 -71.1431 42.3596
4600 0 148042304 -71.0857301 42.3433541
4600 1 148172361 -71.0741057 42.3488958
4600 1 148128648 -71.0743535 42.348941
4600 1 148007370 -71.0741 42.3489
4600 2 88926310 -71.1431 42.3596
4600 3 148025915 -71.08995 42.3439609
4600 4 147566156 -71.1175348 42.3409611
4600 5 147415826 -71.1613977 42.3240485
4625 2 147925018 -71.0795833 42.3459002
4625 2 147685754 -71.0792549 42.3456824
4625 3 79669136 -71.082 42.3453
4650 2 147668073 -71.0780693 42.3405216
4650 6 148186115 -71.0311377 42.3659527
4650 6 147682080 -71.0557196 42.4041313
4700 2 148172306 -71.0812783 42.3530547
4700 2 148160727 -71.0835338 42.3524473
4700 2 147982064 -71.0839 42.363
4700 2 147686325 -71.0653289 42.3593824
4700 5 147805164 -71.1142757 42.343948
4750 2 148172309 -71.101997 42.369704
4750 2 147847703 -71.0802819 42.3511255
4750 3 147465199 -71.101997 42.369704
4750 3 147425473 -71.0915983 42.3491958
4750 4 148110387 -71.101997 42.369704
4800 1 147980707 -71.0658 42.357
4800 2 147785204 -71.0676305 42.3565972
4800 4 148123182 -71.1080271 42.3317519
4800 6 147488221 -71.1046947 42.3296677
4900 2 148186238 -71.0834749 42.3638393
4900 2 148019630 -71.0760072 42.3522874
4900 2 147696555 -71.0781319 42.3517142
4900 3 148154538 -71.1260624 42.3435787
4900 5 148041612 -71.1171542 42.343412
4900 7 148000162 -71.0794243 42.3853826
4900 7 147441689 -71.079747 42.385356
4950 3 147463764 -71.0535495 42.3665705
4950 6 148004372 -71.1176114 42.3971898
5000 2 147814726 -71.0844943 42.3499756
5000 3 147825384 -71.067381 42.365568
5000 4 148160696 -71.0612069 42.354776
5000 4 147813224 -71.0901194 42.3432435
5000 5 148050850 -71.1051287 42.3466764
5000 5 148048712 -71.1043432 42.3455525
5000 6 148172390 -71.1157793 42.3883571
5000 6 148102175 -71.1149866 42.3914194
5000 7 148172351 -71.0929714 42.3587781
5100 4 148160681 -71.0628678 42.3556261
5150 6 147801428 -71.1278757 42.3544974
5200 4 147448117 -71.1078229 42.3692184
5200 6 148108401 -71.1153251 42.3962894
5200 6 148102290 -71.1162221 42.3966385
5200 7 148143143 -71.130517 42.3547836
5200 7 148061240 -71.1275153 42.3553191
5250 5 147831592 -71.0978935 42.3319008
5300 2 148136912 -71.081 42.3458
5300 5 148021415 -71.1262958 42.3491255
5300 7 147965496 -71.1337112 42.3539038
5400 2 147965133 -71.0510044 42.3770377
5400 7 148143148 -71.1488453 42.3393481
5500 2 147879151 -71.0688077 42.3579994
5500 2 147418917 -71.064383 42.3593513
5500 4 147848084 -71.0688077 42.3579994
5600 5 148186127 -71.1023132 42.3303492
5600 7 147581558 -71.1513886 42.340426
5675 3 124262258 -71.0397 42.3489
5700 2 147401328 -71.0697236 42.3496558
5875 2 148116027 -71.1017053 42.3599185
5900 7 148143150 -71.1211635 42.3317642
5925 3 148020580 -71.0795833 42.3459002
5950 3 147650947 -71.0792423 42.3456923
5950 7 147816153 -71.1278757 42.3544974
6000 2 148033322 -71.0743535 42.348941
6000 2 147818251 -71.0714019 42.3416988
6000 2 147651021 -71.0721299 42.3546506
6000 2 147650924 -71.0650809 42.3583485
6000 3 79127794 -71.054 42.3615
6000 3 146463103 -71.0499 42.3777
6000 3 148034131 -71.1211344 42.3484792
6000 3 148020346 -71.0777329 42.3509007
6000 3 147911676 -71.0788332 42.3401192
6000 3 147811030 -71.0565215 42.3666223
6000 3 147766644 -71.0642373 42.3533878
6000 3 147682070 -71.080466 42.3416186
6000 3 147650929 -71.101413 42.344161
6000 3 147486105 -71.1214881 42.3503716
6000 3 147478306 -71.0854911 42.3519192
6000 4 120595725 -71.111 42.3412
6000 4 147931220 -71.0804447 42.3393118
6000 4 147820499 -71.0795622 42.3396696
6000 5 147479532 -71.1211635 42.3317642
6000 5 147401201 -71.13753 42.32993
6000 6 147880817 -71.1145958 42.3406112
6000 7 148115966 -71.1169865 42.3896484
6000 7 148064393 -71.1125667 42.3404504
6000 7 148040157 -71.1161756 42.3492985
6000 7 148020173 -71.1157793 42.3883571
6000 7 147798975 -71.1319792 42.3558405
6000 8 148019821 -71.1280363 42.353719
6000 8 147474748 -71.150692 42.343064
