925 0 239693108 -71.0559509 42.284441
1200 4 239427699 -71.1067523 42.4104667
1250 0 232903919 -71.1059 42.3331
1275 0 232903882 -71.141 42.3492
1300 0 232904025 -71.1324 42.3538
1425 0 239538766 -71.0226342 42.4024139
1500 0 232903961 -71.106 42.3328
1500 0 232903781 -71.1406 42.3526
1600 0 232903786 -71.0377 42.3908
1600 0 232902662 -71.0705 42.3593
1600 0 236288554 -71.0705 42.3592
1625 0 232902669 -71.0798 42.3533
1650 0 232902709 -71.0706 42.3593
1650 0 239586563 -71.0706 42.3583
1700 0 232904100 -71.1193 42.3866
1700 0 232903849 -71.1225 42.3363
1700 1 239587819 -71.0568 42.2843
1700 3 232903721 -71.0366 42.3684
1725 0 232903883 -71.0582 42.3224
1800 1 239397175 -71.0191 42.2795
1800 2 232903368 -71.0992 42.3947
1825 1 232903962 -71.106 42.3328
1850 1 232903966 -71.106 42.3329
1850 1 238415865 -71.0878 42.3507
1850 1 235777137 -71.0691 42.3604
1850 3 239464758 -71.061695 42.432025
1850 3 230353986 -71.0966 42.3259
1900 1 232903968 -71.106 42.333
1900 1 232903467 -71.1365 42.34
1900 2 232903731 -71.1389 42.3485
1925 1 232903367 -71.0206 42.4018
1925 1 232462555 -71.0661 42.3602
1975 0 238900597 -71.0634 42.3599
1975 1 232903410 -71.1086 42.3695
2000 0 232902719 -71.0654 42.3577
2000 1 232902727 -71.0661 42.3604
2000 1 232904102 -71.0937 42.3485
2025 1 230628636 -71.0228 42.4023
2050 1 232903457 -71.1496 42.3394
2100 1 233305487 -71.0686 42.3595
2100 1 232903799 -71.091 42.3503
2100 2 232903738 -71.1394 42.3485
2150 0 239696139 -71.117775 42.38185
2150 1 232902635 -71.0654 42.3577
2150 2 232903870 -71.0983 42.3642
2150 2 232903879 -71.0695 42.3494
2150 3 232903787 -71.0377 42.3908
2200 1 232903502 -71.0743 42.3401
2200 1 232903209 -71.0691 42.3593
2225 0 232903769 -71.0378 42.3478
2225 0 232903351 -71.0736 42.3702
2225 0 232903039 -71.1088 42.3691
2275 0 232903338 -71.0729 42.3703
2300 1 232903871 -71.0643 42.3597
2300 1 232903429 -71.1191 42.3344
2300 1 232902679 -71.0878 42.3507
2300 2 239371035 -71.05892 42.292965
2300 3 239677990 -71.1402573 42.3590057
2325 2 232903456 -71.1498 42.3394
2350 0 232903238 -71.0826 42.3635
2350 1 239497071 -71.0634 42.3599
2350 1 232903811 -71.0378 42.3478
2400 1 232903188 -71.1044 42.3462
2400 2 239065995 -71.0651 42.3602
2400 2 232903236 -71.0677 42.3599
2400 3 239686157 -71.088001 42.381806
2400 3 232903809 -71.1019 42.3821
2425 2 232903433 -71.1225 42.3363
2450 0 232903779 -71.0894 42.3439
2475 2 232903790 -71.1056 42.377
2475 2 232903447 -71.1314 42.3388
2500 1 232904087 -71.1067 42.3653
2500 1 232903446 -71.1315 42.3386
2500 2 232904073 -71.0983 42.3642
2500 2 238415855 -71.0669 42.3606
2525 1 232903403 -71.1231 42.3793
2550 0 232902878 -71.0736 42.3702
2575 3 239692797 -71.1412688 42.3502483
2600 1 232904057 -71.0561 42.3423
2600 2 232903918 -71.1059 42.3332
2650 0 232903339 -71.0729 42.3703
2650 1 232903145 -71.0378 42.3478
2650 2 239123963 -71.0707 42.3603
2675 0 239468985 -71.0602685 42.3502794
2700 1 233462031 -71.0705 42.3487
2725 0 232903163 -71.0378 42.3478
2750 2 233632599 -71.0705 42.3594
2800 0 233305472 -71.0654 42.3577
2800 0 235777135 -71.0661 42.3602
2800 2 239586567 -71.0706 42.3597
2800 2 232903102 -71.0841 42.3386
2825 2 232903853 -71.1191 42.3388
2850 1 232903387 -71.1202 42.3808
2925 1 232995076 -71.0578 42.3583
2950 2 239742993 -71.070061 42.3484164
2950 3 232904079 -71.1053 42.3784
3000 2 232904103 -71.1074 42.3554
3000 2 232903777 -71.0574 42.3655
3000 2 232903419 -71.0592 42.3545
3000 2 232903190 -71.1044 42.3462
3000 3 232903107 -71.1044 42.3775
3000 3 232903199 -71.1044 42.3462
3025 3 232903791 -71.1149 42.3852
3050 0 232903282 -71.0839 42.363
3050 1 232903845 -71.0592 42.3545
3100 2 232904052 -71.1146 42.3632
3100 2 232903806 -71.1146 42.3853
3100 3 232903860 -71.1468 42.3407
3125 1 232903283 -71.0839 42.363
3175 2 239618760 -71.1316 42.2866
3200 1 232903401 -71.1221 42.3746
3200 2 232903400 -71.1221 42.3746
3200 4 232903562 -71.1253 42.3366
3225 1 232903279 -71.0826 42.3635
3300 3 232903834 -71.1087 42.3446
3300 3 239371026 -71.1034704 42.3068477
3325 2 239693745 -71.1461258 42.3915134
3375 1 232903133 -71.0378 42.3478
3400 2 232903373 -71.0592 42.3545
3400 4 232903948 -71.1361 42.3399
3425 1 232902829 -71.0736 42.3702
3475 1 232903810 -71.0688 42.3645
3500 2 232903235 -71.1043 42.3456
3500 2 232903197 -71.1044 42.3462
3600 3 232904077 -71.0844 42.3711
3600 4 239598638 -71.0913588 42.3390059
3650 2 232903291 -71.0839 42.363
3700 1 232903266 -71.0826 42.3635
3700 4 239677993 -71.1258461 42.3486759
3800 1 232903865 -71.0578 42.3583
3800 2 232903878 -71.0574 42.3655
3800 4 232903831 -71.1255 42.3451
3800 4 232903699 -71.1645 42.3561
3850 2 232903148 -71.0378 42.3478
3900 3 238555396 -71.0688 42.3608
3950 3 232904171 -71.0678 42.3592
4000 2 232903407 -71.1221 42.3805
4275 1 232903309 -71.0839 42.363
4300 3 232903369 -71.1077 42.3814
4375 2 232903258 -71.0826 42.3635
4400 4 239618631 -71.1175076 42.3494476
4500 1 239497069 -71.0726 42.3555
4625 2 232903284 -71.0839 42.363
5025 2 232903265 -71.0826 42.3635
5275 2 232903287 -71.0839 42.363
6000 2 239279696 -71.0715 42.342
6000 2 232903343 -71.0736 42.3702
6000 3 232903352 -71.0736 42.3702
