900 2 166750957 -71.0551 42.3299
925 0 166841618 -71.0559 42.2844
1000 1 166738758 -71.0091 42.4098
1100 3 166815675 -71.0969078 42.367965
1375 2 166995945 -71.0495 42.349
1375 2 166743441 -71.1465 42.2711
1375 2 166743264 -71.1386 42.2774
1450 1 166870996 -71.008644 42.257067
1450 1 166870995 -71.008644 42.257067
1475 1 153159853 -71.134865 42.386546
1500 1 156051111 -71.031 42.273448
1500 1 166989630 -71.0308 42.2738
1500 1 166821463 -71.0772 42.3426
1500 2 166730093 -71.0034 42.4093
1550 1 153158978 -71.128333 42.340319
1600 0 166846282 -71.115 42.3716
1600 1 153170065 -71.15674 42.298441
1625 2 153159856 -71.134865 42.386546
1800 2 166729755 -71.1303 42.3543
1850 2 166901030 -71.053 42.3367
1900 1 167142531 -71.091374 42.338999
1900 1 166724098 -71.0402 42.3326
1900 2 166737757 -71.0412 42.3309
1900 3 167139839 -71.174558 42.395885
1925 0 166846279 -71.1231 42.3793
1950 2 153170057 -71.15674 42.298441
1975 2 166901027 -71.053 42.3366
2000 1 166763343 -71.1546 42.3386
2000 1 166719656 -71.0565 42.3659
2000 2 152855555 -71.143723 42.359306
2075 0 167073504 -71.1461 42.3919
2075 1 164398310 -71.080686 42.40357
2100 1 153154856 -71.081683 42.34885
2125 2 164400293 -71.031 42.273448
2200 5 166727813 -71.0614 42.3018
2225 1 156973058 -71.107887 42.418461
2275 0 166797208 -71.0687 42.3645
2275 3 152855557 -71.143723 42.359306
2350 2 166763367 -71.1407 42.3782
2550 1 156050282 -71.101295 42.332927
2550 1 166815286 -71.1022 42.3609
2600 2 156973057 -71.107887 42.418461
2600 6 166761791 -71.0613 42.432
2675 1 153158703 -71.174819 42.3205
2700 3 153170059 -71.15674 42.298441
2725 1 153156827 -71.110827 42.340964
2800 2 164398312 -71.080686 42.40357
2825 2 157810481 -71.174819 42.3205
2875 1 156607480 -71.073091 42.369577
2925 1 164398326 -71.09828 42.347444
2975 1 166991876 -71.0601 42.3664
3000 1 164400131 -71.083411 42.363907
3000 1 166750885 -71.0985 42.3442
3050 2 166708130 -71.0531 42.3767
3075 1 166797650 -71.0628 42.3517
3150 1 166782274 -71.0578 42.3583
3150 2 156050281 -71.101295 42.332927
3225 2 164400138 -71.083411 42.363907
3275 1 166791621 -71.0839 42.363
3300 2 166765803 -71.0752 42.3363
3400 2 166732309 -71.107 42.3938
3400 3 156973056 -71.107887 42.418461
3450 3 164398311 -71.080686 42.40357
3500 3 166798792 -71.0969 42.3835
3500 5 166766054 -71.0808 42.3685
3525 2 166841307 -71.0535 42.3755
3525 2 166819140 -71.0503 42.3772
3725 2 166797200 -71.0825 42.3655
3825 2 166816267 -71.101 42.3599
3875 2 166756562 -71.0828 42.3651
3950 2 159118532 -71.081683 42.34885
4025 2 153156826 -71.110827 42.340964
4100 2 155606176 -71.073091 42.369577
4100 2 167073121 -71.0736 42.3702
4100 2 166776821 -71.0865 42.3441
4375 2 164398324 -71.09828 42.347444
4500 2 167142708 -71.073583 42.370178
4525 3 153158696 -71.174819 42.3205
5500 5 166700744 -71.0333 42.334
6000 2 166761799 -71.0513 42.3664
6000 3 155606170 -71.073091 42.369577
6000 3 159118534 -71.081683 42.34885
6000 3 164398325 -71.09828 42.347444
6000 4 153156823 -71.110827 42.340964
6000 4 166761978 -71.0714 42.3574
6000 5 166760507 -71.1369 42.3326
