175 0 172262919 -71.004712 42.4198538
375 0 172243254 -71.0903 42.3481
400 0 172204554 -71.071404 42.4320151
400 0 172204553 -71.071404 42.4320151
400 0 172204552 -71.071404 42.4320151
400 0 172097908 -71.1313304 42.3394826
400 0 172097907 -71.1313304 42.3394826
450 0 172405558 -71.0987169 42.3868313
450 0 172405557 -71.0987169 42.3868313
450 0 172220046 -71.145582 42.3507469
450 0 172220045 -71.145582 42.3507469
450 0 172220044 -71.145582 42.3507469
450 0 171984347 -71.0650668 42.3080794
500 0 172444176 -71.1523895 42.3508921
500 0 172433428 -71.0817332 42.3387757
500 0 172433427 -71.0817332 42.3387757
500 0 172433426 -71.0817332 42.3387757
500 0 172433425 -71.0817332 42.3387757
500 0 172341529 -71.0994968 42.3875968
500 0 172341528 -71.0994968 42.3875968
500 0 172341527 -71.0994968 42.3875968
500 0 172215892 -71.1044652 42.312142
500 0 172215891 -71.1044652 42.312142
500 0 172215890 -71.1044652 42.312142
500 0 172215889 -71.1044652 42.312142
500 0 171940409 -71.0510453 42.3637649
500 0 171938189 -71.0369607 42.2835159
525 0 172459179 -71.0553733 42.2882484
525 0 172459178 -71.0553733 42.2882484
525 0 172212915 -71.1590084 42.3535312
525 0 172212914 -71.1590084 42.3535312
525 4 172212492 -71.1590084 42.3535312
525 4 172212491 -71.1590084 42.3535312
525 4 172212490 -71.1590084 42.3535312
550 0 172507526 -71.147486 42.346302
550 0 172471275 -71.0888041 42.3140153
550 0 172471274 -71.0888041 42.3140153
600 0 172439610 -71.0881501 42.3408402
600 0 172330223 -71.0828439 42.3727528
600 0 172161563 -71.1032409 42.3787078
600 0 172161562 -71.1032409 42.3787078
600 0 172161561 -71.1032409 42.3787078
600 0 172152588 -71.0475773 42.3381437
600 0 172091049 -71.1349124 42.4259154
600 0 172091048 -71.1349124 42.4259154
600 0 172088645 -71.0678886 42.4333111
600 0 172085010 -71.0597982 42.301538
600 0 172085009 -71.0597982 42.301538
600 0 172085008 -71.0597982 42.301538
650 0 172422150 -71.1481589 42.3497508
650 0 172422149 -71.1481589 42.3497508
650 0 172351531 -71.0986964 42.4191807
650 0 172351530 -71.0986964 42.4191807
650 0 172351529 -71.0986964 42.4191807
650 0 172351528 -71.0986964 42.4191807
650 0 172347334 -71.1634669 42.3521672
650 0 172343308 -71.0523711 42.4131955
650 0 172208551 -71.1306096 42.3949081
650 0 172208550 -71.1306096 42.3949081
650 0 172208549 -71.1306096 42.3949081
650 0 172165602 -71.0987623 42.3654087
650 0 172165601 -71.0987623 42.3654087
650 0 172165600 -71.0987623 42.3654087
650 0 172165599 -71.0987623 42.3654087
650 0 172102192 -71.0913655 42.381867
650 0 172102191 -71.0913655 42.381867
650 0 171952210 -71.1048404 42.3340477
650 0 171952209 -71.1048404 42.3340477
650 0 171952208 -71.1048404 42.3340477
650 0 171952207 -71.1048404 42.3340477
675 0 172412376 -71.0925584 42.4224091
675 0 171962749 -71.1389412 42.3484897
700 0 172443615 -71.1067487 42.4060199
700 0 172443614 -71.1067487 42.4060199
700 0 172362285 -71.1228533 42.3875934
700 0 172095611 -71.1324024 42.3604638
700 0 172086621 -71.0854325 42.3284483
700 0 172085840 -71.1429726 42.3437988
700 0 172085839 -71.1429726 42.3437988
700 0 172085838 -71.1429726 42.3437988
700 0 171980543 -71.1415437 42.342975
700 0 171980542 -71.1415437 42.342975
700 0 171926377 -71.112858 42.322662
700 0 171926376 -71.112858 42.322662
700 0 171926375 -71.112858 42.322662
700 2 172293691 -71.0944338 42.3299632
725 0 172095683 -71.1405635 42.360533
725 0 172095682 -71.1405635 42.360533
725 0 172095681 -71.1405635 42.360533
725 0 172014939 -71.1138643 42.3644733
725 0 172014938 -71.1138643 42.3644733
725 0 172014937 -71.1138643 42.3644733
725 0 172014936 -71.1138643 42.3644733
750 0 172446863 -71.045775 42.415961
750 0 172446862 -71.045775 42.415961
750 0 172446861 -71.045775 42.415961
750 0 172446860 -71.045775 42.415961
750 0 172444920 -71.1294977 42.3485093
750 0 172444172 -71.101743 42.3309739
750 0 172211775 -71.1624674 42.2624075
750 0 172209235 -71.1297835 42.3816727
750 0 172209234 -71.1297835 42.3816727
750 0 172209233 -71.1297835 42.3816727
750 0 172209232 -71.1297835 42.3816727
750 0 172208373 -71.1296565 42.3818084
750 0 172071052 -71.1095943 42.3314926
750 0 171983984 -71.1644669 42.3512237
750 0 171983983 -71.1644669 42.3512237
750 0 171958350 -71.1523144 42.3390199
750 0 171958349 -71.1523144 42.3390199
750 0 171904716 -71.1303564 42.3446009
750 0 171904715 -71.1303564 42.3446009
750 2 172413544 -71.0911431 42.3911131
750 2 172413543 -71.0911431 42.3911131
775 0 172428063 -71.0964818 42.3966959
775 0 172079706 -71.140266 42.352543
800 0 172444183 -71.1467449 42.3402895
800 0 172444182 -71.1467449 42.3402895
800 0 172444181 -71.1467449 42.3402895
800 0 172444180 -71.1467449 42.3402895
800 0 172345254 -71.0654724 42.4181563
800 0 172196315 -71.1005865 42.392482
800 0 172168760 -71.1066877 42.3465994
800 0 172168759 -71.1066877 42.3465994
800 0 172168758 -71.1066877 42.3465994
800 0 172039294 -71.1169235 42.3327792
800 0 171963974 -71.1113123 42.3994966
800 0 171963973 -71.1113123 42.3994966
800 0 171940403 -71.1513799 42.3404195
800 0 171940402 -71.1513799 42.3404195
800 0 171940401 -71.1513799 42.3404195
800 0 171940400 -71.1513799 42.3404195
825 0 172413042 -71.1686155 42.3510634
825 0 172413041 -71.1686155 42.3510634
850 0 172425680 -71.1323883 42.354219
850 0 172166077 -71.1319379 42.3592714
850 0 172166076 -71.1319379 42.3592714
850 0 172166075 -71.1319379 42.3592714
875 0 172428600 -71.109983 42.36385
900 0 172446886 -71.1122572 42.3245414
900 0 172446885 -71.1122572 42.3245414
900 0 172446884 -71.1122572 42.3245414
900 0 172257051 -71.0255 42.3983
900 0 172166093 -71.118579 42.399076
900 0 172072329 -71.1371969 42.3492729
925 0 172434774 -71.0559 42.2844
975 0 172414385 -71.1041276 42.3469484
1000 0 172368929 -71.1387761 42.3466294
1000 0 172368928 -71.1387761 42.3466294
1000 0 172234003 -71.028015 42.293685
1000 0 172234002 -71.028015 42.293685
1000 0 172234001 -71.028015 42.293685
1000 0 172100299 -71.0589792 42.3648885
1000 0 172100298 -71.0589792 42.3648885
1000 0 172100297 -71.0589792 42.3648885
1000 0 172100296 -71.0589792 42.3648885
1000 0 171954440 -71.1340798 42.3374407
1000 1 172328216 -71.0468 42.4042
1050 0 172459034 -71.053892 42.3310485
1050 0 172459033 -71.053892 42.3310485
1075 0 172436800 -71.1069063 42.3833217
1075 0 172436799 -71.1069063 42.3833217
1075 0 172436798 -71.1069063 42.3833217
1075 0 172212145 -71.083952 42.3373424
1075 0 172212144 -71.083952 42.3373424
1075 0 172212143 -71.083952 42.3373424
1075 0 172212142 -71.083952 42.3373424
1075 0 172202624 -71.1121138 42.3320457
1075 0 172202623 -71.1121138 42.3320457
1075 0 171983071 -71.1027903 42.3334758
1075 0 171983070 -71.1027903 42.3334758
1075 0 171983069 -71.1027903 42.3334758
1075 0 171983068 -71.1027903 42.3334758
1100 0 172414504 -71.0813936 42.4286142
1100 0 172414503 -71.0813936 42.4286142
1100 0 172326049 -71.1188047 42.3447195
1100 0 172326048 -71.1188047 42.3447195
1150 0 172462359 -71.1310647 42.3579891
1150 0 172462358 -71.1310647 42.3579891
1150 0 172462357 -71.1310647 42.3579891
1150 0 172462356 -71.1310647 42.3579891
1150 0 171942429 -71.0353463 42.3728538
1150 0 171942428 -71.0353463 42.3728538
1150 0 171942427 -71.0353463 42.3728538
1150 0 171905287 -71.0537485 42.3675297
1200 0 172204670 -71.1270268 42.2832142
1200 0 172086912 -71.066866 42.365742
1200 0 172086911 -71.066866 42.365742
1200 0 172086910 -71.066866 42.365742
1200 0 172086909 -71.066866 42.365742
1200 0 171970596 -71.1620996 42.3705997
1200 0 171970595 -71.1620996 42.3705997
1250 0 171990703 -71.085086 42.349158
1275 0 172503756 -71.1019077 42.387909
1275 0 172503755 -71.1019077 42.387909
1275 0 172503754 -71.1019077 42.387909
1275 1 167163478 -71.155252 42.262962
1300 0 171987170 -71.110172 42.366683
1300 0 171987169 -71.110172 42.366683
1300 0 171987168 -71.110172 42.366683
1300 0 171987167 -71.110172 42.366683
1300 0 171956272 -71.1095903 42.3808915
1300 0 171956271 -71.1095903 42.3808915
1300 1 172238784 -71.0511 42.3126
1300 2 172243469 -71.0346 42.3876
1350 0 172359080 -71.157403 42.34005
1400 0 172454353 -71.1050506 42.3975698
1400 0 172232670 -71.1053393 42.3774361
1400 0 172232669 -71.1053393 42.3774361
1400 0 172232667 -71.1053393 42.3774361
1400 0 172209247 -71.1213754 42.3844647
1400 0 172209246 -71.1213754 42.3844647
1400 0 172061252 -71.067605 42.3016305
1400 0 172061251 -71.067605 42.3016305
1400 0 172050275 -71.0986355 42.395264
1400 0 172050274 -71.0986355 42.395264
1400 2 172311805 -71.0455 42.4348
1450 0 172454350 -71.1242102 42.4033846
1450 0 172454349 -71.1242102 42.4033846
1450 0 171973691 -71.1374327 42.2862529
1450 0 171973690 -71.1374327 42.2862529
1450 0 171973689 -71.1374327 42.2862529
1450 0 171973688 -71.1374327 42.2862529
1475 1 153159853 -71.134865 42.386546
1500 0 172462386 -71.0487671 42.3507803
1500 0 172462385 -71.0487671 42.3507803
1500 0 172462384 -71.0487671 42.3507803
1500 0 172345300 -71.0551176 42.3736561
1500 0 172305020 -71.0566358 42.355473
1500 0 172288198 -71.0631 42.3597
1500 0 172263488 -70.984688 42.422264
1500 0 172263487 -70.984688 42.422264
1500 0 172226640 -71.0615968 42.372059
1500 0 172226639 -71.0615968 42.372059
1500 0 172226638 -71.0615968 42.372059
1500 0 172093140 -71.0298323 42.3895882
1500 0 172093139 -71.0298323 42.3895882
1500 1 156051111 -71.031 42.273448
1500 1 172481244 -71.1246 42.3518
1500 1 172464205 -71.101771 42.3624809
1500 1 172464204 -71.101771 42.3624809
1500 1 172464203 -71.101771 42.3624809
1500 1 172356802 -71.0308 42.2738
1500 2 172238305 -71.1159 42.419
1500 2 172238295 -70.98 42.4283
1500 2 171910073 -71.0251 42.2763
1525 1 172198903 -71.1535 42.3469
1550 0 172393925 -71.0376347 42.3356091
1550 0 172393924 -71.0376347 42.3356091
1550 0 172208006 -71.1329622 42.4188762
1550 0 172208005 -71.1329622 42.4188762
1550 1 153158978 -71.128333 42.340319
1575 0 172100371 -71.1137995 42.402798
1575 0 172100370 -71.1137995 42.402798
1600 0 172100267 -71.104218 42.329763
1600 0 172100266 -71.104218 42.329763
1600 0 172100265 -71.104218 42.329763
1600 0 171925554 -71.0748285 42.4319581
1600 0 171925553 -71.0748285 42.4319581
1600 0 171908281 -71.0958442 42.3992556
1600 1 153170065 -71.15674 42.298441
1600 1 172100779 -71.1346849 42.3468469
1600 1 171983061 -71.079884 42.3503136
1600 1 171983060 -71.079884 42.3503136
1600 2 167163492 -71.155252 42.262962
1625 0 172276555 -71.0892 42.3455
1625 0 171912536 -71.0847941 42.3716527
1625 1 153170253 -71.071769 42.271851
1625 2 153159856 -71.134865 42.386546
1650 0 172194404 -71.0688 42.349
1650 1 171950839 -71.0551 42.3659
1650 2 172238331 -71.0251 42.3892
1650 2 172226882 -71.0977 42.3771
1650 2 172226859 -71.1596 42.3738
1650 3 172226876 -71.0313 42.3999
1650 4 172226872 -71.0809 42.315
1700 0 172506801 -71.0983021 42.3816555
1700 0 172506800 -71.0983021 42.3816555
1700 0 172278025 -71.1670133 42.363845
1700 0 172278024 -71.1670133 42.363845
1700 0 172261110 -71.119623 42.3833643
1700 0 172253517 -71.0712454 42.3700926
1700 0 172177380 -71.1443769 42.369908
1700 0 172100232 -71.1546524 42.4192267
1700 0 172100231 -71.1546524 42.4192267
1700 0 172094179 -71.0898345 42.421399
1700 0 171972654 -71.165842 42.41832
1700 0 171972653 -71.165842 42.41832
1700 0 171972652 -71.165842 42.41832
1700 0 171955303 -71.048254 42.4151036
1700 0 171955302 -71.048254 42.4151036
1700 0 171955301 -71.048254 42.4151036
1700 0 171955300 -71.048254 42.4151036
1700 1 172226888 -71.126 42.3422
1700 1 172062162 -71.066287 42.358318
1700 1 171986542 -71.1274146 42.3401764
1700 1 171986541 -71.1274146 42.3401764
1700 1 171986540 -71.1274146 42.3401764
1700 1 171986539 -71.1274146 42.3401764
1700 2 172227100 -71.0809 42.3844
1700 2 172226896 -71.0912 42.3778
1700 3 172226899 -71.1193 42.2817
1700 3 172226891 -71.1559 42.2909
1700 4 172235039 -71.0655 42.3051
1725 0 172226903 -71.079 42.3531
1725 0 171973725 -71.150115 42.2675658
1750 0 172480169 -71.1281725 42.3416974
1750 0 172480168 -71.1281725 42.3416974
1750 0 172480167 -71.1281725 42.3416974
1750 0 172436083 -71.121655 42.3975639
1750 1 172207689 -71.0947 42.3458
1750 3 172170992 -71.1104811 42.4115451
1750 3 172170991 -71.1104811 42.4115451
1750 3 172170990 -71.1104811 42.4115451
1775 0 172420947 -71.0524547 42.3763844
1775 0 172420946 -71.0524547 42.3763844
1775 0 172420945 -71.0524547 42.3763844
1775 0 172420944 -71.0524547 42.3763844
1800 0 172507074 -71.1126775 42.389823
1800 0 172506825 -71.0914197 42.3796198
1800 0 172506824 -71.0914197 42.3796198
1800 0 172506823 -71.0914197 42.3796198
1800 0 172506822 -71.0914197 42.3796198
1800 0 172489564 -71.1553183 42.2645465
1800 0 172417148 -71.1272773 42.4033029
1800 0 172417147 -71.1272773 42.4033029
1800 0 172417146 -71.1272773 42.4033029
1800 0 172417145 -71.1272773 42.4033029
1800 0 172237278 -71.067918 42.359857
1800 0 172237277 -71.067918 42.359857
1800 0 172237276 -71.067918 42.359857
1800 0 172209870 -71.0946003 42.3434854
1800 0 172209869 -71.0946003 42.3434854
1800 0 172209868 -71.0946003 42.3434854
1800 0 172209867 -71.0946003 42.3434854
1800 0 172206648 -71.0851123 42.3511282
1800 0 172206647 -71.0851123 42.3511282
1800 0 172206646 -71.0851123 42.3511282
1800 0 172206645 -71.0851123 42.3511282
1800 0 172073069 -71.0542339 42.3647024
1800 0 171951034 -71.1240559 42.2565289
1800 1 172226916 -71.13 42.3383
1800 2 152855555 -71.143723 42.359306
1800 2 172400767 -71.1353612 42.3491914
1800 2 172400766 -71.1353612 42.3491914
1800 2 172400765 -71.1353612 42.3491914
1800 2 172226937 -71.0828 42.3895
1800 2 172226928 -71.1408 42.2899
1800 3 172431911 -71.1482 42.2827
1800 3 172226924 -71.039 42.2594
1800 3 172226921 -71.0944 42.3906
1850 0 172226954 -71.0722 42.3556
1850 1 172207692 -71.0946 42.3459
1850 3 172224389 -71.156 42.2558
1900 0 172488417 -71.1254579 42.395453
1900 0 172488416 -71.1254579 42.395453
1900 0 172488415 -71.1254579 42.395453
1900 0 172278484 -71.109429 42.366768
1900 0 171973698 -71.0906338 42.405223
1900 0 171973697 -71.0906338 42.405223
1950 0 172426088 -71.1658406 42.3519132
1950 0 172426087 -71.1658406 42.3519132
1950 1 172227036 -71.1205 42.3904
1950 2 153170057 -71.15674 42.298441
1950 2 172224409 -71.0551 42.2972
1950 4 172374726 -71.0751 42.3177
1975 0 171956875 -71.1120087 42.3714527
2000 0 172302171 -71.0807732 42.3867539
2000 0 172230209 -71.0579927 42.3523773
2000 0 172177345 -71.1654057 42.4284249
2000 1 172471362 -71.1045 42.3465
2000 1 172374805 -71.0522 42.3759
2000 2 153170254 -71.071769 42.271851
2075 1 164398310 -71.080686 42.40357
2100 0 172499007 -71.0816256 42.4031412
2100 0 172499006 -71.0816256 42.4031412
2100 0 172362235 -71.0712601 42.2820157
2100 0 172331150 -71.123923 42.3917366
2100 0 172096612 -71.0942628 42.3666541
2100 0 172096611 -71.0942628 42.3666541
2100 1 153154856 -71.081683 42.34885
2100 1 171961960 -71.0782 42.3846
2100 1 171923754 -71.0691 42.3594
2100 2 172224218 -71.1204 42.3905
2100 3 172224227 -71.1576 42.3782
2150 0 171920107 -71.0959078 42.3953106
2150 0 171920106 -71.0959078 42.3953106
2150 0 171920105 -71.0959078 42.3953106
2150 0 171920104 -71.0959078 42.3953106
2200 0 172507097 -71.0926928 42.3825269
2200 0 171957485 -71.0745443 42.4309585
2200 0 171957484 -71.0745443 42.4309585
2200 0 171948605 -71.0660072 42.3607923
2200 0 171948604 -71.0660072 42.3607923
2200 0 171948603 -71.0660072 42.3607923
2200 1 172467019 -71.0969 42.3419
2200 1 172224287 -71.1396 42.3896
2200 2 172205297 -71.1716 42.3214
2200 3 172224271 -71.0977 42.3724
2225 1 156973058 -71.107887 42.418461
2250 1 172224300 -71.0626 42.4011
2300 0 172403821 -71.0888396 42.341129
2300 0 172403820 -71.0888396 42.341129
2300 0 172403819 -71.0888396 42.341129
2300 0 172177307 -71.1344539 42.2904259
2300 0 172101620 -71.0628951 42.3611636
2300 0 172101619 -71.0628951 42.3611636
2300 0 172101618 -71.0628951 42.3611636
2300 0 171948346 -71.0792235 42.2826188
2300 0 171948345 -71.0792235 42.2826188
2300 0 171935344 -71.0819708 42.3691705
2300 0 171935343 -71.0819708 42.3691705
2300 0 171935342 -71.0819708 42.3691705
2300 1 172489113 -71.1067131 42.3460359
2300 1 172489112 -71.1067131 42.3460359
2300 1 172489111 -71.1067131 42.3460359
2300 2 172282487 -71.126 42.3449
2300 2 172262056 -71.1139 42.3053
2300 2 172224481 -71.1197 42.3365
2300 2 172224480 -71.0541 42.3347
2300 2 172224327 -71.1458 42.3395
2350 1 172224706 -71.0533 42.3622
2350 3 152855557 -71.143723 42.359306
2400 0 172467572 -71.08803 42.3503358
2400 0 172467571 -71.08803 42.3503358
2400 0 172467570 -71.08803 42.3503358
2400 0 172467569 -71.08803 42.3503358
2400 0 171956873 -71.1098389 42.4000967
2400 1 171905437 -71.1088 42.3691
2400 2 172224488 -71.1558 42.3389
2400 3 171905395 -71.1089 42.3332
2450 0 171979699 -71.0380278 42.3480255
2450 0 171979698 -71.0380278 42.3480255
2450 1 172220948 -71.0526 42.375
2450 2 164400293 -71.031 42.273448
2450 2 172212927 -71.0629 42.3606
2450 3 172220912 -71.1143 42.2937
2500 0 172488400 -71.1257086 42.4004341
2500 0 172488399 -71.1257086 42.4004341
2500 0 172488398 -71.1257086 42.4004341
2500 0 172488397 -71.1257086 42.4004341
2500 0 172444919 -71.149522 42.404732
2500 0 172444918 -71.149522 42.404732
2500 0 172400847 -71.0731496 42.343155
2500 0 172400846 -71.0731496 42.343155
2500 0 172365689 -71.112104 42.372087
2500 0 172365688 -71.112104 42.372087
2500 0 172365687 -71.112104 42.372087
2500 0 172365686 -71.112104 42.372087
2500 0 172212939 -71.0778 42.3429
2500 0 172197616 -71.0629771 42.3509632
2500 1 167174420 -71.098259 42.386681
2500 1 172235293 -71.0650638 42.3588398
2500 2 172212955 -71.1166 42.3419
2500 2 172212938 -71.0525 42.365
2500 3 172212935 -71.0556 42.332
2525 0 171949365 -71.1626756 42.2797554
2525 0 171949364 -71.1626756 42.2797554
2525 0 171949363 -71.1626756 42.2797554
2550 2 172212978 -71.0571 42.3653
2575 3 172355259 -71.1411 42.3503
2600 0 172433268 -71.1264273 42.3914235
2600 0 172433267 -71.1264273 42.3914235
2600 0 171981457 -71.0573722 42.3581201
2600 0 171981456 -71.0573722 42.3581201
2600 1 168603404 -71.073091 42.369577
2600 2 156973057 -71.107887 42.418461
2600 2 172213097 -71.064 42.3797
2600 4 172190198 -71.1089 42.333
2650 0 172368337 -71.1290905 42.4043044
2650 0 172368336 -71.1290905 42.4043044
2650 0 172368335 -71.1290905 42.4043044
2650 0 172096583 -71.1104278 42.3983003
2650 1 167179899 -71.174819 42.3205
2650 2 167174417 -71.098259 42.386681
2650 3 172461953 -71.1088 42.3316
2675 1 156050282 -71.101295 42.332927
2700 0 172094242 -71.0992289 42.323587
2700 0 171987189 -71.065811 42.3765441
2700 0 171987188 -71.065811 42.3765441
2700 0 171948363 -71.0800502 42.2744916
2700 0 171948362 -71.0800502 42.2744916
2700 0 171948361 -71.0800502 42.2744916
2700 2 172467022 -71.1036 42.3464
2700 2 172374617 -71.0875 42.3466
2700 3 153170059 -71.15674 42.298441
2700 3 172213103 -71.0553 42.3319
2725 0 172262049 -71.0865 42.3441
2725 1 153156827 -71.110827 42.340964
2750 0 172418594 -71.1066079 42.365378
2750 0 172418593 -71.1066079 42.365378
2750 1 172453713 -71.0744 42.3714
2800 0 172489547 -71.1076894 42.3678355
2800 0 172471345 -71.0962382 42.3731335
2800 0 172471344 -71.0962382 42.3731335
2800 2 164398312 -71.080686 42.40357
2825 1 171933434 -71.1022 42.3609
2825 1 171917891 -71.0497122 42.3487014
2850 0 171979703 -71.080817 42.348156
2850 0 171979702 -71.080817 42.348156
2900 0 172489096 -71.1378809 42.3896899
2900 0 172467559 -71.06 42.3652
2900 0 172430400 -71.117133 42.3478368
2900 0 172430399 -71.117133 42.3478368
2900 0 172430398 -71.117133 42.3478368
2900 0 172185647 -71.1471292 42.3398319
2900 0 172185646 -71.1471292 42.3398319
2900 0 171948352 -71.0767422 42.3449693
2900 0 171948351 -71.0767422 42.3449693
2900 1 172262200 -71.0842 42.3499
2900 2 172388620 -71.0883 42.3432
2900 3 172211583 -71.0314 42.2841
2900 4 172262047 -71.1335 42.352
2950 2 172388600 -71.0875 42.341
2950 2 172293308 -71.0561 42.3289
3000 0 172506829 -71.1203617 42.3994185
3000 0 171957610 -71.1169921 42.3896347
3000 0 171920108 -71.1240131 42.3872724
3000 1 172211639 -71.0644 42.3598
3000 1 172130419 -71.0565 42.3659
3000 2 172211588 -71.0818 42.3405
3025 1 171977925 -71.083411 42.363907
3050 0 172414471 -71.1008078 42.3343129
3050 0 172414470 -71.1008078 42.3343129
3050 0 172234753 -71.068686 42.337218
3050 0 172234752 -71.068686 42.337218
3075 0 172100770 -71.082371 42.3657326
3075 0 172100769 -71.082371 42.3657326
3075 0 172100768 -71.082371 42.3657326
3125 1 172230514 -71.0835 42.3637
3175 1 172354093 -71.0825 42.3655
3175 2 172492379 -71.0811 42.3413
3200 0 172174764 -71.1004778 42.3135952
3200 0 171948359 -71.0597732 42.3584308
3200 0 171948349 -71.0647907 42.3818268
3200 0 171948348 -71.0647907 42.3818268
3200 3 172467021 -71.1227 42.3435
3225 2 169135256 -71.174819 42.3205
3225 2 156050281 -71.101295 42.332927
3275 0 172210540 -71.066287 42.358318
3275 0 172210539 -71.066287 42.358318
3275 0 172210538 -71.066287 42.358318
3300 2 172391471 -71.0714 42.3703
3300 4 172093641 -71.1306 42.3519
3325 1 172141769 -71.0839 42.363
3350 2 172203193 -71.0896 42.3488
3400 1 172438318 -71.0804565 42.3514856
3400 1 172438317 -71.0804565 42.3514856
3400 1 172438316 -71.0804565 42.3514856
3400 1 172203208 -71.1084 42.3278
3400 3 156973056 -71.107887 42.418461
3450 0 171981452 -71.0735828 42.3701782
3450 0 171981451 -71.0735828 42.3701782
3450 2 167176877 -71.083411 42.363907
3450 3 164398311 -71.080686 42.40357
3475 2 168377729 -71.081683 42.34885
3500 0 172205306 -71.0513 42.358
3500 0 172090476 -71.0835338 42.3524473
3500 2 172462347 -71.0516 42.3775
3500 3 172293719 -71.1715 42.3612
3700 0 171981458 -71.0530863 42.3539077
3700 2 171933438 -71.101 42.3599
3800 2 172190208 -71.0966 42.3381
3850 2 172199131 -71.0487 42.3507
3925 2 158268851 -71.073091 42.369577
3950 4 172190205 -71.1019 42.3319
4025 2 153156826 -71.110827 42.340964
4100 0 171912531 -71.1290693 42.3929715
4100 0 171912530 -71.1290693 42.3929715
4100 0 171912529 -71.1290693 42.3929715
4100 0 171912528 -71.1290693 42.3929715
4200 0 172399874 -71.1002881 42.3428653
4325 0 172439898 -71.0605057 42.3652105
4325 3 167174425 -71.098259 42.386681
4350 2 172370357 -71.0535 42.3755
4350 2 172276717 -71.0503 42.3772
4450 2 172378504 -71.0736 42.3702
4525 3 167179896 -71.174819 42.3205
4700 3 172342680 -71.0823 42.3447
4700 4 172385484 -71.1222 42.3448
4700 5 172388616 -71.1394 42.3485
5000 4 172467011 -71.0638 42.337
6000 3 159118534 -71.081683 42.34885
6000 3 168913229 -71.073091 42.369577
6000 3 172481254 -71.0624 42.3535
6000 4 153156823 -71.110827 42.340964
