150 1 174837889 -71.1179 42.3397
250 0 174492296 -71.1013648 42.3639944
275 0 174632706 -71.1523144 42.3390199
275 0 174632705 -71.1523144 42.3390199
300 0 174705536 -71.1356138 42.3462402
300 0 174632458 -71.1513799 42.3404195
300 0 174632457 -71.1513799 42.3404195
300 0 174632211 -71.1429726 42.3437988
300 0 174480966 -71.0995947 42.3431052
400 0 174630904 -71.1355539 42.3394608
400 0 174630903 -71.1355539 42.3394608
400 0 174620545 -71.1313304 42.3394826
400 0 174620544 -71.1313304 42.3394826
450 0 174480604 -71.0952881 42.3935261
450 0 174480603 -71.0952881 42.3935261
475 0 174636163 -71.0565537 42.3752813
475 0 174636162 -71.0565537 42.3752813
475 0 174636161 -71.0565537 42.3752813
475 0 174636160 -71.0565537 42.3752813
500 0 174668210 -71.0832155 42.3362545
500 0 174631588 -71.1359615 42.3479562
500 0 174612468 -71.1250616 42.3443697
500 0 174612467 -71.1250616 42.3443697
500 0 174554884 -71.1351945 42.3392274
500 0 174554882 -71.1351945 42.3392274
500 0 174554881 -71.1351945 42.3392274
500 0 174511515 -71.1148707 42.2979165
500 0 174481043 -71.028021 42.261364
500 0 174481042 -71.028021 42.261364
550 0 174536712 -71.1175392 42.2933041
550 0 174536711 -71.1175392 42.2933041
550 0 174536710 -71.1175392 42.2933041
550 0 174536709 -71.1175392 42.2933041
550 0 174487382 -71.147486 42.346302
575 0 174511645 -71.1292947 42.3607012
575 0 174511644 -71.1292947 42.3607012
575 0 174499158 -71.1423928 42.341895
575 0 174499157 -71.1423928 42.341895
575 0 174484180 -71.0572422 42.3516501
575 4 174484183 -71.0572422 42.3516501
575 4 174484182 -71.0572422 42.3516501
575 4 174484181 -71.0572422 42.3516501
600 0 174616657 -71.052391 42.320685
600 0 174616656 -71.052391 42.320685
600 0 174580351 -71.0795572 42.3845757
600 0 174580350 -71.0795572 42.3845757
600 0 174562854 -71.1384167 42.4091821
600 0 174542013 -71.047067 42.330865
600 0 174542012 -71.047067 42.330865
600 0 174542011 -71.047067 42.330865
600 0 174481071 -71.0645699 42.2847743
600 3 174530588 -71.1011864 42.3638909
600 3 174530587 -71.1011864 42.3638909
650 0 174732998 -71.1089803 42.3874671
650 0 174658117 -71.0670013 42.2968733
650 0 174643407 -71.093087 42.394447
650 0 174630114 -71.08706 42.3715592
650 0 174611293 -71.0523711 42.4131955
650 0 174512265 -71.0960543 42.3939311
650 0 174512264 -71.0960543 42.3939311
650 0 174512263 -71.0960543 42.3939311
650 0 174512262 -71.0960543 42.3939311
650 0 174479898 -71.105566 42.4000258
675 0 174697065 -71.162588 42.354296
675 0 174697064 -71.162588 42.354296
675 0 174545531 -71.1029632 42.3890706
675 0 174503422 -71.116276 42.2960737
675 0 174492661 -71.1260687 42.3299969
675 0 174492660 -71.1260687 42.3299969
675 0 174492659 -71.1260687 42.3299969
675 0 174492658 -71.1260687 42.3299969
675 0 174479141 -71.113967 42.319822
700 0 174654241 -71.1570744 42.3490825
700 0 174654240 -71.1570744 42.3490825
700 0 174556433 -71.0764384 42.4299946
700 0 174556432 -71.0764384 42.4299946
700 0 174556431 -71.0764384 42.4299946
700 0 174521993 -71.138711 42.35308
700 0 174521992 -71.138711 42.35308
700 0 174520713 -71.1096316 42.4091692
700 0 174520712 -71.1096316 42.4091692
700 0 174492518 -71.131307 42.359805
700 0 174492517 -71.131307 42.359805
700 0 174492516 -71.131307 42.359805
700 0 174488477 -71.1475598 42.353484
700 0 174488476 -71.1475598 42.353484
700 5 174633291 -71.0983 42.3313
725 0 174595178 -71.1513541 42.3525516
725 0 174518342 -71.0795028 42.4078751
725 0 174518341 -71.0795028 42.4078751
725 0 174494231 -71.0818117 42.369855
725 0 174477067 -71.1417385 42.3512823
725 0 174477066 -71.1417385 42.3512823
725 0 174477065 -71.1417385 42.3512823
750 0 174613221 -71.1389545 42.3469773
750 0 174613220 -71.1389545 42.3469773
750 0 174539258 -71.103913 42.3274959
750 0 174539257 -71.103913 42.3274959
750 0 174517969 -71.045775 42.415961
750 0 174491673 -71.150692 42.343064
750 0 174491672 -71.150692 42.343064
750 0 174489619 -71.1480952 42.409367
750 0 174489618 -71.1480952 42.409367
750 0 174480684 -71.1166126 42.3892348
750 2 174814103 -71.0765188 42.3388111
750 2 174814102 -71.0765188 42.3388111
775 0 174504976 -71.1174668 42.411302
775 0 174504975 -71.1174668 42.411302
800 0 174662151 -71.153525 42.3468514
800 0 174662150 -71.153525 42.3468514
800 0 174662149 -71.153525 42.3468514
800 0 174658208 -71.1604602 42.37035
800 0 174603556 -71.1297835 42.3816727
800 0 174583356 -71.1074273 42.4039834
800 0 174519494 -71.1381098 42.3483088
800 0 174519493 -71.1381098 42.3483088
800 0 174505492 -71.132518 42.350666
800 0 174489924 -71.1094989 42.3452263
800 0 174489923 -71.1094989 42.3452263
800 0 174489800 -71.058201 42.320964
800 0 174484108 -71.1172041 42.3431351
800 0 174484107 -71.1172041 42.3431351
825 0 174559747 -71.159866 42.416756
850 0 174649478 -71.1355308 42.2795479
850 0 174513630 -71.103893 42.320641
850 0 174496842 -71.1626756 42.3463503
850 0 174496841 -71.1626756 42.3463503
850 0 174496840 -71.1626756 42.3463503
850 0 174480515 -71.1287916 42.3473142
850 1 174742493 -71.1155784 42.2645766
875 0 174621761 -71.1110927 42.3750525
875 0 174585949 -71.130402 42.354539
875 0 174585948 -71.130402 42.354539
875 0 174552549 -71.064547 42.373292
900 0 174840830 -71.0837 42.3495
900 0 174542994 -71.0518968 42.3402081
900 0 174542984 -71.0294609 42.2940067
900 0 174540917 -71.1342127 42.3488178
900 0 174540916 -71.1342127 42.3488178
900 0 174507534 -71.1083786 42.3318407
900 0 174507533 -71.1083786 42.3318407
900 0 174507532 -71.1083786 42.3318407
900 0 174482841 -71.1213298 42.3386342
900 0 174482840 -71.1213298 42.3386342
900 0 174482839 -71.1213298 42.3386342
900 0 174482838 -71.1213298 42.3386342
925 0 174735409 -71.0559 42.2844
925 0 174553730 -71.102337 42.329311
925 0 174518349 -71.0787265 42.33689
925 0 174477073 -71.1403856 42.3486966
950 0 174614924 -71.1259803 42.3285247
950 0 174592192 -71.175998 42.3684677
1000 0 174663078 -71.1423144 42.4035868
1000 0 174663077 -71.1423144 42.4035868
1000 0 174663076 -71.1423144 42.4035868
1000 0 174663075 -71.1423144 42.4035868
1000 0 174589924 -71.028015 42.293685
1000 0 174555882 -71.1051279 42.3943075
1000 0 174555881 -71.1051279 42.3943075
1000 0 174484074 -71.08442 42.335422
1000 0 174476955 -71.1024328 42.3628727
1000 1 174548082 -71.06 42.4117
1025 3 174735608 -71.0813 42.3285
1100 0 174858439 -71.0529163 42.3356496
1100 0 174542993 -71.075629 42.3374579
1100 0 174542992 -71.075629 42.3374579
1125 0 174515928 -71.1624674 42.2624075
1125 0 174515927 -71.1624674 42.2624075
1125 1 174615853 -71.0159 42.2656
1175 0 174537381 -71.1533863 42.3381764
1200 0 174853119 -71.1337112 42.3539038
1200 0 174637104 -71.1120087 42.3714527
1200 0 174634448 -71.0328284 42.3917638
1200 0 174628128 -71.1214999 42.3503738
1200 0 174628127 -71.1214999 42.3503738
1200 0 174560947 -71.033 42.3354
1200 0 174543272 -71.0811721 42.3389211
1200 0 174543271 -71.0811721 42.3389211
1200 0 174522945 -71.1349977 42.4109061
1200 0 174522944 -71.1349977 42.4109061
1200 0 174522943 -71.1349977 42.4109061
1200 0 174490049 -71.1470798 42.3365862
1200 0 174477069 -71.1090509 42.3578554
1200 0 174477068 -71.1090509 42.3578554
1200 1 174620980 -71.0565 42.2956
1250 0 174545171 -71.1745579 42.3958849
1250 0 174545170 -71.1745579 42.3958849
1250 0 174540921 -71.1124128 42.3922125
1250 0 174540920 -71.1124128 42.3922125
1250 1 174610373 -71.009544 42.425048
1275 0 174620874 -71.0677112 42.3592849
1275 0 174620873 -71.0677112 42.3592849
1275 0 174594917 -71.0355905 42.3886459
1275 0 174594916 -71.0355905 42.3886459
1275 2 174506692 -71.1302 42.2878
1300 0 174593241 -71.069324 42.3484359
1300 0 174583754 -71.0931605 42.3873566
1300 0 174583753 -71.0931605 42.3873566
1300 0 174542696 -71.032115 42.27326
1300 0 174542695 -71.032115 42.27326
1300 0 174530615 -71.1239158 42.3917393
1300 0 174530614 -71.1239158 42.3917393
1300 0 174500750 -71.1148968 42.3932884
1300 1 174563838 -71.1562 42.3434
1325 0 174703443 -71.1320109 42.3496307
1325 0 174542496 -71.1397405 42.3489871
1325 1 174626546 -71.1399 42.3453
1350 0 174564675 -71.1299 42.3536
1350 0 174564669 -71.1255 42.3508
1350 0 174542370 -71.1086165 42.372315
1350 0 174542369 -71.1086165 42.372315
1350 0 174507281 -71.089418 42.3944541
1350 0 174507280 -71.089418 42.3944541
1350 0 174507279 -71.089418 42.3944541
1350 0 174507278 -71.089418 42.3944541
1350 1 167163478 -71.155252 42.262962
1350 1 174510836 -71.1665 42.4216
1375 0 174583349 -71.0542339 42.3647024
1375 0 174583348 -71.0542339 42.3647024
1375 3 174824047 -71.0388601 42.3702137
1400 0 174836271 -71.1745939 42.380518
1400 0 174836270 -71.1745939 42.380518
1400 0 174836269 -71.1745939 42.380518
1400 0 174656413 -71.0244287 42.28315
1400 0 174632689 -71.0931052 42.3487795
1400 0 174629240 -71.1303332 42.4052385
1400 0 174598001 -71.054651 42.293703
1400 0 174598000 -71.054651 42.293703
1400 0 174597999 -71.054651 42.293703
1400 0 174597998 -71.054651 42.293703
1400 0 174579419 -71.07296 42.347238
1400 0 174579418 -71.07296 42.347238
1400 0 174579417 -71.07296 42.347238
1400 0 174536708 -71.1376673 42.3485144
1400 0 174536707 -71.1376673 42.3485144
1400 0 174536706 -71.1376673 42.3485144
1400 0 174536705 -71.1376673 42.3485144
1400 0 174505849 -71.1298592 42.3867953
1400 0 174505848 -71.1298592 42.3867953
1400 0 174505847 -71.1298592 42.3867953
1425 0 174507792 -71.0910049 42.377982
1425 0 174507791 -71.0910049 42.377982
1425 0 174507790 -71.0910049 42.377982
1450 0 174629264 -71.1352044 42.4008645
1450 0 174556439 -71.1221991 42.3308508
1450 0 174556438 -71.1221991 42.3308508
1450 0 174556437 -71.1221991 42.3308508
1450 0 174556436 -71.1221991 42.3308508
1450 0 174511545 -71.0606254 42.3122027
1450 0 174511544 -71.0606254 42.3122027
1450 0 174507501 -71.061926 42.317257
1450 0 174507500 -71.061926 42.317257
1450 0 174507499 -71.061926 42.317257
1450 0 174507498 -71.061926 42.317257
1450 0 174494226 -71.0985612 42.3924521
1450 0 174494225 -71.0985612 42.3924521
1450 0 174494224 -71.0985612 42.3924521
1450 0 174482633 -71.114011 42.3160155
1450 0 174482632 -71.114011 42.3160155
1450 1 174563835 -71.1347 42.3466
1475 1 153159853 -71.134865 42.386546
1475 1 174595452 -71.0629 42.3475
1500 0 174562373 -71.0487671 42.3507803
1500 0 174562372 -71.0487671 42.3507803
1500 0 174504280 -71.1084307 42.4063159
1500 0 174504279 -71.1084307 42.4063159
1500 1 156051111 -71.031 42.273448
1500 1 174804481 -71.0308 42.2738
1525 2 167163483 -71.155252 42.262962
1550 0 174588232 -71.1112015 42.3603017
1550 0 174588231 -71.1112015 42.3603017
1550 0 174512848 -71.1400911 42.3485338
1550 0 174512847 -71.1400911 42.3485338
1550 0 174512846 -71.1400911 42.3485338
1550 1 153158978 -71.128333 42.340319
1550 3 174650583 -71.0733 42.289
1575 2 174610371 -71.009544 42.425048
1600 0 174549574 -71.1061639 42.4184296
1600 0 174549573 -71.1061639 42.4184296
1600 0 174499997 -71.073016 42.3546509
1600 0 174499996 -71.073016 42.3546509
1600 0 174499995 -71.073016 42.3546509
1600 1 174620981 -71.1332 42.3525
1600 1 174566525 -71.079884 42.3503136
1600 2 174744782 -71.1552 42.3509
1600 2 174722687 -71.035571 42.368921
1600 2 174722686 -71.035571 42.368921
1625 1 174520401 -71.0645599 42.3523583
1625 1 174520400 -71.0645599 42.3523583
1625 1 174520399 -71.0645599 42.3523583
1625 1 174497870 -71.0578 42.3584
1625 2 153159856 -71.134865 42.386546
1650 0 174548873 -71.046931 42.4192094
1650 0 174511655 -71.0907762 42.3923482
1650 0 174511654 -71.0907762 42.3923482
1650 1 153170065 -71.15674 42.298441
1650 1 174563840 -71.1359 42.3477
1650 3 174637100 -71.0575014 42.4269155
1650 3 174637099 -71.0575014 42.4269155
1675 1 174601447 -71.1357 42.3477
1700 0 174592171 -71.0535495 42.3665705
1700 0 174513599 -71.1769439 42.3547671
1700 0 174513598 -71.1769439 42.3547671
1700 0 174511641 -71.0898345 42.421399
1725 0 174551895 -71.0524547 42.3763844
1725 0 174551894 -71.0524547 42.3763844
1750 0 174507271 -71.0637381 42.2719718
1750 0 174491705 -71.1547621 42.3491276
1750 2 174617843 -71.0797 42.4055
1750 2 174488900 -71.155 42.3483
1750 2 174488882 -71.1555 42.348
1800 0 174705664 -71.0887076 42.3492706
1800 0 174578329 -71.1240559 42.2565289
1800 0 174578328 -71.1240559 42.2565289
1800 0 174578327 -71.1240559 42.2565289
1800 0 174578326 -71.1240559 42.2565289
1800 0 174504309 -71.067918 42.359857
1800 0 174504308 -71.067918 42.359857
1800 0 174504307 -71.067918 42.359857
1800 0 174500055 -71.0624746 42.2980987
1800 0 174500054 -71.0624746 42.2980987
1800 0 174500053 -71.0624746 42.2980987
1800 0 174500052 -71.0624746 42.2980987
1800 0 174500009 -71.1658406 42.3519132
1800 0 174500008 -71.1658406 42.3519132
1800 0 174500007 -71.1658406 42.3519132
1800 0 174500006 -71.1658406 42.3519132
1800 1 174478868 -71.101295 42.332927
1800 1 174755177 -71.0555 42.3647
1800 2 174873202 -71.1367 42.3479
1800 2 174843801 -71.151 42.3482
1800 2 174843799 -71.1439 42.3411
1850 0 174655489 -71.0650809 42.3583485
1850 0 174582842 -71.0514262 42.3664372
1850 0 174582841 -71.0514262 42.3664372
1850 0 174495282 -71.0831387 42.371445
1850 0 174495281 -71.0831387 42.371445
1850 0 174495280 -71.0831387 42.371445
1850 1 174611612 -71.0437 42.3305
1850 2 152855555 -71.143723 42.359306
1850 2 174843796 -71.1496 42.3395
1850 2 174840834 -71.1428 42.3444
1850 2 174595786 -71.1353612 42.3491914
1850 2 174595785 -71.1353612 42.3491914
1850 2 174512950 -71.048 42.3315
1850 3 174610369 -71.009544 42.425048
1900 0 174636149 -71.0585521 42.4037794
1900 0 174636148 -71.0585521 42.4037794
1900 0 174636147 -71.0585521 42.4037794
1900 0 174622973 -71.12377 42.3940694
1900 0 174622972 -71.12377 42.3940694
1900 0 174592187 -71.0527533 42.366269
1900 1 174837892 -71.1569 42.2984
1900 1 174604340 -71.0627 42.3794
1900 1 174557958 -71.0317 42.3351
1900 1 174490718 -71.0935 42.3463
1900 2 174855044 -71.1137 42.2997
1900 2 174593617 -71.0550059 42.3123244
1925 2 174840840 -71.15 42.3396
1925 2 174840835 -71.1403 42.3477
1950 0 174836352 -71.0347198 42.3682916
1950 0 174836351 -71.0347198 42.3682916
1950 0 174708489 -71.1276129 42.4034575
1950 0 174708488 -71.1276129 42.4034575
1950 0 174620567 -71.053089 42.29461
1950 0 174473885 -71.036197 42.36894
1950 0 174473884 -71.036197 42.36894
1950 2 174840849 -71.1404 42.3452
1950 2 174840848 -71.15 42.3398
1950 2 174840846 -71.14 42.35
1950 2 174840845 -71.1497 42.3395
1975 2 174840847 -71.1429 42.3433
2000 0 174621350 -71.1309697 42.3861826
2000 0 174621349 -71.1309697 42.3861826
2000 1 174629750 -71.0515 42.3657
2000 1 174595511 -71.0969 42.3419
2000 1 174594348 -71.1036 42.3464
2000 2 153170057 -71.15674 42.298441
2000 2 174643011 -71.1045 42.3651
2000 2 174626565 -71.15 42.3455
2000 2 174488994 -71.1584 42.3397
2025 2 174626560 -71.1529 42.3406
2050 1 174615958 -71.1785 42.3719
2050 2 174506710 -71.1317 42.3401
2050 2 174495528 -71.1316 42.3403
2075 0 174595498 -71.0979 42.3105
2075 2 174566536 -71.0478342 42.3922871
2075 2 174566535 -71.0478342 42.3922871
2075 2 174566534 -71.0478342 42.3922871
2100 0 174531986 -71.079884 42.3503136
2100 0 174531985 -71.079884 42.3503136
2100 0 174494744 -71.131718 42.3988166
2100 0 174494743 -71.131718 42.3988166
2100 0 174494742 -71.131718 42.3988166
2100 1 174658824 -71.1196 42.3404
2100 1 174621117 -71.1535 42.3383
2150 1 164398310 -71.080686 42.40357
2150 1 174552678 -71.1622 42.4233
2175 1 156973058 -71.107887 42.418461
2200 0 174583766 -71.05721 42.3633867
2200 0 174583765 -71.05721 42.3633867
2200 0 174507531 -71.0605019 42.2946162
2200 0 174507530 -71.0605019 42.2946162
2200 1 174621008 -71.1408 42.3498
2200 1 174611438 -71.1088 42.3691
2200 1 174594416 -71.056 42.3423
2200 2 174750575 -71.1157 42.3122
2200 2 174602131 -71.1162 42.331
2250 1 174620974 -71.1127 42.3381
2275 3 152855557 -71.143723 42.359306
2300 0 174836266 -71.1040464 42.3788385
2300 0 174836265 -71.1040464 42.3788385
2300 1 167174430 -71.098259 42.386681
2300 2 174601453 -71.1173 42.3447
2300 4 174706923 -71.0394 42.3783
2350 1 173893187 -71.174819 42.3205
2350 2 174656157 -71.0422424 42.320971
2400 0 174623451 -71.0789999 42.432713
2400 0 174623450 -71.0789999 42.432713
2400 0 174601950 -71.1059331 42.3482644
2400 0 174594706 -71.1428971 42.3437558
2400 0 174594705 -71.1428971 42.3437558
2400 1 173893308 -71.073091 42.369577
2400 2 174621012 -71.1646 42.3505
2400 2 174585897 -71.1310038 42.3824208
2400 2 174585896 -71.1310038 42.3824208
2400 3 174620988 -71.1692 42.3441
2425 2 174840843 -71.1541 42.2957
2450 0 174588308 -71.1489508 42.3898968
2450 0 174588307 -71.1489508 42.3898968
2450 0 174588306 -71.1489508 42.3898968
2450 0 174511628 -71.0380278 42.3480255
2450 0 174511627 -71.0380278 42.3480255
2450 0 174511626 -71.0380278 42.3480255
2450 1 174552665 -71.0892 42.3455
2450 2 174523901 -71.0487818 42.3368186
2450 2 174523900 -71.0487818 42.3368186
2500 2 174564679 -71.1257 42.3507
2500 2 174548072 -71.0873 42.3709
2500 2 174497872 -71.1046 42.3464
2500 3 174517229 -71.1318 42.3497
2500 3 174517226 -71.1321 42.3496
2500 3 174490720 -71.0418 42.3333
2525 0 174511565 -71.1626756 42.2797554
2525 0 174511564 -71.1626756 42.2797554
2525 2 174577619 -71.174819 42.3205
2575 3 174833605 -71.1411 42.3503
2600 0 174704803 -71.1076894 42.3678355
2600 0 174704802 -71.1076894 42.3678355
2600 0 174615102 -71.1580532 42.3394835
2600 0 174615101 -71.1580532 42.3394835
2600 0 174615100 -71.1580532 42.3394835
2600 0 174615099 -71.1580532 42.3394835
2600 0 174589802 -71.0311783 42.3323665
2600 0 174585046 -71.1442093 42.3886942
2600 0 174585045 -71.1442093 42.3886942
2600 0 174562269 -71.1264273 42.3914235
2600 1 174510839 -71.0659 42.3594
2600 4 174621013 -71.1644 42.3569
2625 3 174562637 -71.1336 42.3507
2675 2 156973057 -71.107887 42.418461
2675 2 174497885 -71.1546 42.3386
2700 0 174481689 -71.065811 42.3765441
2700 1 174626542 -71.0508 42.3577
2700 3 174620996 -71.1582 42.3398
2700 3 174620987 -71.1459 42.3404
2700 3 174488880 -71.1583 42.3396
2700 4 174594353 -71.1 42.319
2725 1 153156827 -71.110827 42.340964
2725 3 153170059 -71.15674 42.298441
2750 0 174527243 -71.1511979 42.34155
2750 0 174527242 -71.1511979 42.34155
2750 1 167176886 -71.083411 42.363907
2750 1 174626577 -71.0789 42.3416
2750 4 174512949 -71.1341 42.3502
2800 0 174884205 -71.1245067 42.3310678
2800 0 174836347 -71.0849563 42.370954
2800 0 174836346 -71.0849563 42.370954
2800 0 174836345 -71.0849563 42.370954
2800 2 153169423 -71.081663 42.338577
2800 2 164398312 -71.080686 42.40357
2800 2 167174433 -71.098259 42.386681
2825 1 174517222 -71.053 42.3758
2825 3 174594391 -71.1394 42.3492
2825 3 174594387 -71.1539 42.3405
2825 3 174594357 -71.1023 42.3214
2850 3 174850743 -71.1246 42.3518
2850 4 174594392 -71.1438 42.3411
2875 2 174478869 -71.101295 42.332927
2900 0 174828729 -71.06 42.3652
2900 3 174594351 -71.1035 42.3223
2900 4 174594390 -71.144 42.3404
2900 4 174594388 -71.1445 42.3404
2900 4 174594379 -71.1449 42.3413
2900 4 174490724 -71.1447 42.3406
2950 1 174594419 -71.0744 42.3714
2950 3 174840836 -71.1288 42.3546
2950 3 174594420 -71.1585 42.34
2950 3 174594385 -71.14 42.3484
2950 4 174488897 -71.1443 42.3402
3000 3 174594381 -71.1526 42.3505
3025 0 174511779 -71.0735828 42.3701782
3100 0 174530098 -71.0542722 42.3288806
3100 0 174530097 -71.0542722 42.3288806
3100 2 174594377 -71.1545 42.3392
3100 3 174594382 -71.1536 42.3383
3100 4 174488902 -71.1445 42.3419
3125 1 174817257 -71.09828 42.347444
3150 0 174511782 -71.080817 42.348156
3150 0 174511781 -71.080817 42.348156
3150 0 174511780 -71.080817 42.348156
3175 2 168913228 -71.073091 42.369577
3200 0 174627508 -71.1002881 42.3428653
3200 0 174627507 -71.1002881 42.3428653
3200 0 174627506 -71.1002881 42.3428653
3200 2 174495563 -71.0887 42.3458
3200 4 174550249 -71.1433 42.3412
3250 1 174807810 -71.101 42.3599
3250 3 174550246 -71.148 42.3374
3250 4 174550252 -71.1435 42.3402
3275 0 174511746 -71.0605057 42.3652105
3275 0 174511745 -71.0605057 42.3652105
3275 0 174511744 -71.0605057 42.3652105
3300 0 174706674 -71.1008078 42.3343129
3300 0 174706673 -71.1008078 42.3343129
3300 1 174594447 -71.0503 42.3772
3300 2 174595510 -71.0555 42.3627
3400 3 156973056 -71.107887 42.418461
3400 3 174602145 -71.0892 42.3441
3450 2 167176877 -71.083411 42.363907
3450 3 164398311 -71.080686 42.40357
3500 2 174510837 -71.052 42.3419
3550 2 153730341 -71.081683 42.34885
3600 2 174840878 -71.078 42.3707
3600 2 174495558 -71.0788 42.3457
3600 4 174548159 -71.1535 42.3521
3675 2 174663871 -71.0567 42.3426
3700 3 174550243 -71.1172 42.3479
3700 4 174548119 -71.1551 42.3407
3700 6 174548103 -71.168 42.3476
3750 2 174576728 -71.0825 42.3655
3750 3 174493227 -71.0896 42.346
3750 5 174548114 -71.1476 42.353
3750 5 174548093 -71.1464 42.3554
3775 3 174600176 -71.0842 42.3617
3800 4 174620948 -71.1292 42.3509
3800 5 174548112 -71.1488 42.3369
3850 5 174548116 -71.149 42.3364
3950 4 174548118 -71.14 42.3491
3950 4 174548100 -71.1399 42.3485
3950 4 174490722 -71.1395 42.349
3975 2 174812890 -71.0736 42.3702
4000 2 174643018 -71.0578 42.3583
4000 2 174594358 -71.0867 42.3452
4025 2 153156826 -71.110827 42.340964
4050 6 174563845 -71.1677 42.3466
4100 4 174506704 -71.1162 42.3493
4200 3 153169417 -71.081663 42.338577
4250 3 167179896 -71.174819 42.3205
4300 2 174833599 -71.0495 42.349
4400 2 174480600 -71.0985 42.3441
4450 3 167174425 -71.098259 42.386681
4550 1 174628064 -71.0513 42.358
4550 2 174817258 -71.09828 42.347444
4600 5 174563839 -71.1497 42.3404
4700 6 174479689 -71.1301821 42.3528317
4700 6 174479688 -71.1301821 42.3528317
4800 6 174878197 -71.1504 42.34
4900 5 174889522 -71.1174 42.343
5000 0 174836343 -71.1183042 42.3474721
5000 0 174836342 -71.1183042 42.3474721
5000 0 174836341 -71.1183042 42.3474721
5500 0 174487720 -71.0701515 42.3419135
5500 0 174487719 -71.0701515 42.3419135
5500 0 174487718 -71.0701515 42.3419135
5600 6 174878201 -71.1287 42.3516
5650 3 174817256 -71.09828 42.347444
5825 3 168913229 -71.073091 42.369577
6000 0 174511784 -71.0530863 42.3539077
6000 0 174511783 -71.0530863 42.3539077
6000 2 174843802 -71.0734 42.3453
6000 2 174799717 -71.0624 42.3535
6000 3 173701257 -71.081683 42.34885
6000 3 174594404 -71.0763 42.3368
6000 4 153156823 -71.110827 42.340964
6000 4 174548079 -71.0804 42.3398
6000 4 174513122 -71.065 42.38
