1440 0 51446211 -71.155013 42.262859
2030 1 51446215 -71.155013 42.262859
2530 0 48845077 -71.169186 42.26685
2740 1 48845076 -71.169186 42.26685
2335 1 30003437 -71.156407 42.264671
2350 1 42234286 -71.1584335 42.2566003
3300 2 44719428 -71.15569 42.299097
2205 2 45649355 -71.1582 42.2606
1950 1 46007487 -71.1591370218259 42.2787315775331
3150 2 48428040 -71.137608 42.287615
3578 2 48593845 -71.1731050047107 42.2775805775331
3729 3 48593846 -71.1406889414333 42.2733245775331
3500 4 48626099 -71.133765 42.27726
3140 2 48637150 -71.155444 42.296089
6840 3 49303634 -71.154507 42.287406
4500 1 49411039 -71.136337 42.276183
3420 2 49503341 -71.158237 42.260622
8460 3 49554755 -71.137773 42.291651
2700 3 49918909 -71.143378 42.285904
3300 3 49964516 -71.1638518677508 42.268367577533
2900 1 49987387 -71.157753 42.298315
3605 2 50074860 -71.157718 42.296503
4235 2 50130924 -71.154602 42.297071
2400 3 50309403 -71.132846 42.282353
2200 2 50339347 -71.166771 42.299953
4235 2 50349595 -71.157989 42.296968
3360 1 50419610 -71.156544 42.297097
7995 3 50464098 -71.146159 42.299129
4405 2 50477170 -71.153108 42.297499
3400 2 50504041 -71.170382 42.300214
3500 2 50504247 -71.157722 42.296454
3800 2 50504251 -71.15481 42.297667
3926 2 50516447 -71.150686 42.258441
3366 1 50516449 -71.152826 42.263727
3000 3 50605650 -71.165227 42.28703
3600 4 50607447 -71.182777 42.27022
2500 2 50706930 -71.1529746 42.2876634
2655 1 50732140 -71.1568276 42.2983426
2550 2 50752739 -71.1473893 42.2703698
3180 2 50969454 -71.157256 42.29941
4250 3 51023169 -71.162445 42.277926
3195 1 51030312 -71.154602 42.2970695
4455 2 51030480 -71.154602 42.2970695
2500 2 51038961 -71.163358 42.269789
5730 1 51055680 -71.133392 42.292177
2650 2 51147061 -71.135945 42.28936
2600 2 51149518 -71.14739 42.270387
2700 2 51150531 -71.137792 42.278652
2535 1 51150631 -71.170101 42.267477
2600 2 51166698 -71.135072 42.289107
2600 2 51195800 -71.158628 42.292116
2400 2 51195801 -71.153372 42.260973
4235 2 51255431 -71.154602 42.2970695
2655 1 51280266 -71.157299 42.298343
2150 2 51285670 -71.1515467255963 42.2588005775331
3000 3 51308277 -71.137157 42.283019
2690 1 51321969 -71.154602 42.297071
2690 1 51321970 -71.154602 42.297071
2450 2 51330777 -71.14039 42.286339
3000 2 51477722 -71.1706722258434 42.292446577533
3700 4 51486690 -71.1495 42.275583
3415 1 51448950 -71.1651 42.3025
6500 4 51303400 -71.17536 42.336797
2800 1 50375711 -71.174829 42.337813
3975 3 39882893 -71.156993 42.340127
2195 1 39882890 -71.156993 42.340127
3580 1 22915839 -71.173619 42.319798
3300 2 45390839 -71.175129 42.33643
2930 2 46009581 -71.157317 42.340051
3010 1 48821941 -71.157253 42.30086
3450 3 49069424 -71.167188 42.344282
2775 3 49215292 -71.174879 42.336854
7680 3 49520178 -71.162743 42.323313
4475 2 49548019 -71.157253 42.30086
2560 1 49903290 -71.174829 42.337813
4600 2 49937487 -71.174829 42.337813
3280 2 49937488 -71.174829 42.337813
2100 2 50339346 -71.168345 42.300735
2850 2 50447786 -71.164112 42.302564
3600 3 50473877 -71.173576 42.3413
6500 5 50481793 -71.1592288709636 42.3409872554958
3500 3 50496268 -71.1657978544735 42.3424472554958
3000 1 50504113 -71.179913 42.321299
3866 2 50516451 -71.17114 42.319756
3800 2 50524814 -71.165797 42.300687
4300 2 50568631 -71.17379 42.301622
8000 4 50733927 -71.167397 42.308641
3300 2 50755399 -71.17214 42.319028
3900 2 50912062 -71.171093 42.319479
2500 1 51004127 -71.172694 42.319842
5200 4 51033545 -71.1580348824495 42.3399702554958
7500 5 51039033 -71.174088 42.33698
4800 4 51176411 -71.166321 42.342127
8500 5 51265916 -71.1613064 42.3334703
8000 5 51494041 -71.158543 42.342321
1785 0 51447533 -71.146038 42.340239
2875 1 51219034 -71.154899 42.338957
3250 2 51219035 -71.154899 42.338957
2150 2 28243135 -71.1526655 42.3403133
5800 4 44762090 -71.155602 42.339753
2200 0 47450347 -71.145576 42.342178
3000 0 47553576 -71.154969 42.341482
2895 2 47910386 -71.140341 42.344838
2650 1 47930569 -71.150925 42.336601
3600 3 47996294 -71.150925 42.336601
4300 1 48422138 -71.146826 42.3364171
4500 1 48425240 -71.156172 42.339416
4300 1 48425258 -71.138475 42.338089
4000 1 48425292 -71.132086 42.338175
4000 1 48433186 -71.145638 42.340239
6000 2 48433222 -71.142847 42.342135
7000 3 48433258 -71.151028 42.338093
8000 3 48442819 -71.132086 42.338175
3000 0 48442930 -71.151028 42.338093
4300 1 48731994 -71.149251 42.337254
4500 5 48967750 -71.148874 42.336601
1900 2 49096546 -71.145895 42.343803
3000 2 49096547 -71.139945 42.337508
5800 3 49096557 -71.140198 42.338601
3250 3 49287532 -71.147968 42.338416
4300 2 49398183 -71.147598 42.336227
8520 2 49676041 -71.13583 42.345079
11760 3 49725515 -71.135608 42.342513
1975 1 49954886 -71.151372 42.339592
2975 3 49965125 -71.133556 42.339188
2225 1 49979795 -71.150325 42.339601
2175 1 49979799 -71.151429 42.339705
2250 1 50041334 -71.149836 42.339364
2100 1 50080220 -71.131527 42.345141
17250 2 50198642 -71.142431 42.345046
3950 2 50267516 -71.145668 42.336669
1860 0 50368171 -71.146895 42.3423
4200 4 50375667 -71.144861 42.326979
3622 2 50404734 -71.143755 42.326952
2340 1 50472649 -71.149123 42.338327
5500 3 50486978 -71.1387559 42.3375707
4500 4 50520103 -71.145698 42.336292
2600 2 50554637 -71.144279 42.34136
4100 4 50605670 -71.147861 42.336137
5000 4 50612250 -71.150483 42.340328
6750 3 50682022 -71.1377178844952 42.3369258266068
2700 1 50733461 -71.140676 42.337188
4400 4 50740197 -71.1452448264714 42.3449262554958
5500 5 50750012 -71.1452448264714 42.3449262554958
2250 1 50783987 -71.1490448213314 42.3453812554958
5050 4 50878556 -71.150229 42.3439417
12000 8 50954980 -71.1497728841887 42.3398162554958
2300 1 51009466 -71.1557596 42.33927
4500 3 51015740 -71.145698 42.336292
5000 3 51016777 -71.13563 42.341695
3200 3 51028889 -71.134157 42.338969
6000 4 51093501 -71.155871 42.33998
2295 1 51175994 -71.150945 42.339975
3200 1 51192701 -71.138351 42.338123
1900 2 51208041 -71.131489 42.333392
4500 5 51214670 -71.15634 42.339866
2995 2 51215832 -71.140118 42.33651
3495 2 51260739 -71.15138 42.303902
2200 2 51308274 -71.141912 42.343812
3150 5 51322113 -71.149335 42.336854
3075 3 51329150 -71.149335 42.336854
2400 1 51330398 -71.136538 42.339903
4000 3 51330401 -71.13818 42.343021
2600 2 51335030 -71.1440138699245 42.3410792554958
2800 2 51341536 -71.152407 42.340803
2300 1 51342148 -71.134231 42.337249
2825 1 51345220 -71.141987 42.34142
2195 0 51346731 -71.144869 42.34494
1750 1 51438054 -71.149283 42.339109
1850 1 51438060 -71.155658 42.33851
3100 5 51442800 -71.149182 42.336866
1800 0 51463410 -71.145023 42.345331
1850 0 51480437 -71.140874 42.338448
5400 4 51482894 -71.155728 42.339903
3075 3 51494042 -71.14939 42.336813
2675 2 51494047 -71.151791 42.340709
2650 3 50502821 -71.08768 42.289615
2000 1 50554209 -71.109124 42.264789
1625 1 51213598 -71.118679 42.258369
1775 1 47211235 -71.120076 42.256691
2275 2 47499824 -71.102764 42.263883
3100 3 43706337 -71.085907 42.277029
1795 1 51187807 -71.120019 42.256799
3000 3 51272876 -71.126104 42.256645
2150 2 46090579 -71.103975 42.263879
3500 4 50747756 -71.089504 42.291274
1775 1 33751931 -71.120007 42.256784
2700 3 46396110 -71.115628 42.296462
2600 2 46505879 -71.128696 42.289107
2400 2 46743029 -71.102911 42.2711699
2800 3 48464278 -71.115114 42.297133
3300 4 48532037 -71.091841 42.281978
2800 3 48744841 -71.09244 42.287107
2950 3 48922452 -71.094596 42.258496
2900 3 49117401 -71.129267 42.273751
5850 2 49242073 -71.07938 42.291906
14310 4 49467285 -71.097648 42.278169
7770 3 49487190 -71.126143 42.276475
5700 2 49602111 -71.115645 42.275804
7050 2 49632933 -71.122683 42.264937
7140 2 49704886 -71.13071 42.288536
1995 2 50083096 -71.118042 42.292509
2250 1 50309388 -71.130765 42.277235
2700 3 50309395 -71.121319 42.293177
2795 3 50381994 -71.083274 42.288195
2850 3 50381996 -71.083274 42.288195
2700 3 50438198 -71.098763 42.260131
8700 2 50461724 -71.11712 42.27656
3100 2 50473878 -71.115712 42.297396
2000 1 50555362 -71.109009 42.265009
2500 2 50656620 -71.121303 42.279796
2550 3 50674629 -71.0862402 42.2726804
2350 2 50682018 -71.113512 42.289299
1850 1 50684998 -71.1144323240427 42.2990445775331
2100 2 50713929 -71.079738 42.282187
3400 3 50715595 -71.114148 42.296934
3500 3 50736702 -71.093976 42.262578
2396 2 50736703 -71.119576 42.273002
2750 3 50768019 -71.086219 42.276744
2500 2 50798068 -71.0872439471717 42.2737105775331
6600 3 50837032 -71.095257 42.287026
3000 1 50883093 -71.079924 42.286486
2600 3 50922566 -71.080116 42.297805
2550 3 50931999 -71.08623 42.272687
2500 3 50934356 -71.097567 42.267179
2600 3 51038985 -71.088709 42.279446
2250 2 51071596 -71.088028 42.280963
2500 2 51121123 -71.102365 42.259396
2700 3 51141531 -71.117329 42.293289
4800 3 51162894 -71.115357 42.29602
4800 3 51166709 -71.1162942705633 42.2954515775331
2800 3 51168370 -71.102365 42.259396
3800 3 51179629 -71.116068 42.295228
2700 3 51182128 -71.086553 42.285299
2650 3 51198210 -71.081861 42.28336
2650 3 51199037 -71.081861 42.28336
3000 4 51234281 -71.0883241334191 42.2862345775331
5640 1 51286979 -71.1244 42.286932
3000 3 51304499 -71.093363 42.286883
2625 3 51414283 -71.088059 42.285815
2700 3 51436704 -71.120444 42.268262
3200 2 51460309 -71.081373 42.266741
3000 3 51460318 -71.127932 42.258137
750 3 51467599 -71.092656 42.287139
2900 3 43376187 -71.106914 42.322374
2616 1 29676925 -71.110745 42.303258
2108 0 29676924 -71.110745 42.303258
3600 4 48923906 -71.1110436447672 42.3205785775331
10590 3 49365645 -71.114068 42.319274
12210 4 49516460 -71.111796 42.320029
15630 4 49814519 -71.11188 42.32008
2750 3 49817934 -71.108208 42.321009
4900 3 49827254 -71.1098454869674 42.3099865775331
2375 2 50517115 -71.118029 42.308123
4000 0 50727790 -71.105484 42.309595
4100 3 50736685 -71.120058 42.312704
2300 1 50808411 -71.114053 42.316886
2675 3 50909326 -71.114244 42.302438
3000 2 50917911 -71.119911 42.309775
3800 2 51045171 -71.115329 42.311798
3500 2 51102562 -71.110904 42.30434
2800 1 51141483 -71.110904 42.30434
3225 1 51234129 -71.1126 42.3107
3600 2 51266272 -71.1149557 42.3168051
2900 2 51285673 -71.105689 42.306048
2500 2 51311559 -71.117281 42.307538
3200 2 51486670 -71.11442 42.305852
2400 1 51486673 -71.105571 42.310874
4620 2 51494005 -71.1126 42.3107
2000 1 51446046 -71.1307 42.3303
2500 1 48937053 -71.120138 42.340674
2825 1 34613406 -71.130792 42.340224
2400 1 34613407 -71.130792 42.340224
2460 1 49741327 -71.126998 42.341014
2750 0 49741323 -71.126998 42.341014
2005 0 5314825 -71.128123 42.340647
2350 1 5314828 -71.128123 42.340647
3600 3 39425317 -71.118636 42.344051
2650 1 41117364 -71.121697 42.339626
4600 4 43234285 -71.128513 42.344459
7000 4 45172186 -71.1255646 42.3288049
6290 5 45194170 -71.12272 42.343636
2500 0 45512233 -71.1219978366112 42.3399668266068
1740 1 45649276 -71.11826 42.34264
1740 1 45649277 -71.11826 42.34264
3630 2 45649280 -71.11888 42.33153
1728 1 45649281 -71.12406 42.34216
2025 1 45649286 -71.12521 42.34028
2025 1 45813510 -71.12521 42.34028
3000 2 46260707 -71.119148 42.332903
2900 2 47092086 -71.124064 42.335408
2700 1 47257731 -71.119628 42.343008
2670 1 47858665 -71.1249 42.32597
6300 5 47888101 -71.12272 42.343636
2250 0 48067337 -71.119628 42.343008
3500 1 48425264 -71.119728 42.324502
4300 1 48425281 -71.118985 42.331592
4000 1 48425311 -71.124894 42.325823
7000 3 48433226 -71.118474 42.332969
6500 2 48433235 -71.125043 42.336057
4000 2 48433244 -71.118985 42.331592
4000 2 48433247 -71.118512 42.333123
2210 0 48560599 -71.126999 42.341014
3350 2 48760399 -71.126123 42.342165
5820 1 49270848 -71.118804 42.331584
3800 4 49396959 -71.121802 42.324285
9210 2 49429060 -71.12519 42.330548
5580 1 49474419 -71.127742 42.329645
5970 1 49479538 -71.125775 42.326799
9930 2 49533518 -71.118647 42.333155
6210 1 49611852 -71.124302 42.325626
4650 1 49733717 -71.127591 42.336503
2500 1 49852707 -71.120138 42.340674
3010 1 50032454 -71.119628 42.343008
4295 4 50049716 -71.119812 42.336303
4000 1 50055979 -71.1184049524272 42.3326108266068
2649 1 50120396 -71.128329 42.339646
3500 1 50267531 -71.1235610673972 42.3253058266068
2250 0 50290677 -71.119628 42.341014
2250 0 50290683 -71.119447 42.341008
4500 4 50290749 -71.118576 42.343582
2600 1 50323342 -71.118244 42.341482
3675 1 50344200 -71.126955 42.340051
2600 2 50421726 -71.1220740473966 42.3265768266068
9000 3 50446570 -71.121963 42.339669
2700 2 50464221 -71.127234 42.337386
9000 3 50494451 -71.121963 42.339669
3500 2 50593675 -71.128096 42.340998
10000 2 50610605 -71.122437 42.339833
2400 1 50661580 -71.12419 42.334192
2250 1 50825298 -71.124718 42.337275
9000 3 50932407 -71.12264 42.339684
4300 2 51004147 -71.124429 42.337249
4200 4 51016748 -71.122602 42.336928
3600 2 51038879 -71.125167 42.338813
4200 4 51039011 -71.122696 42.336627
4300 1 51048522 -71.124474 42.333611
4500 3 51059914 -71.127152 42.342574
3000 2 51060812 -71.120632 42.325985
9000 3 51083607 -71.121864 42.339846
4430 2 51093888 -71.1207 42.3334
3950 3 51171423 -71.1192986 42.3348055
2800 1 51171561 -71.1268014 42.3408158
4000 2 51199036 -71.121775 42.340787
2483 1 51264435 -71.123299 42.339327
11430 4 51298995 -71.122361 42.330057
2750 2 51300857 -71.125459 42.337534
2750 2 51303103 -71.1244688825114 42.3370518266068
2800 1 51330386 -71.12764 42.339833
4000 2 51335035 -71.118599843351 42.3395388266068
3395 2 51344292 -71.1198097885622 42.3430178266068
2625 1 51346738 -71.129499 42.340265
5995 3 51482811 -71.118148 42.331254
6000 4 51482903 -71.118712 42.334478
2300 1 51486645 -71.12364 42.340563
6500 5 51489005 -71.122783 42.343591
2500 0 51489019 -71.122775 42.344709
2300 2 51493863 -71.117985 42.343695
7000 5 51460059 -71.116584 42.345051
2810 0 51424817 -71.111743 42.327018
5200 4 28478945 -71.116576 42.344959
4575 4 40141541 -71.105858788324 42.3302095775331
5000 4 47969915 -71.115642 42.343293
3000 3 48051733 -71.109753 42.333008
5695 6 48303962 -71.1052199965028 42.344167577533
6000 5 48303963 -71.1052149963088 42.3441545775331
6500 2 48433199 -71.112668 42.337523
4700 2 48433213 -71.112642 42.337188
3000 1 48442921 -71.117965 42.342647
1650 0 48735581 -71.117033 42.342039
3000 3 49151372 -71.114395 42.324103
6360 1 49191978 -71.115017 42.335338
7200 4 49399273 -71.113148 42.338913
5000 2 49444030 -71.1172 42.344893
9330 2 49467899 -71.112668 42.337523
2595 2 49489333 -71.114395 42.324103
9720 2 49497145 -71.11285 42.336903
2600 1 49535566 -71.109008 42.330866
6720 1 49610732 -71.115728 42.335486
6660 1 49697136 -71.112642 42.337188
13890 3 49697143 -71.115092 42.334341
3500 2 49826633 -71.108449 42.327788
3500 2 49869447 -71.117439 42.345346
6000 4 50180283 -71.114812 42.340779
4500 4 50190332 -71.117985 42.343695
2650 1 50244405 -71.116812 42.341617
2650 1 50265693 -71.116772 42.342047
2600 1 50344636 -71.117804 42.341468
1725 0 50529959 -71.1124608232289 42.3325505775331
2500 2 50701094 -71.108248 42.326876
3000 2 50782437 -71.116365 42.330386
2795 2 50879120 -71.111188 42.332652
3400 2 51028872 -71.113454 42.33898
4900 4 51156075 -71.116612 42.344726
4950 4 51156081 -71.116584 42.345051
4975 4 51156083 -71.116561 42.345165
4950 4 51156084 -71.116547 42.345265
2500 2 51156562 -71.110754 42.324099
5600 4 51214655 -71.105205 42.33143
4600 2 51234261 -71.1172538203437 42.3409998266068
13890 2 51287255 -71.113029 42.333188
2595 2 51302753 -71.1125218152515 42.332015577533
3200 3 51327807 -71.108876 42.332408
9000 6 51329158 -71.109753 42.33231
7200 6 51329159 -71.110042 42.331611
4400 4 51329161 -71.110042 42.331611
4000 1 51330394 -71.112668 42.337523
2800 1 51330395 -71.106519 42.344709
1600 0 51342135 -71.117086 42.341661
2300 2 51457321 -71.108876 42.332408
7000 5 51460021 -71.116584 42.345051
3200 2 51462117 -71.11173 42.332872
3200 3 51477706 -71.115831 42.330691
8400 6 51479254 -71.105205 42.33143
3000 3 51493127 -71.090962 42.320496
2400 2 51302697 -71.099543 42.318829
3400 4 50020147 -71.083311 42.305775
2500 2 50905656 -71.080986 42.317593
2400 2 45888121 -71.099428 42.318756
2346 0 36879563 -71.101084 42.31253
2500 2 51272877 -71.083861 42.309394
2300 2 41815262 -71.0814167 42.3155239
2300 2 45988998 -71.079524 42.301123
2895 5 47814102 -71.0899583 42.3142324
3000 3 47960462 -71.082083 42.311247
2295 2 48557033 -71.0964 42.318113
2600 3 49117291 -71.101778 42.317284
4100 3 49143220 -71.093143 42.321129
7740 2 49188018 -71.099909 42.315208
4150 4 49479878 -71.101422 42.309735
5370 1 49484483 -71.102205 42.311361
5220 2 49560949 -71.09844 42.309916
3295 5 49815909 -71.089921 42.314269
2950 3 49827308 -71.0923966108969 42.3183055775331
3950 2 50661174 -71.102248 42.308284
2400 2 50767561 -71.084028 42.314295
2595 3 50789073 -71.08123 42.31918
3600 3 50808409 -71.092489 42.322229
2650 3 50846870 -71.08123 42.31918
10050 3 50878323 -71.083139 42.320708
1950 2 50891265 -71.080934 42.314347
3175 3 50988891 -71.084438 42.301538
2600 2 50994504 -71.081307 42.301022
11970 4 51032007 -71.102205 42.311361
3300 3 51086388 -71.105084 42.322882
3100 3 51100043 -71.081758 42.305795
2800 3 51175974 -71.097656 42.313568
2400 2 51176022 -71.097656 42.313568
3850 3 51195556 -71.081919 42.302499
8130 2 51233063 -71.079549 42.321979
3300 4 51234225 -71.080469 42.305123
3000 4 51276432 -71.093732 42.312995
3150 4 51285628 -71.090748 42.316208
3100 4 51285629 -71.090748 42.316208
3200 4 51285630 -71.090748 42.316208
3600 3 51409151 -71.0825 42.3074
2700 3 51446011 -71.082153 42.302322
3400 2 51463154 -71.101595 42.312799
2200 0 51452928 -71.101568 42.334975
4400 4 51475445 -71.103975 42.331188
2888 0 45959893 -71.101039 42.334151
3174 0 47049369 -71.101291 42.333789
4600 4 51475298 -71.103008 42.32964
4400 4 51475191 -71.101646 42.332797
2200 0 42881724 -71.101568 42.334975
2700 1 42881722 -71.101568 42.334975
2779 0 51219107 -71.098543 42.331657
5500 5 39184580 -71.100339 42.332175
5250 4 40459234 -71.098215 42.331822
3440 2 29653528 -71.101622 42.333447
2625 1 29653527 -71.101622 42.333447
5200 5 40054813 -71.102021780109 42.3296585775331
1800 0 40267993 -71.0948344 42.3440275
3750 1 45813517 -71.10195 42.34367
3950 3 45957209 -71.0975338102565 42.331680577533
3000 1 47001416 -71.095867 42.325133
6700 6 47615141 -71.099329 42.329904
2625 1 47629065 -71.101818 42.33494
3960 1 49194622 -71.104368 42.343575
17250 4 49358739 -71.093993 42.32844
4230 1 49387107 -71.103677 42.343161
20580 2 49476029 -71.101921 42.343695
12960 1 49476038 -71.101921 42.343695
11550 0 49476041 -71.101921 42.343695
26250 3 49476045 -71.101921 42.343695
10950 0 49476130 -71.101921 42.343695
5250 1 49557933 -71.094748 42.329337
5400 1 49624436 -71.094647 42.329058
22170 2 49661295 -71.092662 42.324161
5070 0 49671338 -71.094909 42.32921
4650 1 49689193 -71.094748 42.329337
11250 3 49689442 -71.097264 42.325701
8250 3 49715688 -71.093474 42.325426
4000 3 49999888 -71.101952 42.332264
3640 1 50015900 -71.099567 42.343903
2600 1 50184539 -71.095182 42.328715
2970 2 50396355 -71.102876 42.333765
4000 3 50539859 -71.092428 42.328544
5604 2 50611310 -71.1020339839255 42.3433245775331
4329 1 50611887 -71.102096 42.343661
3860 1 50611993 -71.101096 42.343893
2500 0 50665571 -71.097474 42.342876
3796 0 50684974 -71.1030339804642 42.343092577533
2500 1 50699658 -71.097909 42.341862
3248 1 50704169 -71.101039 42.334151
3600 2 50749389 -71.096841 42.343083
6329 2 50773197 -71.10121 42.344083
2700 1 50776995 -71.1020298 42.3341308
2850 1 50777580 -71.0985142 42.340905
3123 0 50863653 -71.101096 42.343893
2900 1 50954500 -71.097143 42.341998
3000 2 51083570 -71.093329 42.327147
3550 2 51086863 -71.0963653 42.3428093
3900 2 51086922 -71.0969513 42.3431522
3600 2 51086952 -71.0969148 42.3430721
2200 1 51141455 -71.097333 42.343039
5800 4 51205121 -71.096459 42.331492
2075 0 51208674 -71.095911 42.343406
3200 2 51214649 -71.0955 42.3326
4000 3 51214650 -71.104222 42.33198
5600 4 51214653 -71.0955 42.3326
6000 4 51214658 -71.0986877994317 42.330954577533
7000 5 51214659 -71.0955 42.3326
7500 5 51214660 -71.1019767751742 42.329327577533
16500 4 51225414 -71.095428 42.330739
6500 6 51257151 -71.1016157780516 42.3295205775331
2550 1 51288845 -71.0965189780623 42.3429315775331
2025 0 51296676 -71.0970617 42.3421482
3098 1 51309800 -71.100811 42.333926
7500 5 51330797 -71.1051010096476 42.345048577533
3735 1 51333280 -71.101502 42.344279
3150 1 51333283 -71.099945 42.331848
2000 1 51438055 -71.096349 42.342779
3600 1 51457693 -71.096841 42.343083
2650 1 51457798 -71.099363 42.337933
2350 0 51457881 -71.095962 42.344279
2050 0 51457882 -71.100449 42.342279
3200 2 51476562 -71.096349 42.342779
4850 4 51477719 -71.103457 42.330789
6500 5 51479255 -71.100831 42.330151
5500 4 51479256 -71.105063 42.330797
7150 5 51479257 -71.104586 42.331031
3200 2 51483046 -71.096349 42.342779
3600 2 51483175 -71.096841 42.343083
5000 3 51486667 -71.100831 42.330151
4600 3 51494052 -71.102287 42.334386
3100 3 51484214 -71.084614 42.324904
3400 1 43062412 -71.0823684 42.3444878
3200 1 43136483 -71.0823684 42.3444878
3380 1 45030985 -71.0863087 42.3437753
3140 1 45171233 -71.081698 42.338833
3300 2 45382544 -71.0886179768688 42.3428515775331
2300 1 45382574 -71.0896179782562 42.3429445775331
2300 1 46674317 -71.087995 42.345354
7590 1 47570437 -71.07962 42.34178
2025 1 48049856 -71.0897220076333 42.344913577533
3100 2 48280038 -71.0904419753321 42.3427485775331
4300 4 48303965 -71.0858198565124 42.3347825775331
2460 0 48657447 -71.081698 42.338833
6500 2 48813574 -71.08476 42.336669
2950 1 48827095 -71.086823 42.344498
2700 0 48896224 -71.089937 42.343525
3850 2 48985629 -71.089539 42.344265
15000 2 49259203 -71.082815 42.34097
16740 2 49424587 -71.082815 42.34097
10500 3 49441554 -71.089941 42.324374
18420 2 49833337 -71.08237 42.34449
4000 2 49860115 -71.08456 42.336809
4200 2 49919275 -71.079931 42.339303
2800 2 49982440 -71.089539 42.328755
6800 6 50063719 -71.086842 42.324583
2100 0 50386903 -71.079729 42.3413
4000 4 50563565 -71.091841 42.323028
2705 0 50629875 -71.088326 42.344209
3695 2 50690944 -71.080028 42.338671
4800 3 50777510 -71.0843954 42.3450786
2475 1 50950877 -71.088967 42.3446021
4600 2 50987606 -71.0817721 42.338849
3695 2 50995483 -71.080028 42.338584
2900 1 51048544 -71.083003 42.342823
3595 2 51120950 -71.080082 42.3386116
2850 1 51140089 -71.084784 42.345279
3450 1 51169038 -71.0818998 42.3389742
11220 2 51268358 -71.091209 42.344178
2395 2 51285626 -71.079646 42.326755
2995 3 51285627 -71.079682 42.326701
2000 0 51314497 -71.087484 42.343317
2650 1 51341381 -71.089059 42.342217
2000 0 51345237 -71.0900359790022 42.3429945775331
3350 1 51413378 -71.0829329883566 42.343621577533
3950 1 51442620 -71.087098 42.345141
3500 1 51442691 -71.081698 42.338833
3050 1 51442698 -71.082842 42.338809
2300 2 51442764 -71.086588 42.342884
2995 3 51460364 -71.079682 42.326701
2900 1 51463414 -71.082842 42.338809
4000 2 51463418 -71.082842 42.338809
3500 2 51477715 -71.081163 42.342823
1940 1 51478659 -71.088442 42.342127
4500 3 51479246 -71.08356 42.336422
4850 3 51483475 -71.082842 42.338809
3000 2 51488531 -71.090385 42.329402
3372 2 51488546 -71.0892059882372 42.3436135775331
1700 0 50455547 -71.175733 42.381288
2812 1 31929091 -71.174448 42.364836
2550 2 9938213 -71.1637458770465 42.3457679133973
3300 4 14666155 -71.1783193 42.38366
1825 1 39876298 -71.160307 42.368197
2100 1 43798018 -71.1757182 42.3812744
2495 2 44927171 -71.1735832 42.3694789
2600 1 48023097 -71.1580967922405 42.3479562554958
2800 1 48023103 -71.1580967922405 42.3479562554958
2850 1 48023104 -71.1580967922405 42.3479562554958
3050 1 48023106 -71.1580967922405 42.3479562554958
2950 1 48023108 -71.1580967922405 42.3479562554958
3000 1 48023109 -71.1580967922405 42.3479562554958
3100 1 48023112 -71.1580967922405 42.3479562554958
3550 2 48023113 -71.1580967922405 42.3479562554958
3500 2 48023117 -71.1580967922405 42.3479562554958
3550 2 48023118 -71.1580967922405 42.3479562554958
2985 3 49011981 -71.1645967567727 42.3510952554958
4395 4 49143232 -71.170576 42.352458
3800 4 49297509 -71.181174 42.358229
2400 2 49399938 -71.17932 42.358852
3850 4 49479832 -71.165279 42.354913
4800 5 49479838 -71.172249 42.354802
2800 2 49803585 -71.1629270236017 42.3740762572248
3950 4 49827257 -71.1747676442623 42.3531903156152
2700 3 49852279 -71.158256 42.353244
3750 2 50011974 -71.176305 42.353229
5370 1 50161697 -71.157665 42.370087
3100 4 50438142 -71.162816 42.353283
3900 0 50489821 -71.162018 42.371049
3600 4 50499823 -71.164279 42.356685
2250 2 50605646 -71.169797 42.352769
3300 3 50706943 -71.179191 42.362308
2800 2 50720907 -71.162289 42.379552
3050 3 50729847 -71.159434 42.368245
5250 5 50742738 -71.158429 42.353207
3500 3 50776092 -71.165139 42.349113
2600 2 50776350 -71.156958 42.348524
2900 3 50817425 -71.180928 42.363308
2985 3 50922056 -71.165293 42.351699
3100 1 50932011 -71.175179 42.379808
2100 1 51017706 -71.1763915264656 42.3804129700638
2400 2 51017707 -71.1767265276778 42.3805299700638
2400 2 51039501 -71.1766965289936 42.3806569700638
3050 3 51122578 -71.1767685 42.381182
2985 3 51178297 -71.165293 42.351699
1900 1 51198177 -71.179652 42.367803
2595 2 51206091 -71.160992 42.367115
3400 4 51209079 -71.174102 42.383291
5130 1 51220946 -71.180807 42.372194
2495 2 51241416 -71.1744229565424 42.3689082572248
2700 2 51303393 -71.182259 42.358234
2900 3 51304449 -71.158993 42.346661
1850 1 51317489 -71.16037 42.368197
4150 3 51317665 -71.177752 42.367297
2500 2 51345874 -71.1793199 42.3899173
1825 1 51387778 -71.160307 42.368197
3800 3 51413372 -71.170424 42.355336
2995 2 51443264 -71.171088 42.380981
2600 2 51443265 -71.180369 42.383883
3050 3 51443266 -71.176806 42.381039
2600 2 51480445 -71.179806 42.383177
3135 0 51311637 -71.145482 42.346254
2050 1 48346245 -71.144659 42.354581
2500 1 48346263 -71.146012 42.354733
2704 0 43845739 -71.1455 42.347376
2250 2 42939839 -71.1527 42.3495
2500 1 35001569 -71.1527 42.3495
2000 1 35001570 -71.1527 42.3495
1800 0 35001565 -71.1527 42.3495
2400 2 35001568 -71.1527 42.3495
3800 4 28806500 -71.15049 42.347787
2400 3 38126981 -71.150149 42.346084
2870 2 38737163 -71.149378 42.349617
2870 2 40328152 -71.149365 42.349661
3200 2 46273688 -71.149365 42.349661
3160 1 46958422 -71.1455 42.347376
3700 4 50339357 -71.155993 42.353366
2800 2 50494125 -71.144659 42.354581
3025 1 50499824 -71.149482 42.355069
2950 1 50499826 -71.149414 42.355497
1750 1 50641042 -71.147132 42.355514
3300 3 50663939 -71.150469 42.352988
3319 1 50704170 -71.145378 42.361326
2650 4 50754450 -71.145638 42.352758
4500 2 51051574 -71.149454 42.359998
4149 2 51163105 -71.145378 42.361326
4200 3 51183982 -71.146424 42.35996
4100 3 51201229 -71.14756 42.353125
4075 3 51214683 -71.14756 42.353125
7950 2 51257872 -71.1461 42.34777
5640 1 51257873 -71.1461 42.34777
4637 1 51306170 -71.1455 42.347376
3236 0 51307379 -71.1455 42.347376
4525 2 51411049 -71.146424 42.35996
5320 2 51439519 -71.1455 42.347376
2100 2 51455346 -71.1481098134462 42.3460792554958
3300 2 51463416 -71.145741 42.355227
1000 3 51494104 -71.145251 42.360988
3700 2 51449096 -71.141546 42.347109
4600 5 51212621 -71.142044 42.351637
1856 0 36275695 -71.133678 42.347959
2400 2 15291824 -71.1350686 42.348035
1825 0 45387290 -71.13997 42.350884
1995 1 45395097 -71.137192 42.346538
4613 3 45649369 -71.14273 42.35822
21180 3 46763244 -71.13217 42.36276
2895 1 47608775 -71.135778 42.356263
2995 3 47614175 -71.139289 42.347743
5300 4 47618256 -71.131249 42.355607
4899 5 48155245 -71.132066 42.348039
4500 4 48235200 -71.131345 42.354172
1800 0 48326249 -71.139748 42.349998
4500 6 48522589 -71.136375 42.350949
4500 5 48712985 -71.1314195271945 42.3628120660475
5000 4 48941410 -71.132392 42.35049
2100 1 49068500 -71.133622 42.347244
3600 4 49069429 -71.140365 42.346982
2500 3 49456470 -71.134953 42.34919
3480 0 49696033 -71.136351 42.35861
3600 0 49696091 -71.137878 42.357509
11040 3 49731337 -71.142247 42.358716
21180 3 49753351 -71.13219 42.3628
11520 1 50346375 -71.134905 42.363522
2700 2 50455725 -71.140881 42.359488
3600 2 50483869 -71.131113 42.347008
3600 2 50494175 -71.131449 42.346812
15870 3 50496278 -71.132192 42.362818
3000 2 50534816 -71.134464 42.347217
3744 1 50611901 -71.142895 42.356283
2450 2 50612222 -71.134801 42.354913
3698 2 50612262 -71.1405887741062 42.3495612554958
2995 3 50633724 -71.138965 42.352528
3995 2 50690911 -71.135748 42.356428
3100 3 50740166 -71.1405844211999 42.3546040660475
4500 3 50794909 -71.138345 42.352664
3300 3 50907511 -71.137997 42.352955
3600 3 50916896 -71.137997 42.352955
3600 2 50949179 -71.132276 42.346354
4000 3 50961563 -71.137997 42.352955
3800 3 50961665 -71.137997 42.352955
2700 2 51010531 -71.140881 42.359458
2895 3 51021992 -71.139289 42.347743
4200 4 51032504 -71.131276 42.355651
3050 1 51043298 -71.133419 42.347279
3070 1 51043299 -71.133419 42.347279
1975 2 51045165 -71.131811 42.349008
3060 1 51071406 -71.133419 42.347279
4375 4 51141534 -71.131276 42.355651
5600 4 51158659 -71.1330149 42.3489211
3600 3 51183997 -71.1395343923199 42.3523670660475
1650 0 51234222 -71.13151 42.349574
2295 2 51276433 -71.140212 42.346268
2800 2 51309804 -71.134919 42.352214
2650 2 51335047 -71.140093 42.345538
6600 6 51346340 -71.131345 42.354172
4850 5 51346370 -71.131945 42.348099
4000 5 51346398 -71.1324 42.35761
5000 5 51346436 -71.132066 42.348039
5550 4 51346448 -71.132392 42.35049
2985 1 51405959 -71.135748 42.356428
1995 1 51412936 -71.137192 42.346538
5000 1 51442352 -71.1327896 42.3555283
2600 3 51460330 -71.141528 42.358998
2195 1 51461975 -71.1355215 42.3466739
1975 2 51477681 -71.135497324232 42.3470920660475
2195 1 51477693 -71.135231 42.346743
1950 1 51483516 -71.138592 42.352949
2621 0 51488522 -71.142895 42.356283
3600 2 51489007 -71.131648 42.346709
4800 4 51492034 -71.1387456 42.3518811
3700 2 51448433 -71.144444 42.388981
3800 2 40996308 -71.144444 42.388981
2400 1 45392769 -71.1359503196076 42.3851646378995
1500 1 48809336 -71.13398 42.3847
13470 3 49188161 -71.149724 42.377703
4050 0 49203332 -71.144147 42.379419
3800 2 50130918 -71.144444 42.388981
4500 3 50413768 -71.134974 42.384159
4300 2 50484501 -71.132464 42.390049
2858 1 50504004 -71.15482 42.381412
4100 4 50524748 -71.131922 42.382641
3491 2 50604789 -71.1537523844561 42.3812446378995
4500 2 50712583 -71.1392962480773 42.3894876378995
2700 2 51054548 -71.1327011 42.3902807
3300 2 51086390 -71.134792 42.385981
3700 2 51178301 -71.144444 42.388981
4500 2 51178302 -71.140335 42.389026
4100 4 51178305 -71.131922 42.382641
2500 0 51189391 -71.1392962480773 42.3894876378995
3193 1 51234274 -71.154791 42.380783
3650 3 51300830 -71.136773 42.382822
3950 3 51311548 -71.1310942572284 42.3889346378995
2250 1 51315220 -71.131586 42.389747
4125 4 51317664 -71.149606 42.372544
2500 3 51412830 -71.154566 42.375571
4900 5 51439630 -71.134427 42.380695
1550 1 51461566 -71.131586 42.389747
2500 0 51483490 -71.141198 42.387306
4500 3 51488246 -71.1348922 42.3842036
2660 1 51420616 -71.147999 42.394693
2738 0 51419617 -71.161064 42.424511
2650 0 51418160 -71.144783 42.398437
2545 0 49030484 -71.154355 42.399304
2170 0 47509951 -71.144912 42.398475
2201 0 40248666 -71.142909 42.393077
2400 2 27524812 -71.171032 42.422379
2500 0 13430589 -71.1383062323892 42.3904356378995
1700 0 14865500 -71.1700944 42.420486
1950 1 15202804 -71.1700944 42.420486
2500 1 15259450 -71.1729534 42.4214842
3700 2 28794486 -71.1445992035263 42.3921796378995
4500 2 34367437 -71.1383062323892 42.3904356378995
2723 1 37395326 -71.146218 42.39175
2495 2 38295319 -71.1679902 42.4172698
2400 2 40146222 -71.170608 42.420755
2800 1 45171239 -71.13418 42.398356
2100 1 46463816 -71.143247 42.411212
2800 2 46549963 -71.1363105 42.3997194
3400 2 46720682 -71.131449 42.398016
2785 1 47376174 -71.145564 42.394852
3200 1 47421046 -71.1454541942082 42.3927426378995
2150 1 47457921 -71.1694809665723 42.4227987778984
4000 3 48003863 -71.159052 42.43106
6500 5 48049907 -71.158155 42.431678
8500 4 48414796 -71.134475 42.394474
3000 3 48666819 -71.133936 42.418154
3100 3 48958405 -71.158256 42.41535
2500 2 50494321 -71.169018 42.416398
3119 1 50604426 -71.145365 42.393737
2806 1 50611284 -71.145638 42.391718
2723 0 50722067 -71.1443261701091 42.3941986378995
2600 2 50730166 -71.161526 42.416685
2650 2 50838227 -71.141598 42.412833
2200 1 50912064 -71.133033 42.399243
3349 2 50959024 -71.1420641662358 42.3944326378995
3476 1 50967397 -71.146895 42.395474
2550 3 51033094 -71.1438557293807 42.4060437778984
3030 1 51043295 -71.145638 42.391718
2500 2 51046659 -71.1653642 42.4191666
2919 0 51102539 -71.146895 42.395474
2700 2 51137754 -71.168629 42.41743
2100 1 51141437 -71.149886767915 42.4087667778984
1900 1 51147498 -71.13539 42.408713
2800 2 51178306 -71.136388 42.399631
3000 4 51179605 -71.163166964632 42.4226617778984
2400 1 51241057 -71.173792 42.4275639
2000 2 51242771 -71.131113 42.419276
3000 3 51246941 -71.175744 42.425019
3000 2 51246957 -71.175744 42.425019
5010 2 51257127 -71.146895 42.395474
1895 1 51264401 -71.1707419369176 42.4207047778984
2500 2 51266921 -71.140926 42.40913
2800 2 51276441 -71.154429 42.417639
2305 0 51304365 -71.145638 42.391718
3300 3 51314459 -71.138337 42.399513
3930 2 51324512 -71.1443261701091 42.3941986378995
5500 4 51406671 -71.142504 42.405934
2800 2 51439232 -71.1315111791501 42.4212927224721
3538 2 51479316 -71.1430877 42.3937288
5000 3 51492036 -71.138449 42.402453
5400 4 51492037 -71.13851 42.402408
3600 4 51494073 -71.1334931635766 42.4230337224721
4800 4 48967412 -71.125019 42.350846
2100 0 46605263 -71.121733 42.350874
3150 2 46605267 -71.121733 42.350874
2975 1 45137238 -71.126329 42.353307
4500 5 27767452 -71.123669 42.348354
3250 2 36117757 -71.123658 42.347893
7500 6 38648086 -71.125974 42.349182
3650 3 38814039 -71.123537 42.3483
2550 2 39518489 -71.124901 42.350439
2600 2 47614079 -71.129464 42.346412
4700 5 48266990 -71.130072 42.351866
3100 1 48272688 -71.129602 42.35296
7490 5 48319178 -71.125975 42.349182
2790 1 48439808 -71.129602 42.35296
2340 1 48625670 -71.121385 42.352745
2495 1 48922753 -71.1206887294317 42.3467718266068
4500 2 48958225 -71.124999 42.354037
3300 3 49068498 -71.129303 42.352893
1725 0 49083114 -71.129802 42.353439
4900 3 49143230 -71.130541 42.35218
3178 1 49180457 -71.129602 42.35296
6800 6 49399290 -71.129901 42.348047
3100 3 49456466 -71.12537 42.35061
2950 3 49493884 -71.126437 42.349265
15000 3 49711312 -71.129402 42.351199
5750 7 50438106 -71.1243 42.3597
2995 2 50517122 -71.129821 42.35014
2495 1 50612247 -71.130323 42.348884
6500 5 50612249 -71.129901 42.348047
2500 1 50730164 -71.126267 42.353777
3400 1 50916888 -71.127104 42.35349
3600 2 50949180 -71.130936 42.346709
6500 5 50952756 -71.13008 42.34828
2500 2 51042311 -71.1295794 42.3509577
5250 4 51059915 -71.130953 42.345838
3600 2 51082614 -71.130169 42.346735
3800 1 51082618 -71.121802 42.346982
3700 2 51166712 -71.121608 42.34652
3120 3 51189359 -71.12719 42.354344
3200 3 51214668 -71.1284994744758 42.3587300660475
1900 0 51214677 -71.126811 42.350056
4650 3 51228753 -71.125775 42.350388
4350 3 51232406 -71.1192 42.346838
4200 3 51260757 -71.124867 42.348113
4800 4 51261079 -71.12758 42.34662
4500 4 51261080 -71.126286 42.349542
4200 4 51261082 -71.126082 42.349224
2495 1 51261666 -71.121679 42.347254
2850 1 51264396 -71.128696 42.350834
2000 1 51276399 -71.12537 42.345459
3900 3 51292945 -71.124267 42.351229
3975 3 51292971 -71.124333 42.350913
5200 4 51292974 -71.124385 42.350758
4900 4 51292975 -71.124398 42.35061
3200 2 51292976 -71.124402 42.350607
5500 5 51304480 -71.129658 42.358702
2170 1 51321986 -71.121385 42.352745
2170 1 51321987 -71.121385 42.352745
2170 1 51321988 -71.121385 42.352745
4600 3 51330370 -71.125113 42.348998
4500 3 51330396 -71.123811 42.351458
3700 2 51332405 -71.1220625 42.3469855
2200 1 51332779 -71.1262214 42.3525614
3700 2 51344384 -71.121802 42.346982
2150 1 51405981 -71.126618 42.350269
1575 0 51412935 -71.13057 42.357702
7500 6 51443211 -71.126299 42.348079
1575 0 51455278 -71.13057 42.357702
9000 6 51457988 -71.124988 42.355103
3700 2 51459800 -71.121802 42.346982
2550 1 51460301 -71.129596 42.350874
2300 1 51463411 -71.129955 42.353777
2150 1 51463412 -71.126618 42.350269
3300 2 51463417 -71.127104 42.35349
3900 3 51463419 -71.126856 42.351199
9975 7 51474469 -71.126574 42.354725
8550 6 51474721 -71.126574 42.354725
2890 2 51479258 -71.128696 42.350834
2550 2 51479262 -71.129596 42.350874
3300 2 51479264 -71.127104 42.35349
1600 0 51483258 -71.126856 42.351199
2890 2 51483505 -71.128651 42.350709
4500 4 51491387 -71.127347 42.351466
3600 4 51491603 -71.12864 42.355199
3196 0 51493955 -71.1307665409765 42.3638790660475
8000 5 51494043 -71.125167 42.354846
5900 4 44949809 -71.108349 42.347787
3800 3 44807492 -71.108349 42.347787
4150 3 39699831 -71.116985 42.349254
3550 2 51214386 -71.117277 42.348047
3150 2 51028633 -71.117277 42.348047
4200 3 28723538 -71.116547 42.349209
3900 2 13430644 -71.1065016262827 42.3666196378995
4100 3 13569367 -71.1079616735191 42.3637616378995
4150 3 28723504 -71.117017 42.349876
3995 3 31596221 -71.1094306767583 42.3635686378995
5300 4 34009535 -71.117523 42.349238
5200 4 34386122 -71.117009 42.349109
5900 4 34472539 -71.108043 42.347779
3200 2 34589162 -71.108291 42.346563
4150 3 35176687 -71.117439 42.3493
6000 5 35303086 -71.108465 42.34662
4150 3 36300873 -71.117523 42.349238
4150 3 39423678 -71.117343 42.349293
3300 2 39425512 -71.117439 42.3493
3200 2 39520570 -71.117074 42.349265
5100 4 39699813 -71.116395 42.349109
5200 4 39702853 -71.117523 42.349238
4200 3 39816666 -71.117009 42.349109
4250 3 41761436 -71.116371 42.349165
5200 4 41811934 -71.116712 42.349224
6250 5 44351996 -71.107753 42.34815
5400 5 44697648 -71.108158 42.348182
3525 1 44911740 -71.1080136123485 42.3674626378995
3000 2 45298944 -71.108043 42.347779
1650 1 45649279 -71.1079 42.34547
4000 3 45851850 -71.106027 42.365706
3950 3 48174666 -71.117251 42.349282
4000 3 48189252 -71.117484 42.349659
4950 4 48266985 -71.117251 42.349282
2000 0 48291592 -71.1077974 42.3674454
8500 3 48442851 -71.113371 42.364326
1600 4 48442882 -71.113365 42.364334
3000 1 48442898 -71.107949 42.345412
8000 6 48548798 -71.116395 42.349109
6500 2 48777041 -71.110228 42.365224
3790 1 49103071 -71.105914 42.356777
3900 1 49372467 -71.107857 42.345449
7560 1 49417097 -71.108708 42.346135
3750 3 49456471 -71.110277 42.360311
4770 0 49618943 -71.11059 42.3463
4400 3 50038273 -71.1121147056452 42.3618176378995
2400 2 50111011 -71.1093902 42.3635709
3800 2 50200389 -71.106638 42.359988
3900 2 50248984 -71.1075006 42.3660343
3830 1 50316203 -71.105914 42.356777
3580 1 50316205 -71.105914 42.356777
3600 2 50935538 -71.117074 42.348812
3850 2 50972827 -71.1063462 42.3457358
3400 2 51004144 -71.116973 42.345498
3900 2 51028117 -71.10754 42.366158
3500 2 51075630 -71.107187 42.357532
3600 2 51082523 -71.117712 42.348884
3600 2 51082605 -71.118068 42.349127
4000 2 51116754 -71.115636 42.3473
3200 2 51140137 -71.117251 42.349779
3300 2 51140138 -71.115889 42.349799
3950 3 51140140 -71.115998 42.349498
3950 3 51140142 -71.116395 42.349109
3950 3 51140143 -71.116029 42.349008
3950 3 51140144 -71.115998 42.348893
4900 4 51140146 -71.116029 42.348709
5200 4 51140147 -71.116212 42.347476
4950 4 51140148 -71.116412 42.347524
4950 4 51140436 -71.116329 42.349712
4900 4 51140437 -71.116339 42.346965
4900 4 51140438 -71.116309 42.346799
4950 4 51140439 -71.116309 42.346346
4950 4 51140440 -71.11642 42.346182
4950 4 51140441 -71.116512 42.345876
4950 4 51140442 -71.116973 42.3455
3000 1 51152108 -71.1102961 42.3662696
5250 4 51155825 -71.117009 42.349109
4150 3 51165939 -71.114133 42.34962
4150 3 51165940 -71.113804 42.349617
4150 3 51203243 -71.116512 42.345876
4200 3 51250570 -71.11642 42.348932
6180 1 51303407 -71.112649 42.362475
3000 0 51330380 -71.107949 42.345412
3400 2 51442687 -71.107533 42.365661
3200 2 51462115 -71.116943 42.347269
4000 2 51476563 -71.115636 42.3473
2300 1 51486674 -71.1078606209603 42.3669416378995
4250 3 51494046 -71.116371 42.348721
2000 0 51447558 -71.120299 42.380925
3550 2 51446607 -71.112339 42.370049
3200 2 51446604 -71.111877 42.36913
2800 2 50923443 -71.121988 42.384925
2550 0 35001574 -71.108505 42.370252
4800 2 12863073 -71.122143 42.388577
2370 0 67212 -71.108995 42.368903
2310 0 16557009 -71.129658 42.387138
3145 2 16557013 -71.129658 42.387138
3120 1 13430610 -71.1213464864338 42.3750786378995
4115 2 13430642 -71.1213464864503 42.3750776378995
3535 1 13430673 -71.1194603935537 42.3807006378995
2600 2 14638581 -71.1167955090361 42.3858093446277
3895 2 16793842 -71.106899094669 42.3789746497556
2900 2 18499505 -71.1111565304996 42.3724136378995
4100 4 25710386 -71.1309263540517 42.3830826378995
2500 1 29426489 -71.1191515277219 42.3725816378995
3500 1 30442935 -71.1215874954955 42.3745306378995
2650 1 31570544 -71.1210433510243 42.3832656378995
3800 3 31612338 -71.1189802608689 42.3887146378995
3360 1 35260612 -71.116743 42.385458
2600 1 35667633 -71.1111565304996 42.3724136378995
2500 0 36212138 -71.1191515277219 42.3725816378995
2400 0 36839042 -71.1053145698809 42.3700316378995
3525 0 37308674 -71.1210575088229 42.3737246378995
2990 1 37395585 -71.108505 42.370252
2700 1 40995753 -71.112195 42.371952
2350 2 42521042 -71.11873 42.381419
3000 2 42983352 -71.1078809 42.3680928
3250 1 44836513 -71.116965 42.385473
3300 3 45337163 -71.106857 42.384561
4195 3 45385998 -71.105291 42.369392
2800 2 45593432 -71.112636 42.371863
2925 2 45718647 -71.1095975992732 42.3682536378995
2880 0 45726526 -71.120299 42.380925
2300 1 45783390 -71.126696 42.387073
4800 5 45833941 -71.124355 42.378408
3750 2 45925117 -71.11342 42.370769
2800 2 46846798 -71.1287108 42.3824097
2300 1 46878448 -71.127618 42.379346
1900 0 47177477 -71.114668 42.370382
4195 3 47615110 -71.105381 42.36928
2350 1 48290049 -71.12864 42.380561
3430 2 48302658 -71.108708 42.369262
3025 1 48539939 -71.108505 42.370252
3525 1 48539941 -71.122096 42.373263
3000 2 48761495 -71.109716 42.375079
2450 1 48778095 -71.106008 42.386087
2770 1 48989253 -71.122688 42.379148
2200 1 49037706 -71.108353 42.368962
10050 2 49188931 -71.1122 42.367939
17640 1 49582749 -71.110911 42.372494
3600 2 50165623 -71.1194354031803 42.3801126378995
2100 1 50209203 -71.1112941 42.3881402
3500 2 50287335 -71.112296 42.376021
3400 1 50418806 -71.1245873938679 42.3806756378995
3600 3 50428562 -71.1065994402782 42.3778696378995
3295 1 50504000 -71.11723 42.385189
2525 2 50618783 -71.105494 42.38658
3000 2 50709314 -71.108279 42.373651
2700 2 50716707 -71.1099270229014 42.3866716497556
8400 3 50733923 -71.129361 42.376446
2800 2 50768030 -71.120329 42.382561
2325 1 50853097 -71.1060588 42.386081
11670 2 50876259 -71.110112 42.369891
2800 2 50912746 -71.1220654 42.3849201
1900 1 50932731 -71.106008 42.386759
11000 8 50954979 -71.125901 42.373978
4100 3 50973102 -71.108163 42.374533
2800 2 50990094 -71.1087008 42.3801924
2570 1 51021625 -71.1177674 42.3818323
4195 3 51021989 -71.105291 42.369392
4195 3 51021990 -71.105381 42.36928
3500 2 51041442 -71.10966 42.370111
2880 0 51044412 -71.120299 42.380925
3600 2 51079410 -71.120669 42.379249
2950 2 51100037 -71.110371 42.376846
3300 2 51157956 -71.106367 42.376525
2795 1 51160360 -71.117698 42.381853
3600 1 51171161 -71.1256715 42.3736835
2850 2 51178303 -71.127398 42.379079
3625 1 51178304 -71.122096 42.373263
3200 2 51178324 -71.114068 42.387026
2200 1 51178329 -71.106008 42.386087
2500 1 51199026 -71.122881 42.389878
3250 2 51232265 -71.108831 42.377525
3300 3 51250267 -71.106857 42.384561
1850 0 51264394 -71.125626 42.380214
2200 0 51276446 -71.128929 42.380763
2400 0 51286594 -71.110133 42.368504
2000 0 51295791 -71.108248 42.368919
1800 0 51304472 -71.106143 42.387125
3285 2 51458152 -71.116698 42.385069
3285 2 51458196 -71.11723 42.385189
3285 2 51477254 -71.116698 42.385069
1800 0 51477256 -71.106238 42.386177
2200 1 51479252 -71.108353 42.368962
2300 1 51481192 -71.1131586 42.372055
4900 3 51488456 -71.1055644 42.3748665
2343 1 51446608 -71.096931 42.363031
8500 5 50041808 -71.099134 42.350396
2630 0 42926891 -71.099897 42.347946
3405 2 64206 -71.104646 42.3646
3895 2 13430628 -71.102882643274 42.3655916378995
4500 3 26647284 -71.1049886337537 42.3661676378995
300 0 37153341 -71.1032 42.3634
2815 0 40995703 -71.099815 42.363753
5375 2 40996274 -71.099815 42.363753
5994 3 40996410 -71.099815 42.363753
3560 1 43809840 -71.100291 42.363748
2800 1 45391495 -71.102882643274 42.3655916378995
4300 2 45685349 -71.103921 42.36513
3218 1 46391525 -71.101008 42.359874
3742 1 46391527 -71.101008 42.359874
4010 1 46391529 -71.101008 42.359874
3591 1 46486079 -71.101008 42.359874
3598 1 46486080 -71.101008 42.359874
3608 1 46486081 -71.101008 42.359874
3652 1 46486082 -71.101008 42.359874
3657 1 46486083 -71.101008 42.359874
3828 1 46486084 -71.101008 42.359874
3367 1 46514667 -71.102418 42.360783
7500 2 46698220 -71.102822 42.346582
4000 2 47456701 -71.1023147019271 42.3620426378995
3330 1 48499114 -71.101008 42.359874
3570 1 48657446 -71.100291 42.363748
3520 1 48921587 -71.102418 42.360783
4140 1 48921588 -71.102418 42.360783
4200 0 49190788 -71.104349 42.36334
4110 1 49669576 -71.099423 42.362387
300 0 49946094 -71.1032 42.3634
4000 2 49962354 -71.1025996977131 42.3622976378995
3330 1 50392413 -71.103921 42.36513
2880 1 50392417 -71.103921 42.36513
5000 5 50454213 -71.103708 42.346476
1695 1 50667278 -71.1051336 42.3466875
3180 1 50692553 -71.103921 42.36513
2300 0 50726783 -71.0975936699163 42.3639796378995
2425 0 50776977 -71.0943923 42.3462788
8500 2 50961824 -71.102822 42.346582
2100 0 51068888 -71.1037836113897 42.3675206378995
4280 2 51071410 -71.101102 42.362616
3100 2 51178298 -71.098451 42.363453
4400 2 51178299 -71.103921 42.36513
2300 1 51214664 -71.09422 42.348538
2425 0 51234228 -71.093788 42.346674
2190 0 51261642 -71.104381 42.346079
9300 1 51268359 -71.095271 42.348513
2200 0 51301106 -71.104422 42.346182
3900 2 51309799 -71.1032 42.3634
3000 1 51311255 -71.0964619 42.3561286
3210 1 51328040 -71.103921 42.36513
5400 4 51413357 -71.1014456767087 42.3635686378995
2000 1 51438057 -71.093329 42.349636
3100 2 51476547 -71.098451 42.363453
2175 0 51488275 -71.094824 42.35014
3300 2 51494078 -71.1020637044389 42.3618906378995
3780 0 51421934 -71.082514 42.363439
2875 0 51421880 -71.081934 42.363518
2500 1 48346421 -71.088995 42.347244
3195 2 41528996 -71.0878233 42.3510803
2935 0 34358562 -71.079719 42.348099
4635 2 47755872 -71.079719 42.348099
3350 0 22915103 -71.08162 42.347959
3305 0 16557529 -71.082178 42.366835
3005 1 16557497 -71.082178 42.366835
3066 0 65048 -71.083719 42.365063
3800 2 13430633 -71.0849167270112 42.3605246378995
4500 3 13430640 -71.0849167270112 42.3605246378995
3200 1 29236754 -71.0849167270112 42.3605246378995
3800 0 30651058 -71.0865496735687 42.3637586378995
5500 2 30651060 -71.0865496735687 42.3637586378995
3420 1 33743366 -71.087588 42.363297
2980 0 33743368 -71.087588 42.363297
2400 0 35366796 -71.0886125 42.3508066
2990 0 35636615 -71.087588 42.363297
2660 1 37584546 -71.090976 42.350255
3420 1 39687870 -71.087588 42.363297
3280 1 39922330 -71.080773 42.34815
2870 1 42055198 -71.085955 42.360063
2450 0 42055269 -71.085955 42.360063
2450 0 42055270 -71.085955 42.360063
3325 1 42819370 -71.083325 42.365666
3726 1 45649255 -71.08361 42.36374
3995 1 45649256 -71.08263 42.36305
4293 1 45649257 -71.08342 42.36369
5070 1 45649258 -71.08232 42.36363
2349 1 45649346 -71.08271 42.34975
4190 1 45689926 -71.084003 42.364581
1825 0 45821169 -71.084499 42.351949
5950 2 46355772 -71.08045 42.352649
2580 0 46572581 -71.089851 42.350572
2600 1 46603943 -71.090662 42.347066
2500 0 46873265 -71.08776 42.351572
4500 1 48425246 -71.081877 42.353214
3000 0 48442964 -71.082823 42.352402
2700 0 48462867 -71.0849167270112 42.3605246378995
3300 1 48610003 -71.081395 42.349695
3570 1 48697891 -71.080773 42.34815
4000 1 48900834 -71.089866 42.3496838
3600 1 49057550 -71.080773 42.34815
44700 2 49357382 -71.08448 42.352831
12420 2 49732244 -71.086192 42.348823
2700 1 49869133 -71.089039 42.350699
3280 1 49925492 -71.080773 42.34815
3830 1 50015904 -71.083719 42.365063
18210 1 50319525 -71.08156 42.34964
3000 0 50381972 -71.0828151230215 42.3526455775331
3350 1 50408445 -71.081326 42.349712
3910 1 50623637 -71.0803070780219 42.3496305775331
3800 1 50712580 -71.088736 42.351307
11700 1 50744596 -71.08987 42.34857
4200 2 50788499 -71.0896803 42.3497264
3005 1 50931047 -71.082168628448 42.3664886378995
6080 2 50964782 -71.084588 42.345932
2790 0 51043300 -71.081484 42.349695
2780 1 51043304 -71.081395 42.349695
8970 1 51080054 -71.088174 42.34723
2600 0 51089915 -71.089798 42.349398
2900 1 51089916 -71.089941 42.349398
5930 2 51091216 -71.0796060160635 42.3454785775331
5543 1 51199009 -71.084588 42.345932
4055 2 51221861 -71.082168628448 42.3664886378995
5800 2 51249766 -71.0876800947224 42.3507495775331
13380 2 51268354 -71.08563 42.354046
9210 0 51268356 -71.084577 42.349712
5370 1 51268357 -71.089905 42.351918
3340 2 51295599 -71.083207 42.366027
6691 2 51306479 -71.08162 42.347959
2400 1 51442335 -71.0871494 42.3512149
3000 1 51442662 -71.089719 42.350041
2500 0 51460298 -71.079601 42.346182
2500 0 51461722 -71.082219 42.352564
3323 1 51477721 -71.0892490186001 42.3456485775331
2250 0 51488091 -71.0855769 42.3490074
3490 0 51491500 -71.08162 42.347959
3300 1 51494081 -71.0890540561738 42.348166577533
2600 2 51330550 -71.091474 42.37939
4700 4 51324376 -71.1019898 42.3767039
3000 4 51303208 -71.101782 42.38693
3600 5 50504261 -71.095604 42.389043
2200 2 45177933 -71.1020209 42.3682799
2100 0 39882898 -71.100494 42.387783
2195 0 35001562 -71.0993 42.3818
1995 0 35001561 -71.0993 42.3818
4550 2 24605186 -71.0979235325828 42.3722876378995
2950 2 32098563 -71.1021245902144 42.3688016378995
2550 1 35902823 -71.1012525902144 42.3688016378995
3000 4 40995867 -71.082636 42.389641
2800 3 40995878 -71.102519 42.390016
3600 5 40996227 -71.095604 42.389043
3900 2 41692657 -71.0984 42.371978
2800 2 45782932 -71.098581 42.383314
2450 1 45844063 -71.096037 42.376617
2750 2 45967055 -71.104319 42.377832
3750 2 46533798 -71.0984 42.371978
2700 1 46747894 -71.1022225987442 42.3682856378995
5200 2 46890402 -71.1037395607882 42.3705816378995
4060 3 47291710 -71.089896 42.370571
14970 3 48168333 -71.09044 42.38502
3200 3 48327422 -71.091911 42.382974
2800 3 48807935 -71.098377 42.383342
10710 2 49205128 -71.08535 42.369679
6750 3 49206748 -71.091515 42.389672
11070 4 49606119 -71.08785 42.381205
3200 2 49749259 -71.099788 42.370446
2200 2 49918493 -71.1000779 42.3767942
3900 2 49999501 -71.0984 42.371978
3995 2 50080247 -71.093911 42.3684
4600 4 50166928 -71.089425 42.383502
3995 3 50219166 -71.093911 42.3684
3450 2 50288616 -71.091232 42.382561
3510 2 50288617 -71.091232 42.382561
2800 3 50310294 -71.102519 42.390016
2800 3 50310295 -71.102519 42.390016
2950 0 50473891 -71.087555 42.385981
5700 3 50518626 -71.096264 42.371009
2975 2 50708547 -71.0960851134937 42.3769476497556
2780 2 50742806 -71.089059 42.371651
3550 2 50744201 -71.081438596463 42.3684236378995
4495 3 50783576 -71.101764 42.374832
2750 3 50784004 -71.082672 42.389621
2500 2 50794892 -71.085851 42.388436
4950 3 50798031 -71.0860950770535 42.3808596497556
3300 3 50931924 -71.102124 42.385199
2600 1 50989694 -71.1040735 42.3694581
3600 4 50990580 -71.1017798 42.3869726
3500 2 51016763 -71.089477 42.386907
3000 4 51039007 -71.101803 42.386883
3600 3 51043290 -71.090053 42.370696
2425 1 51069854 -71.0999695 42.3875439
6000 3 51083568 -71.0840045594656 42.3706616378995
3000 4 51118638 -71.101092024877 42.3864596497556
2300 0 51118708 -71.102102 42.387655
3100 3 51141493 -71.103199 42.376209
2900 2 51146661 -71.0948551288612 42.3752976497556
2950 3 51156561 -71.095232 42.389314
3000 2 51168373 -71.093578 42.369945
2700 2 51169025 -71.0915366 42.3809999
3400 4 51178330 -71.101803 42.386883
3500 3 51178335 -71.101279 42.378665
2500 1 51180960 -71.084442 42.368978
6950 3 51190647 -71.104494 42.378902
2450 1 51234248 -71.09467 42.384039
8400 2 51249987 -71.090288 42.388867
3500 3 51250918 -71.084834 42.368326
2500 2 51258098 -71.085877 42.383542
4900 4 51264427 -71.101717123655 42.3758566497556
2350 1 51265008 -71.100764 42.384878
4700 4 51274833 -71.101995 42.376682
4800 4 51274834 -71.101995 42.376682
4900 4 51274835 -71.101995 42.376682
2425 1 51274836 -71.100494 42.387783
3000 3 51286595 -71.096494 42.37516
13860 3 51288931 -71.0904 42.385069
9780 3 51300184 -71.083339 42.388242
2600 1 51301404 -71.104921 42.368259
4900 4 51314988 -71.102133 42.376452
4600 3 51315222 -71.1046 42.384783
2695 2 51318836 -71.0932625934379 42.3686066378995
2400 2 51330740 -71.0985395118653 42.3735406378995
4600 4 51444473 -71.101995 42.376682
5000 2 51477673 -71.081395 42.372738
2500 2 51477717 -71.0895681047103 42.3778906497556
3000 2 51479274 -71.0981294 42.3731416
5025 4 51488416 -71.090515 42.38538
3000 3 51488483 -71.1021417 42.3851789
4000 2 51448430 -71.130009 42.397989
2470 0 51440485 -71.106831 42.393432
3930 2 46388455 -71.129929 42.392448
2950 3 42337589 -71.129096 42.40156
2795 1 35001587 -71.1301 42.3933
3750 3 13430656 -71.1251621961943 42.3926286378995
1995 0 34367440 -71.1237441721946 42.3940726378995
4200 4 40996283 -71.126444 42.403346
2950 2 41377322 -71.130527 42.412389
2900 3 45386205 -71.105638 42.40836
4800 4 45425374 -71.1253299007675 42.3997736497556
2300 2 45719232 -71.130351 42.405019
5500 4 47450337 -71.125718 42.406023
5500 5 47511339 -71.1251004 42.4086787
3990 4 48591704 -71.128894 42.411398
4990 4 48591705 -71.128894 42.411398
7500 6 48748173 -71.1251728465166 42.4055906497556
2850 2 48958728 -71.106586 42.398399
2900 3 48989265 -71.106586 42.398399
1900 0 49030955 -71.124811 42.394532
5500 4 49121997 -71.1067813442638 42.4028247224721
10500 3 49205753 -71.115329 42.402157
9240 2 49694530 -71.106172 42.400286
2400 1 49749260 -71.126152 42.403081
9800 4 49804714 -71.120618 42.390348
3400 1 49855656 -71.112114 42.400824
2250 2 49925698 -71.113698 42.415468
2000 1 50124071 -71.129914205711 42.3920476378995
2400 2 50427165 -71.106586 42.398399
2800 2 50473871 -71.1235572045028 42.3921206378995
3750 1 50504003 -71.120602 42.39037
2500 2 50584980 -71.1267659 42.4141967
1800 1 50634836 -71.109576 42.418371
4400 4 50712630 -71.125023 42.403164
2900 2 50730093 -71.115973 42.402576
3000 2 50730566 -71.1148269442443 42.3951106497556
4200 4 50739470 -71.116793 42.404887
3900 3 50783524 -71.110033 42.393204
2600 1 50798056 -71.106586 42.398399
4925 4 51009551 -71.116251 42.392834
4800 4 51011322 -71.116985 42.404081
5300 3 51017660 -71.1260251377312 42.3961546378995
4700 4 51039480 -71.1161128655347 42.4035516497556
5000 3 51099186 -71.119584 42.390304
4500 3 51100038 -71.118228 42.395964
5100 4 51141535 -71.116251 42.392834
3000 3 51145329 -71.119447 42.416312
2800 2 51147872 -71.1127524 42.4004927
2500 2 51156556 -71.106432 42.422637
4800 4 51165987 -71.127775 42.405802
3200 3 51168254 -71.1138926 42.409314
3000 3 51178313 -71.126702 42.414276
3200 2 51178314 -71.12272 42.410717
3000 2 51178319 -71.115412 42.395753
2300 2 51178321 -71.109422 42.392597
3000 3 51178332 -71.130086 42.40556
3800 4 51178333 -71.125023 42.403164
2600 2 51178334 -71.12958 42.408858
4500 2 51189399 -71.128955 42.398281
4500 2 51189400 -71.128915 42.398267
3500 3 51190650 -71.126267 42.391753
2750 2 51207764 -71.1249416 42.3912833
4000 3 51211862 -71.109163 42.398033
4000 2 51213933 -71.130009 42.397989
5400 5 51214108 -71.127775 42.405802
2450 2 51232266 -71.123837 42.416665
1900 0 51232437 -71.106306 42.430192
3000 3 51240381 -71.1282964 42.41323
2600 1 51243206 -71.1278841 42.403042
2950 2 51275635 -71.123179 42.401179
2400 2 51301406 -71.113092 42.414969
4500 3 51308280 -71.120249 42.409618
3000 3 51308281 -71.107557 42.401049
5500 5 51312489 -71.110785 42.405053
1875 0 51315221 -71.124064 42.391326
2950 3 51324522 -71.130086 42.40556
2500 2 51329400 -71.107008 42.392826
2600 2 51329402 -71.127104 42.408286
3300 3 51330409 -71.126502 42.407649
2800 2 51413365 -71.115339 42.395853
3300 3 51436854 -71.1189443 42.4161429
1850 0 51460320 -71.125783 42.395505
2000 0 51463408 -71.124783 42.393611
2800 2 51476645 -71.114712 42.399128
3800 3 51476652 -71.113469 42.393611
3900 3 51476683 -71.12837 42.408338
2300 1 51477255 -71.106764 42.392278
2200 2 51477257 -71.129402 42.4083
2800 2 51477710 -71.1245279228382 42.3974066497556
2100 2 51478800 -71.12065 42.4122671
2950 2 51485175 -71.114439 42.394597
2500 2 51485463 -71.127179 42.408184
3900 2 51488240 -71.1299749 42.4047487
3900 3 51494048 -71.1277848268808 42.4076956497556
2000 1 51494072 -71.125783 42.395505
3295 3 51213511 -71.103814 42.401763
2796 1 46399232 -71.094844 42.405997
2419 0 46399231 -71.094844 42.405997
5650 5 42240965 -71.104187 42.393989
2225 1 38781678 -71.096909 42.394753
2650 2 38781677 -71.096909 42.394753
2232 0 36275659 -71.080116 42.403796
2610 0 31371253 -71.080795 42.394186
2610 0 22915729 -71.080442 42.395356
3600 2 13430583 -71.1050599663191 42.3927426497556
3450 1 13430585 -71.1050599663191 42.3927426497556
4750 3 27004885 -71.1050599663191 42.3927426497556
1750 2 28604541 -71.1020646 42.3989485
2800 0 28794491 -71.1050599663191 42.3927426497556
5500 5 34367443 -71.0983999569693 42.3937456497556
4422 2 40996231 -71.080442 42.395356
4850 3 40996401 -71.080442 42.395356
5500 7 40996417 -71.098985 42.394388
2890 2 45171235 -71.088183 42.394597
3460 2 45171238 -71.088183 42.394597
2650 1 45693475 -71.0805923608845 42.4009647224721
3500 3 45969452 -71.091946 42.39474
1600 0 47151292 -71.0881371629415 42.4231047224721
3500 5 47609505 -71.093672 42.415981
2700 3 48701678 -71.081003 42.4073
8010 3 49204192 -71.090931 42.392737
4080 1 49358951 -71.090931 42.392737
5580 2 49651373 -71.081666 42.407081
2500 2 49826643 -71.089986 42.421843
3500 5 50109220 -71.09367 42.424934
3800 4 50178316 -71.0995 42.396869
2970 4 50251023 -71.093 42.3904
2250 2 50253959 -71.100981 42.393407
4000 4 50496187 -71.0892149838893 42.3908576497556
4000 4 50604831 -71.0994 42.392304
4300 5 50666645 -71.094792 42.395567
3000 3 50671967 -71.098005 42.39725
3600 4 50847780 -71.0995 42.396869
4000 5 50864100 -71.083343 42.421248
3350 4 51039489 -71.103887 42.394388
3700 4 51048750 -71.09367 42.424934
4995 5 51082493 -71.081995 42.41043
1400 1 51094004 -71.100238 42.420804
8000 4 51098157 -71.096438 42.412733
3200 3 51148163 -71.097515 42.418174
3000 2 51157957 -71.087258 42.393551
4000 5 51178310 -71.083343 42.421248
4995 5 51178315 -71.081995 42.41043
4995 5 51178316 -71.081995 42.41043
3195 2 51178323 -71.103708 42.395882
3000 2 51179626 -71.1040673746357 42.3994257224721
3600 3 51192695 -71.0844342813408 42.4098647224721
3400 3 51210183 -71.104616 42.398645
2800 2 51210184 -71.104616 42.398645
2600 1 51210185 -71.104616 42.398645
6650 7 51219156 -71.102381 42.394204
3500 2 51255154 -71.0951739 42.3986573
1600 0 51265007 -71.088698 42.423867
5700 2 51286715 -71.081666 42.407081
6650 7 51293541 -71.102381 42.394204
2700 1 51304431 -71.105043 42.395524
2200 2 51304494 -71.083921 42.426358
3775 2 51306942 -71.094931 42.409194
2700 2 51317790 -71.091112 42.395063
3100 2 51320876 -71.086995 42.396063
3320 0 51479034 -71.080442 42.395356
2400 2 51486666 -71.0977039458012 42.3949436497556
2025 2 51492039 -71.095088 42.392788
2100 2 51494069 -71.094502971884 42.3921456497556
2439 0 51435079 -71.067379 42.271849
2195 0 51452446 -71.065346 42.284406
2345 1 51452378 -71.029902 42.274068
2130 1 51440200 -71.05571 42.284519
1830 0 51440199 -71.05571 42.284519
3950 4 51027239 -71.066183 42.291294
3000 3 48033931 -71.069212 42.297009
2300 2 31958167 -71.073114 42.292315
3300 4 45608239 -71.0618782549068 42.294399577533
650 0 45802886 -71.030349 42.278954
2200 2 47032727 -71.068445 42.292709
3200 4 47032728 -71.068445 42.292709
3360 1 47257730 -71.067379 42.271849
2075 2 47259866 -71.029328 42.270706
2460 0 48560595 -71.067379 42.271849
2920 2 48560596 -71.067363 42.272068
2500 2 48712986 -71.063961 42.28025
3000 4 48862945 -71.054016 42.288284
3300 1 49283134 -71.05955 42.29872
5310 2 49509872 -71.074752 42.28068
5160 2 49520617 -71.053832 42.29255
4170 1 49522183 -71.045926 42.286835
6420 2 49591910 -71.068164 42.288992
3450 1 49597584 -71.068164 42.288992
10470 0 49623835 -71.030242 42.273825
7260 0 49623841 -71.030242 42.273825
6960 0 49623843 -71.030242 42.273825
10470 0 49623866 -71.030242 42.273825
11340 3 49807887 -71.068164 42.288992
2400 2 49826612 -71.058152 42.288414
2700 2 50063695 -71.031113 42.273717
2450 3 50106320 -71.067079 42.288074
3600 3 50310586 -71.066835 42.294315
2695 3 50334608 -71.074268 42.292228
3500 4 50339354 -71.047654 42.288159
2595 3 50381993 -71.074268 42.292228
2800 2 50389615 -71.064545 42.282342
2695 3 50417060 -71.0749862215131 42.2921555775331
2750 3 50432051 -71.0704127 42.295812
2750 3 50432083 -71.0704127 42.295812
2325 1 50496264 -71.031113 42.273717
2650 3 50502768 -71.0723 42.2872
2500 2 50562271 -71.053499 42.283847
2991 1 50619378 -71.02984 42.298924
2800 3 50635858 -71.051758 42.283772
3000 4 50641045 -71.0739192437007 42.2936465775331
8500 2 50752995 -71.072411 42.2735177
2700 3 50765284 -71.068245 42.300416
2300 2 50779510 -71.075013 42.292548
3600 1 50794487 -71.075925 42.291436
2500 1 50825323 -71.0654070950713 42.2836565775331
3250 3 50826325 -71.0738493 42.2881497
4000 4 50829920 -71.069262 42.293071
3000 1 50882787 -71.074743 42.28628
2900 3 50917437 -71.0781256 42.2956792
3934 2 50964753 -71.02984 42.298924
2100 2 50964815 -71.036852 42.268146
3250 3 51057992 -71.0738493 42.2881497
3000 3 51092666 -71.0779397 42.2862813
2500 3 51105755 -71.073049 42.28436
2951 0 51166656 -71.02984 42.298924
2500 2 51171910 -71.0526950883335 42.2832035775331
3250 2 51179609 -71.045813 42.291149
2400 1 51179610 -71.045813 42.291149
2650 3 51192608 -71.074268 42.292228
3600 3 51212016 -71.052033 42.292294
2800 3 51214680 -71.0744462456056 42.293774577533
2630 2 51254625 -71.067379 42.271849
2900 3 51258092 -71.071729 42.281284
3800 4 51264415 -71.051089 42.292185
6173 3 51276270 -71.02984 42.298924
2300 2 51276437 -71.076808146421 42.2871085775331
2850 2 51324520 -71.060729 42.295426
1000 0 51477695 -71.02982 42.270519
2595 3 51480446 -71.0752052141325 42.2916595775331
3250 5 50952924 -71.066941 42.311631
3900 4 50612662 -71.0683246 42.3013632
2500 2 47635371 -71.069458 42.309963
2400 2 51154485 -71.062462 42.321264
3000 4 46526023 -71.070965 42.301091
2600 2 36098650 -71.07624 42.32032
2400 2 51342705 -71.076435 42.320702
2250 3 31844863 -71.0642391 42.310437
2200 3 44736113 -71.076336 42.309958
2450 2 45388351 -71.062843 42.309478
2500 2 46506120 -71.063136 42.30919
2700 3 47842490 -71.059555 42.32238
3650 2 48892069 -71.060288 42.309538
9120 2 49241416 -71.056069 42.313406
8760 2 49243102 -71.056304 42.313442
10320 2 49243115 -71.056304 42.313442
7950 2 49312369 -71.073057 42.316376
8730 1 49476089 -71.056304 42.313442
7230 1 49481067 -71.056304 42.313442
3750 1 49489182 -71.061465 42.313913
2100 3 49537994 -71.062489 42.321351
2400 3 49814524 -71.072965 42.304808
2395 2 49815828 -71.056864 42.303582
3140 3 50368168 -71.060662 42.319077
3300 3 50393528 -71.071317 42.321904
3200 4 50472841 -71.075982 42.321518
3200 3 50593684 -71.077246620314 42.318937577533
2800 3 50621263 -71.064035 42.310543
3000 4 50642384 -71.064035 42.310543
2990 1 50734951 -71.06354 42.31229
2500 2 50740221 -71.074587 42.313512
18000 3 50744595 -71.06354 42.31229
9750 3 50822941 -71.062212 42.314412
3000 3 50864094 -71.064118 42.310933
3200 3 50952525 -71.056069 42.322843
2500 3 50962184 -71.063535 42.30585
2500 3 50962982 -71.063301 42.305933
2850 3 50970179 -71.069035 42.301749
8010 2 51019398 -71.058569 42.318543
2700 2 51060675 -71.063124 42.315765
2400 2 51090524 -71.071853 42.308059
3000 3 51110092 -71.0638764060149 42.304550577533
4850 4 51141533 -71.058356 42.317269
3500 3 51151851 -71.0579714 42.3171303
3100 3 51189396 -71.076114 42.320701
3350 4 51199047 -71.0640166397006 42.3202385775331
11700 4 51261415 -71.077235 42.304092
3000 3 51269350 -71.058373 42.317868
3350 4 51309474 -71.063756 42.303119
3150 3 51309478 -71.063756 42.303119
2395 2 51311557 -71.056864 42.303582
2200 2 51330742 -71.062504 42.306048
2400 3 51345247 -71.07224 42.304422
1500 1 51345257 -71.053845 42.313284
3000 2 51345278 -71.054356 42.316269
3000 3 51459795 -71.078917 42.309205
3350 4 51477726 -71.0638986389257 42.3201865775331
3000 3 51491327 -71.075479 42.309622
680 4 50745996 -71.0728749 42.3240591
3600 1 51230909 -71.056921 42.343381
2775 0 49500425 -71.056921 42.343381
5400 4 49215704 -71.0542786 42.3294981
2765 0 32489209 -71.062692 42.343617
3040 1 32489215 -71.062692 42.343617
3230 1 26405791 -71.068059 42.340127
3200 4 51229846 -71.073708 42.323229
3100 2 40500103 -71.064678 42.343779
1259 1 45649314 -71.05662 42.34255
7041 1 45649319 -71.06593 42.34517
6320 2 45649321 -71.06593 42.34517
2349 1 45649325 -71.07644 42.34447
2349 1 45649328 -71.07647 42.34453
2349 1 45649336 -71.07639 42.34454
2349 1 45649350 -71.07645 42.3445
3870 1 45649353 -71.07301 42.34291
2070 1 45813520 -71.07644 42.34447
1980 1 45813540 -71.07636 42.34448
3975 4 46479388 -71.063941 42.343217
3050 1 47257728 -71.071965 42.337289
2680 1 47264182 -71.071965 42.337289
3200 3 47620147 -71.069588 42.32336
4100 1 47812527 -71.068622 42.338332
2950 0 47946560 -71.064173 42.345127
3320 0 48059602 -71.062729 42.345113
2810 1 48560593 -71.068622 42.338332
3060 0 48560604 -71.068622 42.338332
3870 3 48767552 -71.0761 42.3344
2520 0 48912789 -71.060954 42.32532
2395 2 49117290 -71.054134 42.334364
8010 1 49251530 -71.07457 42.343293
3000 1 49299457 -71.077025 42.339408
7980 4 49617711 -71.059208 42.323479
9960 1 49689496 -71.069992 42.344066
2900 1 49860601 -71.055951 42.341601
5000 1 49973706 -71.070929946913 42.3408435775331
3975 4 49984111 -71.0639584 42.343169
3700 2 50144332 -71.074738 42.345317
3400 3 50381975 -71.057507 42.329913
4600 4 50400164 -71.057507 42.330722
7456 3 50539007 -71.064173 42.345127
3090 0 50539621 -71.062534 42.344205
6630 3 50611463 -71.064173 42.345127
3708 1 50611641 -71.0651110023365 42.344558577533
3800 2 50651289 -71.074624 42.336227
3467 0 50693994 -71.0651110023365 42.344558577533
6200 3 50699660 -71.07789 42.342438
3200 3 50773265 -71.056272 42.331364
3900 2 50889136 -71.054166 42.335736
7000 3 51022585 -71.0722244 42.3425523
3200 1 51086203 -71.0756038 42.3378218
4600 3 51089927 -71.078411 42.334573
4680 2 51137201 -71.054696 42.329488
5750 2 51137670 -71.066023 42.343406
3425 1 51156586 -71.0767988648935 42.335344577533
2500 0 51157794 -71.074108 42.343558
2800 2 51163096 -71.068504 42.325313
3000 2 51179613 -71.057311 42.323366
3822 4 51188780 -71.056311 42.331175
4500 2 51204200 -71.065597 42.34315
6000 2 51204227 -71.0753348678165 42.3355405775331
5200 3 51207075 -71.078271 42.334573
3600 2 51207076 -71.078271 42.334573
2800 0 51207077 -71.078271 42.334573
5500 2 51208231 -71.064173 42.345127
2500 2 51234218 -71.07257 42.339913
8970 1 51241939 -71.079005 42.344755
3150 3 51261709 -71.078229 42.326896
5000 2 51276471 -71.0711899645012 42.3420225775331
3200 1 51329178 -71.075509 42.337854
4750 3 51341491 -71.075812 42.337789
4300 2 51344196 -71.066327 42.341743
2800 1 51345234 -71.056329 42.334903
3750 2 51444705 -71.054696 42.329488
5000 3 51457657 -71.065793 42.34215
3750 2 51477714 -71.074309 42.339175
4800 3 51483038 -71.065793 42.34215
2605 1 51419918 -71.040265 42.316906
4200 2 40025281 -71.048961 42.340109
2500 1 39004030 -71.0395579 42.3191719
2600 1 35001591 -71.043565 42.330957
2735 0 35001582 -71.048995 42.34062
4448 1 40872269 -71.048995 42.34062
3400 1 44738897 -71.048995 42.34062
3400 1 44851703 -71.048995 42.34062
1082 1 45649315 -71.04498 42.33573
3885 0 46959960 -71.0459 42.3348
2840 2 47257724 -71.051666 42.335627
6184 2 47297165 -71.0459 42.3348
3400 2 47620145 -71.043498 42.330431
2900 1 47623984 -71.043498 42.330431
2910 1 48880265 -71.041465 42.317284
2600 1 48930200 -71.027911 42.336508
14790 2 49230145 -71.038627 42.336975
11820 2 49237625 -71.05291 42.333684
6720 2 49497711 -71.049579 42.339719
11070 2 49731166 -71.052168 42.342084
2600 2 49794889 -71.034419 42.331341
4000 4 49910009 -71.0413568 42.3343444
3900 3 50019476 -71.0470143 42.3311533
5700 5 50144327 -71.050417 42.340695
3000 2 50284709 -71.037045 42.336061
3800 2 50318010 -71.046232 42.338565
3800 4 50339576 -71.030389 42.337254
5250 5 50413763 -71.0380348091531 42.3316065775331
3960 4 50446574 -71.041339 42.334356
5750 3 50470972 -71.0417358156541 42.3320425775331
4200 3 50515529 -71.032376 42.332492
3600 2 50521078 -71.0499414 42.3356913
5000 3 50582443 -71.03846 42.331275
2550 1 50618722 -71.049156 42.338933
4400 4 50678255 -71.041339 42.334356
3800 3 50718506 -71.048112 42.333523
3400 2 50746923 -71.040623 42.336487
2800 2 50746927 -71.050621 42.334573
4000 2 50750005 -71.039786 42.335745
3500 1 50750010 -71.039786 42.335745
3900 3 50754420 -71.029485 42.337657
6000 2 50794887 -71.04827 42.339137
13620 3 50804004 -71.038708 42.338275
3300 2 50882504 -71.040874 42.336778
3600 2 50890181 -71.042308 42.331219
3960 3 50916898 -71.041339 42.334356
3960 3 50954985 -71.0422768416745 42.3337875775331
6500 6 51013872 -71.034984 42.337249
4100 2 51032590 -71.0375488 42.336331
4472 1 51160598 -71.0459 42.3348
4800 2 51180961 -71.051134 42.341066
5834 5 51188781 -71.042358 42.332112
4800 4 51214624 -71.029119 42.337809
3510 1 51234130 -71.043995 42.344354
3200 2 51247071 -71.030759 42.332523
3000 2 51264440 -71.0479117934081 42.3305505775331
6660 1 51277732 -71.045892 42.33121
5684 2 51305442 -71.0459 42.3348
4526 1 51306478 -71.0459 42.3348
3732 0 51307063 -71.0459 42.3348
4654 1 51307380 -71.0459 42.3348
5370 3 51321974 -71.045035 42.337778
2800 1 51328685 -71.030759 42.332523
3615 1 51329136 -71.045482 42.343581
3025 1 51329163 -71.043543 42.330556
2900 1 51332307 -71.053255 42.33216
3791 1 51333292 -71.043882 42.3445
2700 1 51413339 -71.0432457886073 42.330228577533
4800 3 51444703 -71.035133 42.334327
1987 0 51415308 -71.020318 42.278538
3600 4 47316494 -71.021564 42.265578
1800 1 47377940 -71.026267 42.278482
1650 1 49831460 -71.015508 42.274893
2500 2 49982450 -71.016868 42.260492
3300 4 50041309 -71.014011 42.277052
2900 3 50480509 -71.02068 42.274387
2155 1 50504001 -71.018922 42.279434
2400 2 50848213 -71.008305 42.256802
3500 3 50907523 -71.0123047358014 42.2599280662945
3500 3 50914053 -71.011277 42.25945
3595 2 50932712 -71.027001 42.298548
2395 3 50990082 -71.019991 42.263942
2200 2 51111471 -71.023602 42.267397
2500 2 51283019 -71.0250605 42.2798287
1999 1 51486671 -71.006668 42.258272
5900 2 50915071 -71.0770063 42.350831
6500 4 50669943 -71.069048 42.358073
5070 2 51280550 -71.078729 42.365824
3024 0 46753016 -71.078353 42.367627
5999 3 46753036 -71.078353 42.367627
3224 0 46753017 -71.078353 42.367627
4574 2 46753030 -71.078353 42.367627
3753 1 49116404 -71.078652 42.366311
4484 2 49116406 -71.078652 42.366311
3720 0 22917430 -71.07924 42.348555
2740 0 64802 -71.068278 42.364334
2585 0 17810853 -71.068661 42.364386
2900 1 36667066 -71.0785151 42.3540398
2600 0 36667110 -71.0785151 42.3540398
2550 0 36678048 -71.0785151 42.3540398
3500 1 36678586 -71.0785151 42.3540398
2150 0 37153928 -71.0785151 42.3540398
5100 2 40778961 -71.068136 42.364504
2900 0 44336509 -71.077349 42.350733
5200 4 45522098 -71.0715390511448 42.3478295775331
3622 1 45649313 -71.07072 42.35849
1740 1 45813518 -71.07194 42.34842
3360 1 47871289 -71.068854 42.365162
2450 1 48649806 -71.0733489 42.3549621
2300 0 48677647 -71.074225 42.354769
4230 1 48892071 -71.069458 42.349803
4230 1 49180228 -71.069458 42.349803
7290 1 49230665 -71.069881 42.34842
5400 1 49230669 -71.070479 42.348406
5430 1 49230671 -71.069818 42.34842
5280 1 49230673 -71.069927 42.348412
5580 0 49230680 -71.069597 42.348582
4950 0 49230687 -71.069818 42.34842
5250 1 49230692 -71.069597 42.348582
6540 0 49230694 -71.069927 42.348412
4920 1 49309284 -71.070188 42.34842
6090 1 49419264 -71.069739 42.34842
7350 1 49419267 -71.069739 42.34842
5730 1 49419274 -71.069739 42.34842
2600 1 49458818 -71.067975 42.349079
4000 1 49479836 -71.068573 42.360493
8820 1 49581252 -71.079202 42.353318
8940 1 49654932 -71.071852 42.346317
7260 1 49712596 -71.069818 42.34842
9180 1 49732688 -71.067042 42.361062
4000 1 49827255 -71.0694832272712 42.3596285775331
6500 3 50092140 -71.0732458 42.3549779
2950 1 50106328 -71.067519 42.365245
35700 2 50200769 -71.07808 42.35096
25860 1 50200770 -71.0709 42.34591
3000 1 50525851 -71.075383 42.352214
3200 1 50560101 -71.075487 42.35435
2950 1 50564881 -71.0688353 42.3599411
3600 2 50564912 -71.0688353 42.3599411
3800 2 50622559 -71.0688353 42.3599411
3700 2 50623646 -71.067519 42.365245
8500 2 50626563 -71.069294 42.356366
7830 1 50654950 -71.069597 42.348582
4500 1 50665208 -71.0773882 42.3506554
3800 2 50692347 -71.068762 42.359913
5205 1 50699550 -71.073929 42.348755
3350 1 50740174 -71.0760201089612 42.3517035775331
4800 2 50788240 -71.0683254 42.3498145
33870 2 50843248 -71.070235 42.358439
6950 2 50958979 -71.073929 42.348755
6425 2 50964767 -71.069458 42.349803
4215 1 50964784 -71.069458 42.349803
4250 2 51032250 -71.079057 42.367735
3475 2 51121009 -71.0766465 42.3457112
3500 2 51178292 -71.076929 42.345903
5000 2 51180616 -71.0730876 42.3549939
2345 1 51211493 -71.068818 42.360046
8100 1 51233704 -71.06784 42.351474
4200 2 51276445 -71.075031031522 42.346514577533
3000 0 51293539 -71.069762 42.360027
3755 0 51304196 -71.073929 42.348755
6800 2 51311380 -71.073536 42.3456258
2190 1 51314586 -71.069927 42.359834
4200 2 51444577 -71.074013 42.3470886
2750 1 51457687 -71.067954 42.359172
3100 2 51457794 -71.067954 42.359172
2500 1 51486643 -71.068916 42.360392
2150 0 41779396 -71.064394 42.351988
3220 0 22915539 -71.063961 42.351344
4265 2 22915532 -71.063961 42.351344
3245 0 16557466 -71.062103 42.351972
3275 1 16557471 -71.062103 42.351972
2530 0 39693365 -71.064394 42.351988
3460 1 39791156 -71.059208 42.35214
3453 1 45649318 -71.0608 42.35209
3606 1 45649320 -71.06083 42.35224
1650 1 45649322 -71.06426 42.35226
1200 1 45649360 -71.06462 42.35145
2130 1 45649374 -71.06203 42.35521
3699 0 46998233 -71.060346 42.349412
3989 1 48383059 -71.060346 42.349412
3450 1 48657448 -71.059208 42.35214
3610 1 48657450 -71.059208 42.35214
6500 2 48942612 -71.062843 42.353089
3490 1 49014817 -71.063961 42.351344
7020 1 49225900 -71.06201 42.351514
8580 1 49417771 -71.054484 42.354699
8430 1 49417772 -71.060416 42.355302
7800 1 49417774 -71.058527 42.352172
7920 1 49417781 -71.057373 42.355213
7920 1 49417782 -71.056575 42.351288
7770 1 49417783 -71.060245 42.354699
31470 4 49417789 -71.059907 42.355439
9150 1 49417791 -71.057516 42.355285
7800 1 49417792 -71.061301 42.355069
26400 4 49417794 -71.062739 42.353532
10380 1 49417797 -71.059093 42.352283
29220 4 49417799 -71.065686 42.355908
10140 1 49417802 -71.062227 42.355626
8940 1 49417806 -71.061212 42.356207
30870 4 49417817 -71.062198 42.35441
28710 4 49417877 -71.061035 42.354004
12450 2 49417878 -71.062419 42.355977
9660 1 49417880 -71.05665 42.351168
11250 1 49417882 -71.055555 42.353651
11490 2 49417890 -71.063634 42.354103
8910 1 49417896 -71.057679 42.356048
9060 1 49417897 -71.063216 42.355183
10140 1 49417898 -71.056775 42.35327
8700 1 49417908 -71.059688 42.355564
8910 1 49459914 -71.057451 42.355367
7920 1 49459925 -71.061756 42.354564
6270 1 49496148 -71.062183 42.355056
8910 1 49501609 -71.056499 42.354229
8520 1 49505446 -71.063083 42.356214
6150 1 49506414 -71.062183 42.355056
6480 0 49506425 -71.062183 42.355056
6810 0 49506445 -71.062183 42.355056
6150 1 49506449 -71.062183 42.355056
7260 1 49506452 -71.062183 42.355056
6150 0 49506463 -71.062183 42.355056
5760 0 49506464 -71.062183 42.355056
15540 2 49687225 -71.060954 42.35535
7620 0 49712406 -71.062183 42.355056
6270 1 49712426 -71.062183 42.355056
5000 1 49999956 -71.0639530373863 42.3469075775331
4000 2 50030210 -71.063035 42.351466
3900 2 50496200 -71.063359 42.348695
8750 3 50569514 -71.061961 42.353439
3707 0 50611316 -71.062892 42.351545
5365 2 50612035 -71.060346 42.349412
3977 1 50722072 -71.062892 42.351545
3000 1 50730163 -71.0609 42.355528
3699 1 50762668 -71.059208 42.35214
3129 0 50762669 -71.059208 42.35214
4400 1 50956451 -71.062778 42.353458
3520 1 51043305 -71.059208 42.35214
3750 1 51043306 -71.059208 42.35214
14000 3 51088361 -71.0657809 42.3459644
5493 2 51091197 -71.0638300981104 42.3509765775331
5200 2 51098142 -71.065611 42.34662
8730 3 51223109 -71.058964 42.355567
11130 2 51239324 -71.059427 42.354478
25950 3 51239329 -71.058708 42.355701
23910 3 51239335 -71.060239 42.354702
29670 4 51239337 -71.057782 42.354814
11970 2 51241487 -71.062692 42.35361
7950 0 51284071 -71.064559 42.351449
12900 3 51289852 -71.059529 42.355793
2900 1 51315018 -71.063862 42.352155
4200 2 51324777 -71.0609 42.355528
2950 1 51333573 -71.063822 42.353699
4400 1 51442338 -71.0629452 42.3533328
2750 1 51462126 -71.063656 42.352172
4320 1 51479029 -71.059208 42.35214
4510 1 51479030 -71.059208 42.35214
2600 1 50040276 -71.062489 42.358671
2700 1 33535296 -71.065535 42.365627
2710 0 29673534 -71.065368 42.367606
3050 1 29673542 -71.065368 42.367606
2705 0 22918654 -71.063379 42.366063
3055 1 22918662 -71.063379 42.366063
2746 0 16557571 -71.060562 42.365162
2345 0 64800 -71.063958 42.362819
3970 2 254133 -71.063958 42.362819
3030 1 37197276 -71.061656 42.365661
3600 1 37240023 -71.061656 42.365661
3340 1 37923984 -71.061656 42.365661
2870 0 37923985 -71.061656 42.365661
3500 1 38987087 -71.061656 42.365661
3590 1 43146649 -71.061656 42.365661
1836 1 45649324 -71.06355 42.36017
3738 1 45649363 -71.06271 42.35844
4572 0 45649364 -71.06271 42.35844
2070 1 45813523 -71.06346 42.36017
3435 1 45813542 -71.06423 42.35974
12720 1 45903312 -71.06346 42.36017
2985 1 47167617 -71.06369 42.362765
3800 1 48349004 -71.060562 42.365162
25020 3 49417810 -71.063415 42.357344
30360 4 49417899 -71.061518 42.360479
8910 1 49417909 -71.061611 42.357922
10140 0 49474090 -71.064173 42.359745
9720 1 49475781 -71.064173 42.359745
10620 1 49476289 -71.064173 42.359745
9090 2 49520565 -71.063972 42.360519
8430 2 49581862 -71.063183 42.360689
3420 0 50015898 -71.063379 42.366063
3700 0 50267541 -71.0652392291974 42.3597575775331
4470 2 50396716 -71.061327 42.36448
3933 1 50612094 -71.061656 42.365661
3094 0 50612105 -71.061656 42.365661
15000 1 50774785 -71.06345 42.36577
4195 1 50909273 -71.0599383109456 42.3652315775331
7500 2 50912061 -71.06014 42.36654
5437 2 51098136 -71.061656 42.365661
9500 3 51153503 -71.0629 42.357725
24780 3 51239323 -71.064038 42.359453
12150 2 51239325 -71.060597 42.356769
31440 3 51239331 -71.06305 42.359531
11880 2 51239336 -71.060524 42.35749
3800 1 51289853 -71.06014 42.36654
3800 1 51298444 -71.066173 42.363873
4200 2 51321973 -71.061656 42.365661
4160 2 51321980 -71.06343 42.359532
4160 2 51321981 -71.06343 42.359532
4150 2 51321982 -71.06343 42.359532
4200 2 51321983 -71.06343 42.359532
4420 1 51444529 -71.063379 42.366063
4390 2 51479036 -71.060562 42.365162
5550 1 51487267 -71.062489 42.358671
2990 0 51422421 -71.059864 42.3654
3465 1 31062319 -71.054193 42.35914
4200 2 31062335 -71.054193 42.35914
2780 2 47265237 -71.054403 42.367429
3010 2 47291708 -71.054403 42.367429
2800 1 47618730 -71.054672 42.365478
3750 1 48984828 -71.054193 42.35914
3700 1 49117270 -71.054389 42.358172
10740 1 49401196 -71.054146 42.366311
8460 1 49417809 -71.055329 42.357171
10920 2 49417886 -71.054165 42.358646
5000 4 50156050 -71.0553517 42.365719
8000 4 50226697 -71.0543552903048 42.3638495775331
4050 1 50403022 -71.0553018 42.3637344
3900 3 50564982 -71.0559285 42.3649735
2550 2 50582433 -71.0562793103332 42.365190577533
3250 3 50605669 -71.054672 42.365478
7000 4 50612260 -71.0537662946061 42.3641375775331
4950 2 50777413 -71.0551778 42.3634415
4450 2 50777426 -71.0551778 42.3634415
3800 1 50777455 -71.0553018 42.3637344
4900 4 50796928 -71.055373 42.365706
8790 1 50914835 -71.059134 42.363883
3900 3 50995482 -71.056907 42.366139
4550 1 51019331 -71.0553018 42.3637344
4997 2 51068821 -71.0585211987978 42.357721577533
5200 5 51105493 -71.055417 42.364689
2400 2 51144252 -71.059373 42.358056
2800 3 51145780 -71.059373 42.358056
3100 1 51150542 -71.056949 42.364945
9000 3 51159230 -71.056455 42.366462
35970 4 51173093 -71.05756 42.36645
21030 2 51173094 -71.05756 42.36645
6595 2 51179560 -71.059 42.3658
6962 3 51179566 -71.059 42.3658
5000 4 51256223 -71.055417 42.364689
8010 1 51268355 -71.054055 42.358189
10140 2 51268360 -71.054275 42.356978
3100 3 51295797 -71.0568107 42.3649758
3500 1 51304471 -71.0567522946061 42.3641375775331
3700 2 51309471 -71.053949 42.362856
3000 2 51314329 -71.056949 42.364945
3200 3 51318811 -71.0578872981756 42.3643765775331
3885 1 51345106 -71.0585211987978 42.357721577533
7145 2 51405937 -71.059 42.3658
2950 3 51483547 -71.056864 42.364692
3457 1 51420459 -71.067748 42.375552
3010 0 49320942 -71.075289 42.372467
2377 0 46786369 -71.073163 42.370069
3032 0 49115957 -71.074606 42.368073
3047 1 49115962 -71.074606 42.368073
3265 1 39433173 -71.07389 42.370468
2625 0 39433096 -71.07389 42.370468
3048 0 5464804 -71.077709 42.384669
2781 1 5464805 -71.077709 42.384669
4900 2 13430570 -71.0706695369642 42.3720226378995
3500 0 28794489 -71.0706695369642 42.3720226378995
2100 0 48265263 -71.058758 42.37412
2940 1 48697887 -71.07857 42.372826
2600 1 49151363 -71.077676 42.371863
7680 1 49389353 -71.062035 42.374179
9750 1 49638009 -71.062373 42.378838
5970 3 49678252 -71.077764 42.385958
21990 5 49730604 -71.07924 42.38315
3300 1 49827282 -71.0787125904293 42.3687886378995
3400 3 50404713 -71.0629 42.38011
4007 1 51146656 -71.0706695369642 42.3720226378995
3150 2 51208099 -71.061756 42.377651
5200 2 51264406 -71.075038 42.369543
3900 2 51278812 -71.0777331 42.3718237
9720 3 51295382 -71.078108 42.371408
2100 1 51460317 -71.061573 42.378902
3950 2 51477716 -71.074082 42.370991
3860 1 51479027 -71.074931 42.370757
3930 1 51479028 -71.07389 42.370468
3108 0 51430984 -71.042079 42.348398
3340 0 51423421 -71.04609 42.353146
3102 0 51423409 -71.045738 42.352532
2995 0 46732013 -71.046698 42.348982
3000 0 43459195 -71.044412 42.351135
2979 0 40268765 -71.0447 42.3492
2799 0 12513818 -71.047646 42.349582
3130 0 16555753 -71.048628 42.348768
3659 1 36886440 -71.043694 42.351563
3500 1 38154941 -71.0504837036133 42.3576699
3130 1 39088609 -71.049782 42.365219
26850 3 45649316 -71.05266 42.36428
4531 1 45649317 -71.04305 42.35151
4320 1 45649335 -71.05266 42.36428
3720 1 45649370 -71.04025 42.36583
5010 1 45813514 -71.0533 42.35912
3850 1 47523483 -71.043031 42.349263
2898 0 47582066 -71.046302 42.352285
2857 0 47638478 -71.045439 42.353725
3880 1 47946561 -71.043138 42.351472
2500 1 47961021 -71.030228 42.364245
2900 2 47961076 -71.030228 42.364245
21870 3 49560193 -71.052688 42.36428
6210 1 49684747 -71.052613 42.364252
2750 2 49824061 -71.030969 42.365245
6000 4 49910190 -71.0526651 42.3626218
1600 1 49954457 -71.0527980700135 42.3618763138285
5424 2 50438125 -71.046259 42.351591
4500 1 50506654 -71.052636 42.357229
3000 2 50524754 -71.0319073026563 42.3646765775331
4996 2 50612309 -71.043138 42.351472
3240 0 50675500 -71.047197098797 42.3510225775331
6000 5 50784006 -71.035036 42.366063
4200 3 50784008 -71.035036 42.366063
2350 0 51038775 -71.0373613382349 42.3670585775331
3533 1 51039426 -71.0390920447579 42.347401577533
4162 1 51141414 -71.047197098797 42.3510225775331
2600 1 51159245 -71.049654 42.366641
3193 0 51162843 -71.043138 42.351472
3787 1 51162844 -71.043138 42.351472
2700 1 51179669 -71.036194 42.366748
4500 3 51179670 -71.036194 42.366748
10230 2 51268345 -71.049347 42.359207
10380 2 51268384 -71.050907 42.360001
6300 1 51320822 -71.052089 42.363504
4065 2 51443614 -71.0390920447579 42.347401577533
3500 2 51443665 -71.0531752651704 42.3621665775331
4200 2 51475764 -71.035036 42.366063
2750 3 50478320 -71.031748 42.38232
2475 1 47771669 -71.031686 42.376214
1800 2 45052930 -71.040776 42.371468
2100 1 41802415 -71.037133 42.371544
2748 0 40258453 -71.049491 42.378297
2476 1 40258454 -71.049491 42.378297
2337 1 40258465 -71.049491 42.378297
2800 3 44698013 -71.031592 42.377368
4200 4 45053066 -71.040712 42.371682
2350 1 45391143 -71.03367 42.370508
3400 3 45701902 -71.036592 42.371494
2000 1 46550464 -71.033269 42.37027
3900 2 47611624 -71.030437 42.377316
3525 3 47611625 -71.039592 42.373679
3000 2 47611633 -71.033391 42.369532
3000 3 47611634 -71.033391 42.369532
4800 3 47611637 -71.030437 42.377316
1800 1 48161885 -71.039419 42.389095
1950 1 48712526 -71.02962 42.379705
5430 2 49354679 -71.040079 42.388919
6690 1 49599813 -71.0345 42.367994
2495 1 50027783 -71.0325 42.370782
3180 2 50249524 -71.033053 42.370552
3500 2 50485947 -71.036357 42.368767
3295 4 50488057 -71.03467 42.382138
3150 2 50586982 -71.037146 42.378559
3600 3 50586986 -71.037146 42.378559
3600 3 50605675 -71.03867 42.377644
3100 2 50605727 -71.03867 42.377644
2400 2 50612180 -71.030875494402 42.3775105775331
3900 4 50712608 -71.035792 42.371738
2300 2 50720036 -71.033053 42.370552
3000 3 50727442 -71.035203 42.374705
2400 2 50733482 -71.032324 42.378252
3250 3 50864095 -71.033324 42.377587
3895 4 50864096 -71.033324 42.377587
4200 4 50884618 -71.035534 42.377494
3150 2 50916891 -71.037146 42.378559
3150 2 50916892 -71.037146 42.378559
3150 2 50916894 -71.037146 42.378559
3600 3 50916897 -71.037146 42.378559
2500 2 51064804 -71.0473977 42.3880039
3350 2 51110104 -71.035357 42.376832
2500 1 51110105 -71.035357 42.376832
3100 2 51166692 -71.03438344942 42.3745005775331
5000 4 51179665 -71.035692 42.374249
4200 3 51179667 -71.035692 42.374249
3600 2 51179668 -71.035692 42.374249
4000 2 51195837 -71.035166 42.380428
3500 2 51197779 -71.035078 42.380419
2850 1 51242779 -71.035036 42.377991
1600 1 51344789 -71.032984 42.377713
3295 4 51406020 -71.03467 42.382138
2700 1 51439640 -71.050607 42.377769
4400 3 51488266 -71.03093 42.378888
3150 2 51488267 -71.038716 42.378194
2750 1 51453398 -71.063083 42.425776
2100 2 50948591 -71.063818 42.421302
2400 2 50899616 -71.0616856 42.4251539
3400 4 50917453 -71.060497 42.432591
2220 0 50248858 -71.071219 42.427093
2895 1 51162624 -71.072891 42.428121
1950 2 51458426 -71.066136 42.431286
2365 0 29849317 -71.076309 42.412065
2885 1 22915461 -71.078353 42.394794
2725 1 22915453 -71.078353 42.394794
2537 0 22216651 -71.075509 42.40913
2982 2 22216659 -71.075509 42.40913
2726 1 22216656 -71.075509 42.40913
1941 0 22216649 -71.075509 42.40913
1981 1 22216650 -71.075509 42.40913
2842 1 22216597 -71.077794 42.405503
2160 0 64013 -71.074132 42.427872
2485 1 64015 -71.074132 42.427872
3960 1 39236566 -71.078173 42.393915
3290 1 39690058 -71.078173 42.393915
3140 1 39690060 -71.078173 42.393915
1350 1 42694438 -71.0633265 42.4127638
8670 2 49247758 -71.069041 42.427846
5400 1 49248037 -71.067664 42.430699
7920 1 49354007 -71.06343 42.420137
4800 2 49465161 -71.058113 42.409599
6000 2 49506554 -71.069059 42.417493
11250 3 49606444 -71.077288 42.43318
8970 3 49730787 -71.062393 42.410768
12000 1 50200764 -71.0738 42.43398
1850 1 50246993 -71.0556997 42.4197355
2250 1 50284892 -71.059544 42.403233
11400 2 50363430 -71.060283 42.401483
2695 3 50381992 -71.053607 42.411709
2400 2 50593682 -71.064327 42.40936
3021 0 50633562 -71.0627711733819 42.4010496700587
2500 4 50674720 -71.064916 42.404378
3250 2 50779828 -71.0610967 42.4119288
7800 1 50800201 -71.063415 42.400522
8970 3 50894568 -71.061006 42.408503
2500 2 51004890 -71.059288 42.412013
10500 2 51043735 -71.061489 42.403346
1900 1 51064660 -71.055472 42.405049
2500 2 51079430 -71.065407 42.431452
1100 1 51150763 -71.054222 42.412768
1600 0 51265006 -71.070452 42.427843
2439 1 51276264 -71.063611 42.400257
2850 3 51285625 -71.053607 42.411709
2600 1 51296996 -71.0626217 42.4010757
2500 2 51345324 -71.057288 42.408049
1850 2 51346068 -71.064897 42.404164
3500 4 51413391 -71.057288 42.408049
1950 2 51414487 -71.0594151 42.4065994
4050 2 51444549 -71.078353 42.394794
2895 2 51444660 -71.0603 42.4296
2850 3 51459792 -71.053636 42.411774
3200 3 51475803 -71.078025 42.43333
1500 0 51477153 -71.059018 42.403997
3200 4 51477154 -71.078652 42.43327
3770 1 51488409 -71.078353 42.394794
1800 1 51494950 -71.0565916 42.4237348
2700 2 51476221 -71.033786 42.399362
2100 0 51231454 -71.051366 42.411643
3300 3 46783168 -71.046012 42.405954
1650 0 42477626 -71.033592 42.394806
1450 0 42477527 -71.034769 42.393085
1450 0 43350644 -71.034679 42.39331
2550 1 41445290 -71.036778 42.39045
2500 2 44806329 -71.041759 42.422885
2400 3 48217486 -71.043265 42.408118
1800 1 48459374 -71.041579 42.433665
2500 3 49011208 -71.037389 42.39225
2750 3 49135090 -71.039957 42.431875
1650 1 49184577 -71.030409 42.408635
2250 1 49276017 -71.029894 42.396567
4740 1 49481515 -71.036393 42.405149
7560 3 49502958 -71.045339 42.417981
5460 1 49528150 -71.051832 42.417996
12000 6 49602986 -71.050618 42.407118
4710 1 49706259 -71.032647 42.396116
9000 3 49706871 -71.050417 42.405858
3780 1 50221196 -71.042026 42.413071
2750 3 50488063 -71.02786 42.397302
2200 2 50542885 -71.028674 42.430088
2698 1 50603925 -71.0443531565571 42.4023066700587
2200 2 50722081 -71.033852 42.394399
19380 2 50834254 -71.030664 42.392243
11340 1 50876086 -71.047437 42.401559
2950 3 50909343 -71.050249 42.406389
2850 3 51033408 -71.04466 42.43227
10800 1 51056504 -71.04165 42.39887
1895 1 51110084 -71.0435951026488 42.4063336700587
2800 3 51110094 -71.0387350669805 42.4089976700587
3233 1 51160423 -71.048112 42.403184
2200 2 51213936 -71.037154 42.413512
2500 3 51214080 -71.049193 42.414312
6437 3 51304345 -71.0443531565571 42.4023066700587
2350 2 51344886 -71.042882 42.42728
4000 3 51413421 -71.0366634 42.4009402
3400 4 51444427 -71.034213 42.39757
2600 3 51494943 -71.0440049 42.4057665
2326 1 51415331 -71.022537 42.402763
2100 2 45052914 -71.0200613 42.3695431
2450 1 50108093 -70.991297 42.403053
2450 1 49737022 -70.987399 42.374679
1975 2 44999260 -70.990093 42.399505
1800 1 48937619 -71.013778 42.408257
2114 0 32927518 -70.989898 42.415774
3250 1 48704425 -71.009878 42.385428
3350 2 48709599 -71.009878 42.385428
3100 3 49077720 -71.013547 42.424129
12300 1 49170215 -71.01104 42.42282
36180 2 49170218 -71.01085 42.42292
4860 2 49393522 -70.98372 42.394631
3570 2 49461265 -70.989019 42.396505
8850 4 49473835 -70.992756 42.406587
10680 2 49559781 -71.005518 42.388695
6720 2 49596469 -70.986752 42.368578
3720 2 49600508 -71.012009 42.418903
5550 1 49629905 -70.989399 42.398243
5760 2 49634265 -70.993515 42.419029
5760 2 49672188 -71.019843 42.411468
3480 1 49706239 -71.00964 42.415312
2650 3 49852331 -70.986653 42.393488
3200 2 50137553 -70.9799937709079 42.4277312552488
8610 2 50151098 -70.98579 42.420774
2750 2 50483501 -70.991358 42.417889
3000 2 50554625 -70.991818 42.410733
2400 2 50562711 -70.987411 42.39792
2556 1 50604463 -70.995076 42.400122
3718 2 50604473 -70.995076 42.400122
2200 1 50668527 -70.984136 42.396888
2500 2 50694027 -71.002272 42.404587
2850 3 50778248 -71.005722 42.389253
1999 1 50783898 -71.026015 42.398868
2150 1 50788231 -70.995449 42.406464
2495 3 50798071 -70.9961300918146 42.4060712552488
9030 2 50838211 -70.986902 42.419389
5430 3 50839350 -71.027544 42.396348
9000 3 50839952 -70.994832 42.416389
3000 2 50848212 -70.989253 42.379617
2100 1 50931170 -70.9925918 42.4047213
6570 3 51071104 -71.022644 42.391199
2950 3 51141426 -70.9845718435652 42.4228292552488
4800 2 51220168 -71.018977 42.401122
2650 2 51318857 -70.986653 42.393488
1850 2 51322742 -71.022099 42.401601
1895 1 51335033 -71.0265556695648 42.3974656158673
