800 1 243359724 -71.1422 42.3416
800 2 245586354 -70.980734 42.261329
900 1 243359717 -71.1547 42.3394
975 0 243330669 -71.1355 42.3607
975 1 243129678 -71.1402 42.347
1100 0 245736748 -71.104721 42.386253
1200 0 244504066 -71.0707 42.4278
1200 0 241521143 -71.0707 42.4277
1200 0 241265234 -71.0065 42.3871
1200 0 245533126 -71.0766774 42.4271433
1200 1 244913169 -71.0668 42.3081
1225 1 245729697 -71.0764 42.3239
1250 0 244841423 -71.1407 42.3489
1250 1 245693706 -71.0888 42.4238
1250 3 244616162 -71.1476 42.291
1275 1 245500864 -70.9849024 42.3767025
1300 0 244094122 -71.1606 42.3499
1300 0 244717001 -71.1409 42.3441
1300 1 245324840 -71.0535 42.4196
1300 1 245500909 -71.03583 42.408168
1300 1 244843087 -71.0702 42.3297
1350 0 245693874 -71.1318 42.353
1350 0 242749651 -71.1353 42.3473
1350 0 241521717 -71.1548 42.3395
1350 0 244094377 -71.1366 42.347
1350 1 245641857 -71.1318 42.353
1350 1 245515039 -71.0131044 42.2768229
1350 2 245648524 -71.046964 42.290045
1375 0 245746266 -71.1318 42.349
1375 0 245641727 -71.1372 42.3466
1375 0 245563794 -71.14 42.3497
1375 0 242261584 -71.0568 42.2843
1375 0 237821645 -71.1385 42.3479
1375 1 245474095 -71.1139 42.2994
1375 2 245731535 -71.0607 42.4051
1400 0 245590843 -71.1116 42.331
1400 0 240730359 -71.1308 42.3498
1400 0 240146180 -71.1307 42.3497
1400 0 245474111 -71.1116 42.3315
1400 0 240730311 -71.1304 42.3499
1400 0 245619005 -71.1195503 42.3412654
1400 1 245746659 -71.1458 42.4088
1400 1 245667850 -71.1281 42.3523
1400 1 245649709 -71.1646308 42.2772721
1400 1 243797919 -71.1084 42.4005
1400 1 243570163 -71.1005 42.3111
1425 0 245641738 -71.1279 42.3533
1425 0 236767219 -71.135 42.3466
1425 0 245597114 -71.1474723 42.3373219
1425 2 245698233 -71.018811 42.265444
1450 0 245692640 -71.144 42.3431
1450 0 245749252 -71.0671751 42.3592456
1450 0 240720899 -71.1343 42.3468
1450 0 245138627 -71.0695 42.3437
1450 0 245597122 -71.1478321 42.3372471
1450 1 245746121 -71.0937 42.3283
1450 1 245745333 -71.1765 42.3681
1450 1 245063123 -71.1537 42.3679
1450 1 244536136 -70.9876 42.3976
1450 1 239813421 -71.1324 42.351
1450 1 240243520 -71.1368 42.3489
1450 1 235376918 -71.1447 42.3424
1450 1 233113033 -71.1485 42.3418
1475 0 243907483 -71.0628 42.3475
1475 1 206040895 -71.0968 42.2766
1500 0 245747634 -71.1027 42.3472
1500 0 245746018 -71.1302 42.3537
1500 0 245641711 -71.1302 42.3532
1500 0 245056204 -71.1434 42.344
1500 0 240721238 -71.1681 42.3506
1500 0 241311401 -71.1548 42.3413
1500 0 228142963 -71.1346 42.3465
1500 0 239742383 -71.1438 42.3441
1500 0 240720933 -71.1434 42.3442
1500 0 238106928 -71.0956 42.343
1500 0 245315538 -71.0959 42.3434
1500 0 244580449 -71.0975 42.344
1500 0 239752000 -71.0643 42.3607
1500 1 245747249 -71.1116 42.331
1500 1 245746962 -71.129 42.4007
1500 1 245667217 -71.1297 42.3536
1500 1 245749725 -71.1319409 42.361248
1500 1 245403918 -71.0346 42.2827
1500 1 244372119 -71.1527 42.3382
1500 1 245310239 -71.0393 42.3769
1500 1 243670272 -71.148 42.355
1500 1 243330663 -71.1361 42.3504
1500 1 244459794 -71.152 42.3552
1500 1 240977162 -71.1406 42.3526
1500 1 245473817 -71.1072 42.3677
1500 1 244916495 -71.017 42.2621
1500 1 245597468 -71.102733 42.394844
1500 2 244243765 -71.0861 42.4117
1500 2 245749704 -70.9816066 42.3834281
1500 2 245142903 -71.0982 42.3279
1525 0 243846927 -71.1358 42.3478
1525 0 233114275 -71.1358 42.3477
1525 0 239813722 -71.1444 42.3445
1525 0 245474288 -71.1203 42.3408
1525 0 235542099 -71.1446 42.3451
1525 0 239738030 -71.0978 42.3797
1525 0 245476160 -71.1355 42.3484
1525 1 245606972 -71.1365 42.3485
1525 1 243218323 -71.152 42.3385
1525 1 239810793 -71.1401 42.3453
1550 0 245263563 -71.1004 42.3419
1550 0 244030140 -71.0832 42.3412
1550 0 245263525 -71.0961 42.3429
1550 0 243722840 -71.1449 42.3448
1550 1 244945303 -71.0342 42.3323
1550 1 233473275 -71.1372 42.3525
1550 1 239981171 -71.1406 42.3463
1550 1 239811045 -71.1464 42.3423
1550 1 240734557 -71.1309 42.3537
1550 1 234809306 -71.1465 42.3424
1550 1 243982730 -71.0568 42.2843
1550 1 233970009 -71.146 42.3425
1550 1 242371639 -71.1593 42.3398
1550 1 233643449 -71.1371 42.3523
1550 1 245749841 -71.0664699 42.3263488
1550 1 233644015 -71.083 42.3265
1550 2 245591193 -71.1237 42.2904
1575 0 245747324 -71.0873 42.3433
1575 0 239813853 -71.1369 42.3484
1575 0 237983608 -71.135 42.3481
1575 0 243851545 -71.0995 42.3421
1575 0 243798147 -71.0996 42.3419
1575 0 239858482 -71.0905 42.3471
1575 1 244089522 -71.1363 42.3467
1575 1 228348683 -71.0298 42.3944
1575 1 240195202 -71.158 42.3398
1575 1 220524776 -70.9923 42.4093
1600 0 225488871 -71.1046 42.3464
1600 0 240720492 -71.0786 42.3384
1600 0 244802172 -71.1037 42.3343
1600 0 237820967 -71.0965 42.3428
1600 0 243763287 -71.0649 42.3594
1600 1 245747984 -71.1286 42.3613
1600 1 244916033 -71.1511 42.3374
1600 1 244094545 -71.1512 42.3503
1600 1 241849928 -71.1506 42.3366
1600 1 244030331 -71.1319 42.3545
1600 1 245666737 -71.1382 42.3527
1600 1 244029912 -71.02 42.402
1600 1 241265281 -71.0322 42.3645
1600 1 239743050 -71.1118 42.332
1600 1 245670600 -71.0513075 42.3130431
1600 1 244398819 -71.124 42.29
1600 1 244579743 -71.1376 42.3473
1600 1 244326687 -71.0572 42.3657
1600 1 241464857 -71.1131 42.3084
1600 1 244234217 -71.1324 42.3538
1600 1 245505356 -71.1664576 42.4222556
1600 2 243295011 -71.0999 42.3915
1600 2 244505036 -71.1702 42.3543
1600 2 239812943 -71.0152 42.3843
1600 2 245473830 -71.0818 42.3685
1600 2 244624300 -71.0908 42.4213
1625 0 245732191 -71.0671 42.3593
1625 1 245747215 -71.1116 42.3301
1625 1 239819224 -71.1354 42.3466
1625 1 241849435 -71.1433 42.3425
1625 1 228142977 -71.1346 42.3465
1625 2 243880521 -71.1255 42.3512
1650 0 241354222 -71.1047 42.3434
1650 0 245592796 -71.097 42.342
1650 0 243722838 -71.1641 42.3232
1650 0 239813872 -71.15 42.3396
1650 0 243797922 -71.0891 42.3431
1650 0 245056450 -71.1499 42.3397
1650 0 237673612 -71.0961 42.3429
1650 0 245519240 -71.0898 42.3508
1650 0 239751487 -71.0707 42.3584
1650 1 245693774 -71.1346 42.3549
1650 1 245749726 -71.1579797 42.3398603
1650 1 243417231 -71.1381 42.3527
1650 1 243417246 -71.1495 42.3396
1650 1 245261928 -71.1116 42.333
1650 1 240197628 -71.1397 42.35
1650 1 241459394 -71.1462 42.3372
1650 1 239819533 -71.1403 42.3502
1650 1 243331074 -71.15 42.3472
1650 1 240821438 -71.1321 42.3538
1650 1 244398572 -71.137 42.3469
1650 1 239813556 -71.1459 42.3424
1650 1 239810652 -71.1321 42.3507
1650 1 239819534 -71.1401 42.3503
1650 1 239811063 -71.135 42.3549
1650 1 244372122 -71.1527 42.3379
1650 1 233969941 -71.1351 42.3548
1650 1 243059629 -71.1299 42.3536
1650 1 241849460 -71.1475 42.3442
1650 1 228376640 -71.1353 42.3541
1650 1 244094379 -71.1358 42.3464
1650 1 243496921 -71.1484 42.3544
1650 1 245259133 -71.1388 42.349
1650 1 234809953 -71.1354 42.3544
1650 1 244759389 -71.1359 42.3382
1650 1 233836337 -71.1738 42.3516
1650 1 237822829 -71.1355 42.3547
1650 1 223270507 -71.1464 42.3371
1650 2 241265240 -71.1354 42.3491
1650 2 243417201 -71.1404 42.3452
1650 2 243421550 -71.1361 42.2842
1650 2 245500883 -71.053938 42.422985
1675 0 228348739 -71.0298 42.3944
1675 1 245746945 -71.1258 42.3507
1675 1 226429236 -71.1294 42.3509
1675 1 243417490 -71.1512 42.3397
1675 1 245641768 -71.1372 42.3473
1675 1 240721125 -71.1347 42.3466
1675 1 243496835 -71.1501 42.3409
1675 1 243331135 -71.1636 42.3567
1675 1 243762835 -71.1503 42.3415
1675 1 241354493 -71.1458 42.3421
1675 1 243188085 -71.1294 42.3483
1675 1 240734581 -71.1466 42.3419
1675 1 240722708 -71.132 42.3539
1675 1 245641750 -71.1259 42.3506
1675 1 244505185 -71.1028 42.3165
1675 1 242472623 -71.1255 42.3508
1675 1 245561007 -71.1352 42.3469
1675 2 245126822 -71.148 42.3372
1700 0 245725471 -71.0875 42.3474
1700 0 243255647 -71.0961 42.3703
1700 0 241230223 -71.0677 42.3599
1700 0 244094164 -71.0784 42.3536
1700 0 243797646 -71.1145 42.3318
1700 0 243721262 -71.0942 42.3461
1700 0 245473366 -71.0977 42.3414
1700 0 240908121 -71.0835 42.3496
1700 0 244285899 -71.0566 42.3639
1700 0 245561006 -71.0835 42.3493
1700 0 243531526 -71.115 42.3716
1700 0 243331145 -71.0708 42.3602
1700 0 242271453 -71.0955 42.3711
1700 0 240354112 -71.0784 42.3536
1700 1 245747889 -71.1471 42.3422
1700 1 241354487 -71.1585 42.34
1700 1 245666736 -71.15 42.3398
1700 1 245596442 -71.0566 42.3639
1700 1 239760604 -71.1494 42.338
1700 1 234639450 -71.1455 42.3415
1700 1 240721219 -71.151 42.3398
1700 1 243256038 -71.1338 42.3393
1700 1 243907504 -71.1531 42.3451
1700 1 233114359 -71.1434 42.344
1700 1 245312084 -71.115 42.3716
1700 1 245666729 -71.1471 42.3422
1700 1 245402831 -71.0574 42.4053
1700 1 243797627 -71.0873 42.3711
1700 1 241145092 -71.1238 42.352
1700 1 239760633 -71.1437 42.3444
1700 1 240146082 -71.1433 42.3441
1700 1 241390378 -71.154 42.3402
1700 1 243533285 -71.1641 42.35
1700 1 241390325 -71.134 42.3613
1700 1 240720756 -71.1348 42.3465
1700 1 236742035 -71.1117 42.3304
1700 1 241230174 -71.1282 42.3527
1700 1 244681464 -71.1492 42.3392
1700 1 240280400 -71.1479 42.3541
1700 1 237985851 -71.0566 42.3639
1700 1 241165596 -71.1481 42.3401
1700 1 240723945 -71.0832 42.3355
1700 1 243331580 -71.1505 42.3415
1700 1 245589952 -71.0770299 42.343447
1700 2 245692851 -71.0379 42.3795
1700 2 245747882 -71.1677 42.3472
1700 2 242271462 -71.1704 42.3506
1700 2 244459319 -71.1579 42.3458
1700 2 244912531 -70.9966 42.4055
1700 2 241464467 -71.0996 42.313
1700 2 243797363 -71.1579 42.3458
1700 2 243762843 -71.1488 42.347
1700 2 241521208 -71.1531 42.2877
1700 2 243251709 -71.1638 42.35
1700 2 245749798 -71.034233 42.374158
1700 2 242037290 -71.1815 42.3793
1700 2 244371481 -71.1401 42.3592
1700 2 245611564 -71.0599606 42.4105901
1700 3 245729357 -71.024503 42.281759
1700 3 240821448 -71.15 42.341
1725 0 245666726 -71.0805 42.3455
1725 0 245580302 -71.080169 42.34513
1725 1 235542164 -71.1438 42.3441
1725 1 239813547 -71.1352 42.3465
1725 1 233209372 -71.1434 42.3442
1725 1 233643830 -71.1433 42.3441
1725 1 245398989 -71.1298 42.3536
1725 1 241390326 -71.129 42.3513
1725 1 239812095 -71.1302 42.3577
1725 1 245314359 -71.0938 42.3801
1725 1 243417192 -71.1402 42.3481
1750 0 245063354 -71.0901 42.3504
1750 0 245260378 -71.0372 42.3711
1750 0 243420257 -71.0731 42.3469
1750 0 244372027 -71.0679 42.3596
1750 0 244459693 -71.0999 42.3422
1750 0 243330889 -71.0723 42.3548
1750 0 241311639 -71.0731 42.3469
1750 0 240908180 -71.0726 42.3543
1750 0 244908311 -71.0756 42.3546
1750 1 240727339 -71.1402 42.3476
1750 1 241310848 -71.1727 42.3516
1750 1 233316578 -71.136 42.3479
1750 1 236744058 -71.0295 42.3797
1750 1 237983958 -71.1359 42.3477
1750 1 237986169 -71.1358 42.3477
1750 1 245433202 -71.1507 42.3376
1750 1 241145169 -71.1503 42.3398
1750 1 240821469 -71.1529 42.3381
1750 1 241230258 -71.1386 42.3461
1750 1 240727337 -71.1361 42.3483
1750 1 239760610 -71.1299 42.3494
1750 1 245686554 -71.056772 42.3638048
1750 1 244279904 -71.1049 42.3769
1750 1 244945300 -71.0378 42.3381
1750 1 240547619 -71.1358 42.3528
1750 1 243253635 -71.0658 42.3597
1750 2 244245447 -71.0685 42.4156
1750 2 236743569 -71.1553 42.2855
1750 2 244160287 -71.0928 42.3861
1750 2 245465614 -71.1824 42.3594
1750 2 245147425 -71.1677 42.3472
1750 2 242037313 -71.1725 42.3633
1750 2 243937229 -71.1453 42.3421
1750 2 245361524 -71.1713 42.3498
1750 2 239758946 -71.1459 42.3419
1750 2 243671226 -71.1499 42.3397
1750 2 243671228 -71.1367 42.3473
1775 0 243255730 -71.0661 42.3602
1775 0 243722842 -71.1215 42.3398
1775 0 239738057 -71.1207 42.3961
1775 1 245667539 -71.1356 42.3518
1775 1 240942652 -71.1478 42.3404
1775 1 239821057 -71.144 42.3431
1775 1 239760631 -71.1384 42.346
1775 1 235788821 -71.1481 42.3402
1775 1 239760592 -71.1516 42.3397
1775 1 239813430 -71.1441 42.3414
1775 1 237984910 -71.144 42.3411
1775 1 239813431 -71.1444 42.3445
1775 1 245056497 -71.1446 42.3451
1775 1 240727346 -71.1464 42.3414
1775 1 240726898 -71.1361 42.3483
1775 1 239760598 -71.1439 42.341
1775 1 245056458 -71.143 42.3432
1775 1 245561005 -71.1402 42.3452
1775 1 245500892 -71.028042 42.33513
1775 2 241265260 -71.1512 42.3397
1775 2 241461673 -71.0967 42.3178
1775 2 243218364 -71.1451 42.3415
1800 0 245474057 -71.0356 42.3973
1800 0 245595557 -71.0731 42.3469
1800 0 244580401 -71.0658 42.3588
1800 0 243421685 -71.0566 42.3654
1800 0 226429261 -71.131 42.3398
1800 0 240070613 -71.0851 42.3488
1800 0 243294694 -71.0566 42.3654
1800 0 243671219 -71.1063 42.3448
1800 0 239743568 -71.074 42.3365
1800 0 244540647 -71.0658 42.3588
1800 0 244945283 -71.0744 42.3527
1800 0 241523935 -71.0669 42.3657
1800 1 245681700 -71.0945 42.3461
1800 1 245745356 -71.0679 42.3611
1800 1 245749649 -71.057114 42.365213
1800 1 245668020 -71.1402 42.3452
1800 1 245312615 -71.1601 42.3402
1800 1 244801312 -71.118 42.3429
1800 1 243417242 -71.1304 42.3575
1800 1 241018208 -71.1095 42.3452
1800 1 243670219 -71.1492 42.3392
1800 1 239813429 -71.1358 42.3485
1800 1 245056448 -71.135 42.3481
1800 1 245260223 -71.1241 42.3417
1800 1 237819788 -71.1287 42.3508
1800 1 244198993 -71.1473 42.3389
1800 1 241850213 -71.1492 42.3573
1800 1 241521596 -71.1059 42.3332
1800 1 245563042 -71.0996 42.399
1800 1 239810798 -71.1289 42.3507
1800 1 233209502 -71.1515 42.3406
1800 1 243532989 -70.9917 42.412
1800 1 245398747 -71.1039 42.3464
1800 1 244801326 -71.148 42.3403
1800 1 240727344 -71.1432 42.3428
1800 1 241354277 -71.1345 42.3613
1800 1 245056472 -71.1442 42.3429
1800 1 244916053 -71.1299 42.3383
1800 1 245611576 -71.0372746 42.3363363
1800 1 239744766 -71.1352 42.3481
1800 1 245519609 -71.0551 42.3659
1800 1 245646754 -71.101987 42.350699
1800 1 240724014 -71.074 42.3365
1800 1 239747377 -71.1058 42.3729
1800 1 245611569 -71.1194838 42.3862913
1800 2 244579862 -71.108 42.3994
1800 2 245641193 -71.1353 42.3473
1800 2 243533708 -71.1692 42.3527
1800 2 245063117 -71.1492 42.3573
1800 2 243417198 -71.1349 42.3499
1800 2 244848559 -71.182 42.3766
1800 2 244503786 -71.1585 42.3465
1800 2 244243762 -71.0581 42.407
1800 2 239825108 -71.1337 42.3502
1800 2 242271493 -71.167 42.3485
1800 2 241849944 -71.1614 42.3516
1800 2 243255449 -71.1687 42.3526
1800 2 244371568 -71.1635 42.3743
1800 2 244371578 -71.1605 42.3468
1800 2 245398447 -71.1524 42.2901
1800 2 243671526 -71.1686 42.3526
1800 2 245640356 -71.1313 42.3589
1800 2 245398985 -71.0965 42.3125
1800 2 241265386 -71.1586 42.3514
1800 2 243670112 -71.1648 42.356
1800 2 243330662 -71.1397 42.35
1800 2 241264765 -71.1492 42.3572
1800 2 244285225 -71.1009 42.3287
1800 2 233837046 -71.1405 42.3453
1800 2 241265350 -71.1238 42.3273
1800 2 243721766 -71.1669 42.3484
1800 2 244236534 -71.096 42.3658
1800 2 244030485 -71.1093 42.3185
1800 2 243607646 -71.1306 42.2943
1800 2 244540615 -71.1479 42.354
1800 2 242372060 -71.0858 42.3821
1800 2 245721792 -71.1589522 42.3783335
1800 2 243331551 -71.1418 42.3605
1800 2 224596398 -71.1553 42.3484
1800 3 245546528 -71.0763 42.2733
1800 3 244913162 -71.0933 42.2847
1800 3 245045001 -71.0555 42.4152
1825 0 240978011 -71.0653 42.3592
1825 1 245693183 -71.15 42.3396
1825 1 245593184 -71.1412 42.3381
1825 1 239760621 -71.1452 42.3434
1825 1 239981639 -71.1294 42.3411
1825 1 244235684 -71.1499 42.3396
1825 1 245528569 -71.1000067 42.318797
1825 2 245127468 -71.0568 42.2843
1850 0 245716872 -71.1002844 42.337024
1850 0 243255786 -71.0643 42.3597
1850 1 245747277 -71.1608 42.3404
1850 1 245667724 -71.1067 42.3466
1850 1 245745373 -71.1141 42.3157
1850 1 245056456 -71.1499 42.3397
1850 1 243986300 -71.0827 42.3415
1850 1 243986241 -71.0831 42.3412
1850 1 241264917 -71.1295 42.3483
1850 1 244372023 -71.0832 42.3413
1850 1 244131861 -71.0838 42.3686
1850 1 243797689 -71.0919 42.3723
1850 1 244651574 -71.166 42.3039
1850 1 243762876 -71.0877 42.3456
1850 1 237982745 -71.139 42.3486
1850 1 240726889 -71.1501 42.34
1850 1 245468767 -71.0894 42.3447
1850 1 240727335 -71.1356 42.3484
1850 1 243217821 -71.0682 42.3594
1850 1 243607763 -71.1052 42.3619
1850 1 244801349 -71.0984 42.3408
1850 1 243671203 -71.1116 42.3242
1850 1 241145685 -71.1292 42.3479
1850 1 242271509 -71.1222 42.3295
1850 1 244427444 -71.0654 42.3576
1850 2 244371594 -71.1622 42.3233
1850 2 240821124 -71.1456 42.3422
1850 2 240146159 -71.1352 42.3469
1850 2 239811081 -71.1348 42.3542
1850 2 245460824 -71.132 42.3616
1850 2 244131859 -71.0906 42.3806
1850 2 241230156 -71.1295 42.3543
1850 2 243532988 -70.9917 42.412
1850 2 226124865 -71.135 42.3549
1850 2 243880507 -71.1468 42.3437
1850 2 245749569 -71.0601717 42.4168644
1850 2 240730145 -71.1269 42.3582
1850 2 245558681 -71.0473903 42.3890027
1850 3 244545814 -71.0966 42.3259
1850 4 243571061 -71.0346 42.3906
1875 1 236185217 -71.0959 42.3434
1875 1 243851458 -71.0964 42.3429
1875 1 233209875 -71.1499 42.3397
1875 1 243217747 -71.1387 42.3491
1875 1 239815128 -71.1277 42.3407
1875 1 240726861 -71.151 42.3402
1875 1 237533647 -71.0995 42.3421
1875 1 243217756 -71.1302 42.3383
1875 1 229148119 -71.0953 42.3436
1875 2 241230184 -71.1318 42.3552
1875 2 244398691 -71.1636 42.3567
1875 2 245048008 -71.0957 42.3824
1875 2 241264788 -71.132 42.3552
1875 3 244398559 -71.1492 42.3541
1900 0 243256271 -71.1188 42.341
1900 0 245063150 -71.1265 42.342
1900 0 241145787 -71.1187 42.3411
1900 0 244372167 -71.0655 42.3572
1900 1 245747534 -71.1027 42.3472
1900 1 245745375 -71.1569 42.3692
1900 1 245749724 -71.075517 42.345065
1900 1 245260305 -71.0751 42.3452
1900 1 244398733 -71.1269 42.3514
1900 1 241941749 -71.1229 42.3792
1900 1 244199098 -71.056 42.3657
1900 1 239811743 -71.1282 42.3527
1900 1 239813651 -71.1279 42.3522
1900 1 245468266 -71.0853 42.3453
1900 1 229148172 -71.0961 42.3429
1900 1 244908380 -71.0526 42.3657
1900 1 245311343 -71.057 42.3658
1900 1 245561003 -71.0949 42.3502
1900 1 237985902 -71.097 42.3431
1900 1 243671194 -71.0525 42.3764
1900 1 245474887 -71.1161 42.3221
1900 1 243798167 -71.0971 42.3429
1900 1 243762884 -71.1282 42.3363
1900 1 237074378 -71.1628 42.3497
1900 1 244579742 -71.1283 42.3378
1900 1 240724076 -71.0785 42.3384
1900 1 244285570 -71.1136 42.3629
1900 1 244911365 -71.0561 42.364
1900 1 245611580 -71.1251381 42.3480299
1900 2 245745425 -71.1626 42.3568
1900 2 245746246 -71.1318 42.3612
1900 2 243721992 -71.1414 42.3442
1900 2 241264862 -71.1401 42.3463
1900 2 244908273 -71.1143 42.2895
1900 2 244913352 -71.1135 42.2983
1900 2 243417232 -71.1351 42.3548
1900 2 241310842 -71.1471 42.3383
1900 2 235376066 -71.1366 42.3466
1900 2 243330831 -71.1303 42.3546
1900 2 244398773 -71.149 42.3388
1900 2 243880589 -71.1486 42.3427
1900 2 241145090 -71.1296 42.351
1900 2 244847381 -71.0692 42.4281
1900 2 244459578 -71.1106 42.4098
1900 2 241390345 -71.1485 42.3418
1900 2 243128910 -71.1326 42.3985
1900 2 244459724 -71.1567 42.3911
1900 2 244108284 -71.0783 42.3711
1900 2 242271517 -71.1643 42.3463
1900 2 239981382 -71.1367 42.3495
1900 2 244236551 -71.1104 42.4098
1900 2 244916056 -71.1462 42.3265
1900 2 244371752 -71.1417 42.3416
1900 2 245071577 -71.0871 42.3716
1900 2 242372065 -71.0912 42.3804
1900 2 243936962 -71.0894 42.3891
1900 2 242371583 -71.1488 42.3538
1900 2 245746520 -71.144529 42.366019
1900 2 244398613 -71.1408 42.3514
1900 2 241265285 -71.101 42.3291
1900 2 244371603 -71.1558 42.3735
1900 2 237818716 -71.1368 42.3534
1925 1 243851401 -71.1 42.341
1925 1 245595836 -71.1004 42.3428
1925 1 241850897 -71.0973 42.3425
1925 1 244235777 -71.1236 42.3488
1925 1 245465140 -71.0976 42.3428
1925 1 244945027 -71.0653 42.3583
1925 2 241145579 -71.1585 42.34
1925 2 239810802 -71.129 42.3497
1925 2 236743572 -71.0972 42.3124
1950 0 243422131 -71.0736 42.3465
1950 0 245398796 -71.0855 42.3504
1950 0 241521768 -71.0734 42.3463
1950 0 241521663 -71.0736 42.3465
1950 1 245745524 -71.0682 42.361
1950 1 245745433 -71.0549 42.3656
1950 1 245667823 -71.1466 42.337
1950 1 245315732 -71.1037 42.3343
1950 1 245693933 -71.1238 42.3784
1950 1 243880364 -71.0971 42.3421
1950 1 245263417 -71.0962 42.3428
1950 1 245604316 -71.1037 42.3343
1950 1 245693884 -71.124 42.3402
1950 1 243570682 -71.0994 42.317
1950 1 239858471 -71.0897 42.347
1950 1 243155308 -71.0761 42.3355
1950 1 244402348 -71.0481 42.3316
1950 1 238107064 -71.0958 42.3435
1950 1 240354553 -71.1315 42.3386
1950 1 241265353 -71.1209 42.3439
1950 1 245473714 -71.0698 42.3607
1950 1 243936408 -71.1343 42.3742
1950 1 240729203 -71.1396 42.346
1950 2 244541013 -71.1005 42.3111
1950 2 245466531 -71.1561 42.3386
1950 2 244285727 -71.0965 42.3252
1950 2 241310826 -71.1469 42.3378
1950 2 240195183 -71.1482 42.3414
1950 2 244131959 -71.1686 42.3457
1950 2 244398586 -71.1692 42.3445
1950 2 240729194 -71.1359 42.3484
1950 2 241230247 -71.1471 42.3379
1950 2 240729574 -71.1294 42.3503
1950 2 244916142 -71.1546 42.3405
1950 2 241310835 -71.1563 42.3394
1950 2 240722412 -71.1394 42.3451
1950 2 234279225 -71.1398 42.3451
1950 2 234810518 -71.1398 42.3451
1950 2 239811104 -71.1397 42.3448
1950 2 244371447 -71.1162 42.331
1950 2 243797599 -71.1423 42.3419
1950 2 233473614 -71.1401 42.3453
1950 2 244236516 -71.0858 42.3876
1950 2 225753665 -71.1144 42.3025
1950 2 233836893 -71.14 42.3451
1950 3 244503836 -71.1632 42.3218
1950 3 244504132 -71.0965 42.3252
1950 3 241264864 -71.1458 42.3433
1950 3 244285965 -71.1142 42.4158
1950 3 245749730 -71.097167 42.28455
1975 0 240724636 -71.0651 42.3593
1975 1 243851551 -71.0995 42.3421
1975 1 243798020 -71.0999 42.342
1975 1 243763372 -71.0965 42.3428
1975 1 244916094 -71.1414 42.3362
1975 1 241264906 -71.0947 42.344
1975 1 239814162 -71.1161 42.3831
1975 2 240721277 -71.1347 42.3466
1975 2 241264865 -71.1446 42.341
1975 2 245056219 -71.135 42.3466
1975 2 234279331 -71.1364 42.3469
1975 2 240730156 -71.1385 42.3479
1975 2 230085077 -71.1475 42.3447
1975 3 243059901 -71.168 42.3709
2000 0 245744960 -71.071 42.3426
2000 0 245622589 -71.0498 42.358
2000 0 243721213 -71.0526 42.3652
2000 0 243217614 -71.0807 42.3433
2000 0 229799327 -71.085 42.3458
2000 0 243217878 -71.0813 42.3419
2000 0 236734485 -71.0928 42.4084
2000 1 245681741 -71.0526 42.3646
2000 1 245747509 -71.1013 42.3424
2000 1 245693897 -71.1149 42.3826
2000 1 245693791 -71.1174 42.3447
2000 1 245668041 -71.1317 42.3485
2000 1 245667164 -71.0734 42.3433
2000 1 241390380 -71.1231 42.3793
2000 1 243937246 -71.149 42.365
2000 1 241264871 -71.1458 42.3406
2000 1 243129528 -71.089 42.3466
2000 1 243459839 -71.1593 42.3714
2000 1 244908333 -71.1098 42.3601
2000 1 244846926 -71.1171 42.3486
2000 1 243763040 -71.0526 42.3652
2000 1 245462845 -71.1227 42.3363
2000 1 243762878 -71.0889 42.3455
2000 1 243460469 -71.0786 42.3344
2000 1 241229980 -71.1088 42.3578
2000 1 243295309 -71.1273 42.3803
2000 1 243936652 -71.0888 42.3453
2000 1 245456429 -71.1043 42.3467
2000 1 244131814 -71.0762 42.3348
2000 1 244459555 -71.1152 42.3827
2000 1 245670565 -71.080299 42.370143
2000 1 241264878 -71.0935 42.3466
2000 1 243671185 -71.0851 42.3518
2000 1 244995251 -71.1235 42.3835
2000 1 243459853 -71.1234 42.3364
2000 1 244058003 -71.1177 42.3402
2000 1 243671183 -71.0986 42.3266
2000 1 244911358 -71.0687 42.3596
2000 1 245393407 -71.0574 42.3655
2000 2 245747725 -71.1064 42.321
2000 2 245745558 -71.1259 42.3297
2000 2 245747114 -71.0964 42.3929
2000 2 245668096 -71.1603 42.3566
2000 2 245667979 -71.1357 42.3464
2000 2 245692591 -71.1544 42.3519
2000 2 245668003 -71.1365 42.3466
2000 2 244093779 -71.1353 42.3626
2000 2 241464863 -71.1427 42.3429
2000 2 245063207 -71.1269 42.3514
2000 2 245466972 -71.1506 42.3419
2000 2 240723208 -71.154 42.3406
2000 2 242271404 -71.1084 42.3165
2000 2 244371634 -71.1276 42.3432
2000 2 241390354 -71.1441 42.3414
2000 2 244711034 -71.0382 42.3799
2000 2 241672843 -71.135 42.3999
2000 2 241523930 -71.0963 42.3248
2000 2 243936650 -71.1336 42.3841
2000 2 244427349 -71.1516 42.3392
2000 2 241354232 -71.1145 42.322
2000 2 243907674 -71.1721 42.319
2000 2 225984820 -71.127 42.3548
2000 2 245667556 -71.1568 42.3478
2000 2 241265397 -71.1471 42.3453
2000 2 243212333 -71.057 42.3658
2000 2 241264866 -71.1429 42.343
2000 2 243129661 -71.1399 42.3462
2000 2 242038383 -71.1696 42.3445
2000 2 242371609 -71.1524 42.3383
2000 2 244199117 -70.9798 42.4289
2000 2 240720753 -71.1481 42.3402
2000 2 228368683 -71.1268 42.3548
2000 2 245260506 -71.1164 42.3456
2000 2 240942857 -71.0354 42.3668
2000 2 219981294 -70.9921 42.4101
2000 2 245689445 -71.107159 42.4034676
2000 2 243629886 -71.0919 42.3723
2000 2 239815501 -71.1423 42.3438
2000 2 245393032 -71.0561 42.3642
2000 2 242472389 -71.1688 42.344
2000 2 245259874 -71.1554 42.3768
2000 2 245064524 -71.1003 42.3283
2000 2 243217781 -71.1225 42.3255
2000 2 245361743 -71.1551 42.3767
2000 2 244057874 -71.1276 42.3432
2000 2 245729350 -71.177746 42.3534679
2000 2 242372141 -71.1159 42.3942
2000 2 245698253 -71.0401426 42.3369729
2000 2 243797971 -71.0957 42.3781
2000 2 243460504 -71.0964 42.3784
2000 2 239825191 -71.0861 42.396
2000 2 244803565 -71.1077 42.3679
2000 2 241523936 -71.0708 42.3589
2000 2 245554014 -71.1076303 42.2778217
2000 3 245692679 -71.18 42.3592
2000 3 244372007 -71.0968 42.3176
2000 3 244803297 -71.0906 42.3977
2000 3 245667950 -71.1364 42.3524
2000 3 236765687 -71.0617 42.3165
2000 3 243128677 -71.1652 42.3517
2000 3 244054403 -71.1456 42.3415
2000 3 245077836 -71.1652 42.3517
2000 3 244917002 -71.1803 42.3586
2000 3 240723082 -71.0186 42.3833
2025 1 245693759 -71.1281 42.3447
2025 1 241229795 -71.1467 42.3405
2025 1 239738047 -71.1207 42.3961
2025 1 245561001 -71.1281 42.3447
2025 2 234639084 -71.1432 42.3428
2025 2 234279470 -71.1431 42.3427
2025 2 240720702 -71.1442 42.343
2025 2 240721371 -71.144 42.3431
2025 2 234279432 -71.1354 42.346
2025 2 237984564 -71.1439 42.341
2025 2 233316803 -71.135 42.3462
2025 2 235789572 -71.1354 42.3461
2050 0 245592691 -71.0892 42.3497
2050 0 243295267 -71.0731 42.3553
2050 1 245746877 -71.1411 42.3503
2050 1 243255908 -71.0631 42.361
2050 1 243851399 -71.0488 42.3326
2050 1 243670435 -71.1085 42.3961
2050 1 243936520 -71.0356 42.3972
2050 1 244995554 -71.051 42.3661
2050 2 244030778 -71.1353 42.3378
2050 2 224596633 -71.1503 42.3398
2050 2 233111985 -71.1386 42.3461
2050 2 243846928 -71.1379 42.3457
2050 2 243295170 -71.1211 42.3261
2050 2 240722604 -71.1383 42.3459
2050 2 244372126 -71.15 42.3546
2050 2 243607786 -71.095 42.3893
2050 2 240720694 -71.1384 42.346
2050 2 239820783 -71.1295 42.348
2050 2 240720710 -71.1519 42.3384
2050 2 239816514 -71.1583 42.3547
2050 2 239810959 -71.1449 42.3534
2050 2 235789781 -71.1538 42.3402
2050 2 240720655 -71.1442 42.3429
2050 2 245667567 -71.1002 42.3282
2050 2 244093626 -71.1349 42.3625
2050 2 240070877 -71.1388 42.346
2050 2 240720726 -71.145 42.3535
2050 2 236736784 -71.1539 42.3483
2050 2 243417228 -71.1481 42.3401
2050 2 244326545 -71.1568 42.3471
2050 2 240070861 -71.1292 42.3479
2075 1 243763383 -71.0934 42.347
2075 1 241521886 -71.0933 42.3471
2075 1 243985963 -71.119 42.3388
2075 1 243420258 -71.0938 42.3467
2075 1 239813176 -71.0892 42.3497
2075 1 239738122 -71.121 42.3958
2075 2 237985009 -71.144 42.3411
2075 2 236744097 -71.151 42.3398
2075 2 245138603 -71.093 42.3278
2075 2 240720722 -71.1439 42.3411
2075 2 245056217 -71.1428 42.3428
2075 2 236743573 -71.0963 42.3178
2075 2 245056460 -71.1437 42.3431
2075 2 240721271 -71.1434 42.3427
2075 2 240720747 -71.1501 42.34
2075 2 245056457 -71.1433 42.3425
2075 2 233836439 -71.1477 42.3406
2075 2 240720713 -71.1435 42.3426
2075 2 240721907 -71.1418 42.3426
2075 2 236736753 -71.1462 42.3372
2075 2 235788812 -71.1482 42.34
2075 2 245056521 -71.143 42.3432
2100 0 245667813 -71.0789 42.3538
2100 0 243936783 -71.0796 42.3481
2100 0 240726858 -71.0803 42.345
2100 0 244909522 -71.1148 42.3715
2100 0 230994754 -71.0789 42.3537
2100 0 243670301 -71.0697 42.3589
2100 0 244030704 -71.0934 42.3488
2100 0 244427419 -71.041 42.3672
2100 0 245697494 -71.0764316 42.3428203
2100 1 245747770 -71.0662 42.3509
2100 1 245667625 -71.1379 42.3536
2100 1 245747050 -71.0823 42.368
2100 1 243256336 -71.1196 42.3404
2100 1 243421948 -71.0812 42.3497
2100 1 244910552 -71.0826 42.35
2100 1 241521242 -71.0981 42.367
2100 1 244235778 -71.0691 42.3602
2100 1 242271692 -71.1335 42.3946
2100 1 240722801 -71.1214 42.3468
2100 1 245390576 -71.1726 42.3218
2100 1 244910841 -71.1148 42.3715
2100 1 244160259 -71.1234 42.3941
2100 1 244945080 -71.0834 42.3425
2100 1 243670282 -71.0878 42.3429
2100 1 243419009 -71.0647 42.3589
2100 1 244910812 -71.1146 42.3808
2100 1 244908284 -71.1125 42.3685
2100 1 244540813 -71.1064 42.3136
2100 1 244908460 -71.137 42.3938
2100 1 242372108 -71.1125 42.3709
2100 1 243008098 -71.1149 42.3419
2100 1 245707204 -71.1070403 42.3674153
2100 1 239825248 -71.0975 42.3662
2100 1 239981051 -71.1328 42.3852
2100 1 241099402 -71.0819 42.3436
2100 1 243670353 -71.0627 42.38
2100 1 243496874 -71.0915 42.343
2100 1 244236538 -71.1094 42.3668
2100 1 244910806 -71.1043 42.3692
2100 1 244427430 -71.0852 42.3517
2100 2 245745623 -71.1535 42.3441
2100 2 245692586 -71.1544 42.3528
2100 2 245667622 -71.0689 42.3606
2100 2 245667784 -71.1249 42.3415
2100 2 245666723 -71.0968 42.381
2100 2 245699989 -71.1499715 42.4054661
2100 2 244503959 -71.1222 42.3521
2100 2 244030648 -71.0934 42.3488
2100 2 245075293 -71.1124 42.3313
2100 2 243417462 -71.1465 42.34
2100 2 243255913 -71.1654 42.3681
2100 2 244710775 -71.1036 42.3212
2100 2 243295737 -71.1492 42.3369
2100 2 243330651 -71.1371 42.3487
2100 2 240720738 -71.1449 42.3448
2100 2 241390348 -71.1362 42.3459
2100 2 244160278 -71.0885 42.3967
2100 2 228139431 -71.1399 42.3512
2100 2 241230236 -71.1516 42.3397
2100 2 244908403 -71.1137 42.2988
2100 2 228377030 -71.1695 42.3445
2100 2 233642995 -71.1401 42.3515
2100 2 244541100 -71.1135 42.3044
2100 2 245056203 -71.1444 42.3445
2100 2 237536162 -71.1606 42.3466
2100 2 241310809 -71.1371 42.3457
2100 2 243907482 -71.1508 42.3414
2100 2 244058051 -71.118 42.3042
2100 2 243008461 -71.1511 42.3401
2100 2 241230241 -71.1525 42.3382
2100 2 240146080 -71.1446 42.3451
2100 2 241230122 -71.1224 42.3523
2100 2 241230214 -71.137 42.3458
2100 2 234279939 -71.1453 42.3265
2100 2 233470114 -71.15 42.3396
2100 2 244687048 -71.1352 42.2796
2100 2 237983162 -71.1407 42.3538
2100 2 237983357 -71.1407 42.3537
2100 2 243907789 -71.1701 42.3405
2100 2 243907402 -71.1471 42.3422
2100 2 244427435 -71.1501 42.3463
2100 2 233970327 -71.1447 42.3266
2100 2 242371616 -71.1193 42.3412
2100 2 244849203 -71.1801 42.3842
2100 2 233969850 -71.1448 42.3265
2100 2 223271404 -71.1092 42.3319
2100 2 241390438 -71.0956 42.3731
2100 2 243331559 -71.1453 42.3429
2100 2 244427431 -71.1143 42.3244
2100 3 245744954 -71.1556 42.3649
2100 3 245747644 -71.1589 42.3419
2100 3 243722799 -71.0932 42.3119
2100 3 243060025 -71.1426 42.3509
2100 3 240724856 -71.1673 42.3467
2100 3 244347151 -71.0131 42.2766
2100 3 244160288 -71.0886 42.3939
2100 3 243007832 -71.1522 42.3389
2100 3 244846925 -71.1272 42.3335
2100 3 241585599 -71.1621 42.3488
2100 3 244459590 -71.1065 42.4042
2100 3 243670313 -71.1597 42.3557
2100 3 232472535 -71.0368 42.3921
2125 0 243295284 -71.0815 42.3524
2125 3 244503856 -71.132 42.3508
2125 3 243907708 -71.1489 42.3538
2150 1 245473960 -71.036 42.3982
2150 1 245261490 -71.1425 42.3939
2150 1 243762886 -71.0882 42.3505
2150 1 243670360 -71.0664 42.3602
2150 1 243459895 -71.0691 42.3597
2150 1 240346035 -71.0691 42.3597
2150 2 244908277 -71.1084 42.3165
2150 2 240821164 -71.1488 42.3398
2150 2 240243970 -71.1485 42.3393
2150 2 243128933 -71.0867 42.372
2150 2 244459343 -71.1478 42.3414
2150 2 241354192 -71.1355 42.3409
2150 2 245519338 -71.1044 42.3301
2150 3 241942255 -71.1544 42.3502
2150 3 244057886 -71.1387 42.3442
2150 3 245075787 -71.1143 42.2895
2150 3 244058128 -71.1817 42.3771
2150 3 239980970 -71.0889 42.3875
2150 4 245667965 -71.1302 42.3542
2150 4 245521387 -71.0923 42.3143
2175 1 245745531 -71.0352 42.3969
2175 1 245746876 -71.1411 42.3503
2175 1 240719887 -71.1042 42.3786
2175 1 241264881 -71.0935 42.3466
2175 1 239812869 -71.0647 42.3589
2175 2 244615617 -71.1085 42.3165
2175 3 243359705 -71.1644 42.3507
2200 0 245260539 -71.0741 42.355
2200 0 245592183 -71.0658 42.3583
2200 1 245746811 -71.1123 42.358
2200 1 245667985 -71.1379 42.3536
2200 1 244908399 -71.0836 42.3524
2200 1 243460166 -71.0941 42.3464
2200 1 243851758 -71.0823 42.3431
2200 1 244326313 -71.0675 42.3487
2200 1 243798056 -71.0693 42.3604
2200 1 244908478 -71.1058 42.343
2200 1 245593183 -71.0684 42.3592
2200 1 243256022 -71.1043 42.3467
2200 1 243762605 -71.0884 42.3414
2200 1 244805166 -71.1128 42.3579
2200 1 243570972 -71.0821 42.3528
2200 1 243670369 -71.0828 42.3526
2200 1 243762895 -71.0835 42.3529
2200 1 241521803 -71.0734 42.3463
2200 1 244910927 -71.107 42.3712
2200 1 245667171 -71.0532 42.3634
2200 1 243418335 -71.0658 42.3583
2200 1 243762977 -71.1069 42.3485
2200 1 242372112 -71.1147 42.3651
2200 1 240724059 -71.0823 42.3431
2200 1 236767454 -71.0843 42.3484
2200 1 240574932 -71.0662 42.3509
2200 1 245142930 -71.0891 42.3431
2200 1 245508614 -71.124 42.3403
2200 1 244801225 -71.0618 42.3773
2200 2 245747632 -71.1027 42.3472
2200 2 245747495 -71.1184 42.3311
2200 2 245652005 -71.0349 42.3371
2200 2 243937240 -71.173 42.3666
2200 2 244759957 -71.0892 42.3414
2200 2 245520200 -71.0734 42.3433
2200 2 245311412 -71.0561 42.3647
2200 2 244030345 -71.1291 42.4004
2200 2 241145565 -71.1563 42.3393
2200 2 245464719 -71.0534 42.3653
2200 2 243007900 -71.1517 42.3683
2200 2 243986434 -71.085 42.3724
2200 2 241390437 -71.1419 42.3802
2200 2 241264879 -71.1403 42.35
2200 2 243936532 -71.1463 42.3589
2200 2 236743397 -71.1115 42.3314
2200 2 233112948 -71.1205 42.3258
2200 2 243497385 -71.1317 42.3485
2200 2 244651353 -71.0953 42.3739
2200 2 243331466 -71.1578 42.3398
2200 2 244849147 -71.1674 42.4211
2200 2 245510670 -71.0305 42.2847
2200 2 244160251 -71.1047 42.3896
2200 2 245462800 -71.0846 42.3452
2200 2 243986432 -71.1025 42.3702
2200 2 239814134 -71.0954 42.3173
2200 2 245693900 -71.0967 42.3666
2200 2 240720714 -71.1323 42.3507
2200 2 244908405 -71.1119 42.3248
2200 2 241264905 -71.1312 42.3484
2200 2 243497504 -71.1339 42.3508
2200 2 239819539 -71.136 42.3466
2200 2 244908293 -71.0949 42.3502
2200 2 244199011 -71.0997 42.3774
2200 2 240720608 -71.1369 42.3467
2200 2 243570872 -71.1766 42.3701
2200 2 240242922 -71.1205 42.3258
2200 2 241521319 -71.1544 42.3679
2200 2 245260644 -71.1206 42.3481
2200 2 240725346 -71.1341 42.3523
2200 2 241311345 -71.1384 42.3473
2200 2 243533865 -71.0693 42.3604
2200 2 241145569 -71.14 42.3499
2200 2 243671109 -71.1155 42.3319
2200 2 241265215 -71.1026 42.3297
2200 2 243459985 -71.1659 42.3747
2200 2 245259106 -71.119 42.3398
2200 2 245701005 -71.0544954 42.3659382
2200 3 242873654 -71.1501 42.346
2200 3 240720876 -71.1496 42.3467
2200 3 243762938 -71.1493 42.3459
2200 3 244398487 -71.148 42.3532
2200 3 243937067 -71.0481 42.2877
2200 3 245508787 -71.1601 42.3924
2200 3 241196415 -71.1559 42.3533
2200 3 241145573 -71.1561 42.3386
2200 3 243762955 -71.1339 42.3508
2200 3 239754112 -71.1311 42.3553
2200 3 241585778 -71.1556 42.3532
2200 3 242873666 -71.1696 42.3445
2200 3 241585618 -71.1484 42.3515
2200 3 244285981 -71.1037 42.3978
2200 3 243055316 -71.1156 42.3046
2200 3 245508760 -71.1609 42.3936
2200 3 236762234 -71.0304 42.3778
2225 0 243671133 -71.0736 42.3702
2225 1 245681685 -71.1047 42.3434
2225 1 245461279 -71.1539 42.2991
2225 1 245666708 -71.1177 42.3474
2225 1 245474006 -71.0356 42.3978
2225 1 244801384 -71.1561 42.3003
2225 1 245592695 -71.0816 42.35
2225 2 245466645 -71.1 42.341
2225 2 245322037 -71.1003 42.3422
2225 2 244285290 -71.0941 42.3464
2250 0 245647911 -71.0526609 42.3749686
2250 1 245693861 -71.124 42.3273
2250 1 245693906 -71.1044 42.3714
2250 1 244716926 -71.0963 42.3424
2250 1 243419824 -71.0814 42.3497
2250 1 241230188 -71.1384 42.3537
2250 1 244541442 -71.0853 42.3458
2250 1 243460115 -71.0827 42.3432
2250 1 244094556 -71.073 42.3456
2250 1 236767441 -71.0753 42.3359
2250 2 243937099 -71.1386 42.3486
2250 2 245749761 -71.0642452 42.2803771
2250 2 244094026 -71.1381 42.3464
2250 2 244198803 -71.1457 42.3396
2250 2 240821668 -71.1026 42.3297
2250 2 243670373 -71.1116 42.3612
2250 3 239816925 -71.1487 42.345
2250 3 233970301 -71.1615 42.3535
2250 3 234280166 -71.1614 42.3531
2250 3 225489057 -71.1287 42.3593
2250 3 243417222 -71.1287 42.3591
2250 3 236744070 -71.1233 42.2915
2250 3 239820741 -71.1485 42.3449
2250 3 237535401 -71.0295 42.3656
2250 3 233969804 -71.1616 42.3531
2250 3 242873682 -71.1234 42.3266
2250 3 236736760 -71.0381 42.38
2250 3 245611593 -71.1010309 42.4338776
2250 4 244245449 -71.0946 42.2806
2250 4 223271821 -71.0628 42.319
2275 0 239816965 -71.0827 42.3493
2275 0 245433163 -71.1066 42.3567
2275 1 244909710 -71.0947 42.3445
2275 1 243671086 -71.0811 42.4021
2275 1 244057862 -71.0686 42.3819
2275 1 245361379 -71.1546 42.2986
2275 2 245667759 -71.1384 42.3353
2275 2 245693768 -71.1231 42.3391
2275 2 239423137 -71.1493 42.379
2275 3 240720066 -71.0955 42.3957
2275 3 241264885 -71.1466 42.3414
2300 0 245692666 -71.078 42.3846
2300 0 230219661 -71.0723 42.3468
2300 0 245072731 -71.1033 42.3471
2300 0 240725309 -71.082 42.3442
2300 1 245681656 -71.0639 42.3522
2300 1 245681757 -71.0561 42.3642
2300 1 245716880 -71.082004 42.343329
2300 1 243607627 -71.0973 42.3439
2300 1 237819942 -71.1052 42.3462
2300 1 245605941 -71.035 42.3973
2300 1 244910814 -71.1046 42.3731
2300 1 241671823 -71.1233 42.3836
2300 1 243217825 -71.1234 42.3368
2300 1 244030589 -71.1153 42.3615
2300 1 239811061 -71.1215 42.3467
2300 1 244459384 -71.125 42.3269
2300 1 244910550 -71.0828 42.3524
2300 1 240070548 -71.0534 42.3666
2300 1 228825566 -71.0845 42.3454
2300 1 244910471 -71.0542 42.358
2300 1 243418969 -71.0875 42.3424
2300 1 244945049 -71.0943 42.3263
2300 1 241672778 -71.1176 42.3844
2300 1 243762985 -71.0931 42.3492
2300 1 243722780 -71.0644 42.3602
2300 1 240726746 -71.1214 42.3469
2300 1 240724656 -71.0747 42.3543
2300 2 245745607 -71.116 42.4025
2300 2 245692620 -71.1606 42.3513
2300 2 245463629 -71.0974 42.3428
2300 2 236742048 -71.0978 42.3318
2300 2 245322040 -71.1001 42.3412
2300 2 243798174 -71.0967 42.3432
2300 2 245667189 -71.1377 42.3389
2300 2 243295153 -71.1155 42.3319
2300 2 243295026 -71.1178 42.3398
2300 2 243155264 -71.1598 42.3768
2300 2 243798189 -71.1144 42.3897
2300 2 243187828 -71.0558 42.3304
2300 2 243986498 -71.0994 42.3712
2300 2 243986018 -71.0827 42.3415
2300 2 245468585 -71.0765 42.3381
2300 2 244459561 -71.1116 42.3975
2300 2 244910874 -71.0573 42.3662
2300 2 240720653 -71.1188 42.3313
2300 2 245139988 -71.125 42.3269
2300 2 244160270 -71.1115 42.3985
2300 2 243880246 -71.1491 42.3899
2300 2 245147297 -71.0821 42.3877
2300 2 245398804 -71.1183 42.3253
2300 2 243008006 -71.1376 42.3356
2300 2 239811423 -71.1029 42.378
2300 2 245597462 -71.1372689 42.3842439
2300 2 245589959 -71.021316 42.269146
2300 2 245699233 -71.1058004 42.3785444
2300 2 245398040 -71.1119 42.3322
2300 2 240726077 -71.1169 42.4034
2300 3 245744970 -71.1811 42.3763
2300 3 240197618 -71.1666 42.3494
2300 3 239813350 -71.1407 42.3601
2300 3 244503876 -71.1526 42.3738
2300 3 241265360 -71.1453 42.3265
2300 3 237819005 -71.1501 42.3479
2300 3 243418154 -71.15 42.3472
2300 3 243218231 -71.1646 42.3659
2300 3 243722797 -71.0586 42.3104
2300 3 243255623 -71.1645 42.3661
2300 3 241264894 -71.1451 42.3435
2300 3 245035192 -71.0181 42.4121
2300 3 244398453 -71.1472 42.3535
2300 3 243497428 -71.1452 42.3434
2300 3 243417207 -71.1615 42.3498
2300 3 243722849 -71.1265 42.3596
2300 3 245474313 -71.1259 42.3297
2300 3 241585626 -71.1453 42.3266
2300 3 240821368 -71.1413 42.3587
2300 3 245574400 -71.0194975 42.2820239
2300 3 232083376 -71.1606 42.3509
2300 3 237535379 -71.0287 42.3808
2300 3 225337157 -71.1612 42.352
2300 3 245263862 -71.1674 42.3439
2300 3 228139414 -71.1499 42.3477
2300 3 243055778 -71.1108 42.2984
2300 3 226430522 -71.1501 42.3476
2300 3 243331569 -71.1266 42.3586
2300 4 241464881 -71.0776 42.3278
2300 4 236743423 -71.1001 42.3151
2325 1 245729371 -71.1022 42.3609
2325 1 239815119 -71.0846 42.3454
2325 1 243671087 -71.041 42.3672
2350 0 244615466 -71.1461 42.392
2350 1 240485957 -71.0735 42.354
2350 1 245322059 -71.0803 42.3396
2350 1 240908119 -71.0735 42.3542
2350 1 244910900 -71.0664 42.3607
2350 1 242372105 -71.0936 42.3699
2350 1 208869522 -71.0928 42.4084
2350 2 245668056 -71.1315 42.3485
2350 2 241230207 -71.138 42.3464
2350 2 245595461 -71.0937 42.3468
2350 2 243936494 -71.1452 42.3385
2350 2 234810473 -71.1352 42.3523
2350 2 239811088 -71.1351 42.3525
2350 2 240908479 -71.1771 42.3524
2350 2 243851627 -71.0394 42.4027
2350 2 239123963 -71.0707 42.3603
2350 3 239810918 -71.0963 42.3974
2350 3 243722848 -71.1327 42.3506
2350 3 245607114 -71.1606 42.3513
2350 3 244089610 -71.1144 42.3026
2350 3 243986069 -71.1018 42.3137
2350 3 243762989 -71.1385 42.3435
2350 3 233970252 -71.1458 42.3524
2350 3 241264887 -71.1606 42.3489
2350 3 243671080 -71.1475 42.3404
2350 3 243671079 -71.1324 42.3538
2350 4 245667607 -71.1438 42.3411
2350 4 245361372 -71.1438 42.3411
2375 1 245433162 -71.0896 42.3495
2375 1 242372081 -71.1124 42.3624
2375 2 224329056 -71.1511 42.3372
2375 2 230994675 -71.0971 42.3421
2375 3 243851658 -71.1115 42.4111
2375 3 239429261 -71.0986 42.314
2375 3 244285594 -71.1111 42.4108
2400 0 245593625 -71.0634 42.3545
2400 0 243797501 -71.0492 42.3402
2400 0 243671067 -71.1107 42.3283
2400 0 243671062 -71.064 42.3511
2400 0 244681453 -71.0831 42.365
2400 0 240460939 -71.0634 42.3545
2400 0 211791622 -71.0509 42.3506
2400 1 244129952 -71.0745 42.3711
2400 1 243936771 -71.0908 42.3468
2400 1 240280522 -71.0848 42.3456
2400 1 243421585 -71.0688 42.3598
2400 1 245592228 -71.0813 42.3497
2400 1 245641304 -71.0884 42.3464
2400 1 243420461 -71.0736 42.3465
2400 1 239816211 -71.0827 42.3493
2400 1 232082002 -71.0854 42.3456
2400 1 244460860 -71.0887 42.3458
2400 1 245433165 -71.1176 42.3987
2400 1 241464876 -71.1123 42.36
2400 1 243419048 -71.0857 42.3505
2400 1 228825656 -71.085 42.3458
2400 1 243419913 -71.0763 42.3541
2400 1 244759670 -71.0669 42.3657
2400 1 245433160 -71.0547 42.3758
2400 1 245605473 -71.0658 42.3655
2400 1 242372073 -71.1142 42.377
2400 1 243671064 -71.1208 42.3442
2400 1 245500888 -71.0545317 42.3748101
2400 1 244759442 -71.0586 42.3764
2400 2 245744930 -71.137 42.3817
2400 2 245746480 -71.111 42.3647
2400 2 245693823 -71.1229 42.3311
2400 2 245693904 -71.1399 42.3832
2400 2 245668090 -71.1513 42.3364
2400 2 243496986 -71.0875 42.341
2400 2 243255403 -71.1465 42.3406
2400 2 239811084 -71.1303 42.3534
2400 2 241311358 -71.1353 42.3626
2400 2 243721532 -71.1222 42.3899
2400 2 244029839 -71.1208 42.3456
2400 2 245464683 -71.093 42.3499
2400 2 240720650 -71.1197 42.3475
2400 2 244089963 -71.0981 42.4173
2400 2 241036021 -71.1244 42.348
2400 2 244908275 -71.1144 42.3241
2400 2 243721587 -71.1336 42.3387
2400 2 239810814 -71.079 42.3829
2400 2 243937230 -71.1576 42.3731
2400 2 241018199 -71.1365 42.34
2400 2 239814105 -71.061 42.3484
2400 2 244910873 -71.0565 42.368
2400 2 244459406 -71.1185 42.3377
2400 2 239821267 -71.137 42.3564
2400 2 244766937 -71.1649 42.3679
2400 2 241311390 -71.1331 42.3517
2400 2 245392856 -71.0962 42.3428
2400 2 242372076 -71.1097 42.375
2400 2 243330857 -71.1242 42.3608
2400 2 239821268 -71.1371 42.3561
2400 2 242271656 -71.1465 42.3381
2400 2 245749699 -71.12103 42.401932
2400 2 245646757 -70.9859716 42.4214532
2400 2 238653039 -71.108 42.3891
2400 3 243497571 -71.1456 42.3527
2400 3 241230157 -71.1298 42.3542
2400 3 244326193 -71.1535 42.3408
2400 3 240720759 -71.1316 42.3554
2400 3 243671533 -71.1109 42.2982
2400 3 241265202 -71.0968 42.3176
2400 3 243851407 -71.1492 42.3431
2400 3 244711033 -71.0337 42.3689
2400 3 241464879 -71.1446 42.3435
2400 3 243715075 -71.1356 42.3582
2400 3 242036863 -71.154 42.3506
2400 3 245261268 -71.0894 42.3854
2400 3 243667400 -71.0891 42.3939
2400 3 241390448 -71.1591 42.3417
2400 3 239816985 -71.1665 42.3497
2400 3 241353964 -71.1295 42.3512
2400 3 243187565 -71.1335 42.3531
2400 3 235946969 -71.1609 42.3516
2400 3 239819535 -71.1666 42.3497
2400 3 243417221 -71.1313 42.3556
2400 3 244849270 -71.1578 42.3918
2400 3 239816906 -71.1664 42.3494
2400 3 240727043 -71.147 42.3525
2400 3 245508788 -71.158 42.3763
2400 3 239813351 -71.1384 42.346
2400 3 233837121 -71.1495 42.3467
2400 3 226125342 -71.1311 42.3597
2400 3 241585649 -71.1688 42.344
2400 3 236744032 -71.0299 42.366
2400 3 243417223 -71.1318 42.361
2400 3 241390449 -71.1746 42.351
2400 3 244540614 -71.1479 42.354
2400 3 241265282 -71.0322 42.3645
2400 3 236742041 -71.0938 42.3172
2400 3 243721285 -71.162 42.3515
2400 3 243721875 -71.0891 42.3939
2400 3 243722064 -71.173 42.3536
2400 3 244371638 -71.1428 42.2877
2400 3 241673432 -71.1628 42.3482
2400 3 239752875 -71.1318 42.3553
2400 3 243359696 -71.1422 42.3588
2400 3 241265363 -71.1209 42.3362
2400 3 245361365 -71.158 42.3505
2400 4 243255636 -71.1645 42.3661
2400 4 241265237 -71.1646 42.3659
2400 4 237535495 -71.0348 42.3683
2425 1 243420098 -71.0863 42.346
2425 1 243187864 -71.1539 42.2991
2425 2 241229988 -71.1541 42.2957
2425 3 239738274 -71.0949 42.3909
2425 3 240720176 -71.0949 42.3909
2450 0 243798168 -71.0796 42.3417
2450 1 245681683 -71.0836 42.339
2450 1 244910858 -71.118 42.3429
2450 1 231148589 -71.0861 42.3457
2450 1 244541105 -71.0983 42.3408
2450 1 245692663 -71.078 42.3846
2450 1 241018405 -71.0915 42.3475
2450 1 240723171 -71.07 42.3373
2450 1 235788715 -71.1291 42.3868
2450 1 245259099 -71.0515 42.3658
2450 2 243797978 -71.0937 42.37
2450 2 243797738 -71.0962 42.3428
2450 2 244326134 -71.1258 42.3507
2450 2 245465147 -71.0888 42.3444
2450 2 243937061 -71.0586 42.326
2450 2 243421615 -71.0707 42.3603
2450 2 244326191 -71.1189 42.3419
2450 2 244285719 -71.0937 42.3699
2450 2 243936965 -71.0936 42.3699
2450 2 243217615 -71.0807 42.3433
2450 2 243217845 -71.0813 42.3419
2450 2 236743425 -71.1057 42.3323
2450 2 230476290 -71.0962 42.3431
2450 2 245398037 -71.1468 42.3369
2450 2 237984953 -71.0703 42.3605
2450 2 244371660 -71.1189 42.308
2450 2 245560988 -71.0497 42.3331
2450 2 245689401 -71.1506145 42.3745561
2450 3 245681718 -71.126 42.3422
2450 3 245747761 -71.1091 42.3229
2450 3 242749783 -71.1498 42.3363
2450 3 243460430 -71.1538 42.3405
2450 3 244199079 -71.1023 42.3225
2450 3 236744068 -71.1211 42.2933
2450 3 241264912 -71.1538 42.3402
2450 3 244093921 -71.1091 42.3662
2450 3 240196031 -71.1344 42.3619
2450 3 244579727 -71.126 42.3422
2450 4 241416590 -71.062 42.4342
2475 1 245747359 -71.0786 42.3384
2475 1 243418590 -71.0747 42.3543
2475 1 240547667 -71.0865 42.346
2475 1 239815140 -71.0849 42.3455
2475 2 240720310 -71.121 42.3958
2475 2 243985859 -71.1325 42.3975
2475 2 245666707 -71.1563 42.3004
2500 0 244371950 -71.1297 42.3633
2500 0 243670988 -71.0757 42.3465
2500 1 245681734 -71.0515 42.3658
2500 1 244030712 -71.0694 42.3581
2500 1 243937273 -71.1491 42.3648
2500 1 245402237 -71.0674 42.3656
2500 1 245593920 -71.0756 42.3544
2500 1 244455222 -71.0634 42.3545
2500 1 244913529 -71.0811 42.4018
2500 1 244718465 -71.1418 42.3373
2500 1 235788437 -71.1235 42.3419
2500 1 244388292 -71.0518 42.3748
2500 1 243419825 -71.0833 42.3432
2500 1 244910473 -71.087 42.3497
2500 1 244616190 -71.063 42.3548
2500 1 244030689 -71.0692 42.358
2500 1 244840527 -71.0742 42.3486
2500 1 240724081 -71.0847 42.3455
2500 1 242126444 -71.0816 42.3388
2500 1 240821274 -71.0833 42.3432
2500 1 241263594 -71.0694 42.3581
2500 1 244945022 -71.0685 42.3603
2500 1 243060011 -71.071 42.3426
2500 1 245472248 -71.0872 42.3713
2500 2 245681681 -71.0526 42.3646
2500 2 245693656 -71.0905 42.373
2500 2 245064358 -71.1152 42.3084
2500 2 242371661 -71.1428 42.3375
2500 2 239815366 -71.0533 42.367
2500 2 240720657 -71.1313 42.3484
2500 2 243985870 -71.1262 42.3433
2500 2 224329047 -71.1444 42.3374
2500 2 243295014 -71.1173 42.3447
2500 2 243713145 -71.0347 42.3346
2500 2 242472818 -71.0392 42.3359
2500 2 240194778 -71.1191 42.3388
2500 2 243128952 -71.1388 42.3357
2500 2 225489202 -71.1338 42.3393
2500 2 243417233 -71.1178 42.3448
2500 2 244910504 -71.103 42.3696
2500 2 240720742 -71.1386 42.3458
2500 2 241353883 -71.1201 42.3802
2500 2 243128942 -71.1245 42.3389
2500 2 245563043 -71.0546 42.3677
2500 2 244131870 -71.1051 42.3865
2500 2 240244878 -71.1631 42.3215
2500 2 245263101 -71.0265 42.2948
2500 2 244059043 -71.1399 42.3834
2500 2 243497401 -71.157 42.3507
2500 2 226429383 -71.1535 42.3408
2500 2 243985877 -71.0987 42.3695
2500 2 243607741 -71.058 42.3665
2500 2 244616365 -71.0778 42.337
2500 2 243218226 -71.0534 42.3653
2500 2 240942893 -71.0393 42.3361
2500 2 240942502 -71.1499 42.377
2500 2 239824714 -71.0859 42.3453
2500 2 244908813 -71.1342 42.3837
2500 2 245508761 -71.1559 42.3754
2500 2 245646741 -71.1076601 42.3984165
2500 2 235377200 -71.128 42.3588
2500 2 240423961 -71.1236 42.3513
2500 2 245520865 -71.1482599 42.336165
2500 3 245744950 -71.1675 42.4184
2500 3 245749757 -71.1748439 42.385289
2500 3 243907485 -71.1561 42.3411
2500 3 241145525 -71.1023 42.3331
2500 3 244809596 -71.125 42.4138
2500 3 244811737 -71.173 42.3498
2500 3 243421808 -71.1226 42.3264
2500 3 243721158 -71.1346 42.3597
2500 3 241390445 -71.1603 42.3461
2500 3 241311848 -71.108 42.322
2500 3 241673479 -71.1457 42.3526
2500 3 244371649 -71.157 42.3507
2500 3 243331254 -71.1226 42.3264
2500 3 239816863 -71.1642 42.3521
2500 3 236184344 -71.1404 42.3591
2500 3 243008730 -71.1367 42.3454
2500 3 240728931 -71.1558 42.3549
2500 3 228139837 -71.1366 42.3585
2500 3 244553388 -71.0538 42.2926
2500 3 239813355 -71.1399 42.3521
2500 3 244160267 -71.103 42.385
2500 3 245259286 -71.1595 42.2595
2500 3 237986148 -71.1648 42.3519
2500 3 240621062 -71.1585 42.2591
2500 3 243937080 -71.0509 42.2935
2500 3 245261330 -71.1179 42.3964
2500 3 226132847 -71.1311 42.3599
2500 3 241673452 -71.125 42.3269
2500 3 241673510 -71.1508 42.3523
2500 3 244093933 -71.1514 42.3753
2500 3 240725554 -71.1696 42.356
2500 3 245075286 -71.1035 42.3314
2500 3 233643275 -71.1324 42.3493
2500 3 239811724 -71.1363 42.3382
2500 3 243670989 -71.1099 42.3324
2500 4 245660984 -71.0134 42.4259
2500 4 243331585 -71.1447 42.3266
2500 4 241264903 -71.131 42.3555
2500 4 243722809 -71.0972 42.3124
2500 4 239811891 -71.1 42.319
2500 4 240942282 -71.1312 42.3554
2500 4 244326155 -71.063 42.2969
2500 4 243096884 -71.0644 42.2997
2500 4 241165646 -71.1436 42.3609
2500 4 241264901 -71.1437 42.3608
2525 2 240719902 -71.1207 42.3961
2525 2 240354555 -71.1554 42.2999
2550 1 245593550 -71.056 42.3657
2550 1 244910898 -71.0702 42.3567
2550 1 244459681 -71.1303 42.3399
2550 1 243721031 -71.0497 42.3487
2550 1 240424324 -71.056 42.3657
2550 1 243670978 -71.0736 42.3702
2550 2 245681677 -71.0651 42.3606
2550 2 245747141 -71.1382 42.3362
2550 2 244766931 -71.1619 42.3621
2550 2 243880382 -71.0781 42.3433
2550 2 241265276 -71.0281 42.3368
2550 2 240721924 -71.1444 42.3374
2550 2 243798124 -71.085 42.3368
2550 2 240354552 -71.1313 42.3395
2550 2 240721692 -71.1337 42.3471
2550 2 245392874 -71.07 42.3373
2550 2 243797945 -71.1188 42.3952
2550 2 236764346 -71.0687 42.3607
2550 3 245668082 -71.1687 42.3438
2550 3 245668009 -71.1283 42.3543
2550 3 243417518 -71.1334 42.3494
2550 3 240976893 -71.1698 42.3564
2550 3 240976883 -71.1541 42.3404
2550 3 240725074 -71.1321 42.3595
2550 3 239813358 -71.1322 42.3594
2550 3 239744350 -71.1318 42.3592
2550 3 226300240 -71.1316 42.3612
2550 4 244131866 -71.1111 42.3954
2550 4 239811872 -71.0631 42.3208
2575 0 244129450 -71.0503 42.3772
2575 1 244910809 -71.1261 42.373
2575 2 245746881 -71.1411 42.3503
2575 2 241165609 -71.1379 42.3361
2600 0 245738580 -71.0624303 42.3518415
2600 1 245681651 -71.0644 42.3522
2600 1 245744942 -71.107 42.3719
2600 1 245749718 -71.0799463 42.3510791
2600 1 245749732 -71.0803945 42.3532793
2600 1 244579876 -71.0834 42.3496
2600 1 244995170 -71.0579 42.3507
2600 1 245145389 -71.0713 42.3701
2600 1 244717373 -71.0851 42.3509
2600 1 243419046 -71.0804 42.345
2600 1 245593290 -71.0803 42.345
2600 1 245071357 -71.0932 42.3494
2600 1 245666688 -71.0644 42.3522
2600 1 240733591 -71.0894 42.3495
2600 1 243421639 -71.1155 42.3303
2600 1 244910808 -71.0783 42.3708
2600 1 245545190 -71.1031 42.3343
2600 1 243417972 -71.0767 42.3511
2600 1 241145335 -71.1308 42.3395
2600 1 240242678 -71.121 42.3439
2600 1 240733638 -71.0866 42.3501
2600 1 243418762 -71.0682 42.3443
2600 1 244910811 -71.0786 42.3707
2600 1 245592783 -71.0815 42.3385
2600 1 245605469 -71.0856 42.3601
2600 1 244910899 -71.0651 42.3572
2600 1 243295418 -71.0841 42.352
2600 1 240723949 -71.0682 42.3443
2600 1 245310181 -71.0561 42.3423
2600 1 244423630 -71.1217 42.385
2600 1 243419037 -71.0807 42.3453
2600 1 245433158 -71.0851 42.3509
2600 2 245747822 -71.1077 42.3185
2600 2 245747225 -71.0665 42.3593
2600 2 245746903 -71.0801 42.3452
2600 2 245668016 -71.1252 42.3601
2600 2 245693569 -71.097 42.3428
2600 2 245398822 -71.1012 42.3419
2600 2 241230198 -71.1504 42.3386
2600 2 241310774 -71.1506 42.3389
2600 2 241145578 -71.1253 42.3504
2600 2 236744047 -71.0554 42.3291
2600 2 243421342 -71.0729 42.3451
2600 2 240724668 -71.0421 42.3316
2600 2 224454592 -71.1115 42.3312
2600 2 240722693 -71.1507 42.3431
2600 2 241145594 -71.1512 42.3431
2600 2 245508759 -71.1733 42.3825
2600 2 240146085 -71.1427 42.338
2600 2 241230221 -71.1502 42.3392
2600 2 241145445 -71.1428 42.3379
2600 2 244504342 -71.1013 42.342
2600 2 243218137 -71.1357 42.3839
2600 2 240720691 -71.151 42.3432
2600 2 241018518 -71.0892 42.3508
2600 2 244285857 -71.1382 42.3465
2600 2 243007973 -71.143 42.3404
2600 2 241264914 -71.151 42.343
2600 2 244372039 -71.0811 42.4021
2600 2 244846941 -71.1271 42.3338
2600 2 240942727 -71.1204 42.3826
2600 2 245509059 -71.0396488 42.3327927
2600 3 245749692 -71.059628 42.320951
2600 3 244022084 -71.134 42.3611
2600 3 226430534 -71.162 42.3492
2600 3 243762739 -71.1325 42.3606
2600 3 241459596 -71.1057 42.3323
2600 3 236754456 -71.1089 42.3314
2600 3 241195925 -71.1388 42.3531
2600 3 245474999 -71.0861 42.3455
2600 3 239817606 -71.1367 42.349
2600 3 224329137 -71.1279 42.3522
2600 3 234809118 -71.1618 42.3492
2600 3 240720782 -71.1366 42.349
2600 3 243851455 -71.1562 42.3556
2600 3 239821160 -71.1366 42.3491
2600 3 242472849 -71.1726 42.3498
2600 3 241265225 -71.0971 42.3132
2600 3 243937249 -71.1661 42.3742
2600 3 241390338 -71.1366 42.3492
2600 3 233643673 -71.1616 42.3492
2600 3 240723166 -71.1045 42.3213
2600 3 240620984 -71.139 42.3443
2600 3 245508049 -71.1686 42.3716
2600 3 241464465 -71.1021 42.3301
2600 3 243762734 -71.1604 42.3416
2600 3 244995935 -71.1162 42.2935
2600 3 228368582 -71.1268 42.3548
2600 3 241354150 -71.0951 42.3264
2600 3 228376657 -71.1454 42.3543
2600 3 244801701 -71.1321 42.3604
2600 3 244459718 -71.1251 42.3277
2600 3 243907719 -71.1381 42.3464
2600 3 243907478 -71.1579 42.3561
2600 3 245611546 -71.0590558 42.3231515
2600 3 244915661 -71.1292 42.3509
2600 4 245747578 -71.1284 42.3549
2600 4 243331611 -71.0972 42.3123
2600 4 242037236 -71.1674 42.3674
2600 4 241265236 -71.1126 42.3077
2600 4 243571096 -71.0051 42.3892
2625 1 244849133 -71.1611 42.4248
2625 1 243670940 -71.0492 42.3402
2625 2 228368766 -71.1214 42.3469
2625 3 236752582 -71.1144 42.3024
2625 3 236762240 -71.1144 42.3024
2650 0 240727104 -71.1122 42.3249
2650 1 241265818 -71.098 42.3433
2650 1 243418332 -71.0533 42.3662
2650 1 243290909 -71.0658 42.3643
2650 1 243420928 -71.0981 42.3436
2650 1 240724910 -71.0806 42.3516
2650 1 237985856 -71.0696 42.3438
2650 1 239816972 -71.0827 42.3493
2650 1 237673675 -71.0629 42.3486
2650 2 245462292 -71.0519 42.3652
2650 2 239822213 -71.134 42.3469
2650 2 240908182 -71.0701 42.3373
2650 2 243533945 -71.0573 42.3651
2650 2 245393152 -71.0526 42.3646
2650 2 245393483 -71.0553 42.3631
2650 2 245749711 -71.0447015 42.3363157
2650 2 244094343 -71.0518 42.3651
2650 3 245681705 -71.0797 42.3855
2650 3 245668029 -71.1284 42.3525
2650 3 236736793 -71.102 42.3275
2650 3 228139421 -71.1381 42.3527
2650 3 241464600 -71.1023 42.3214
2650 3 226124853 -71.1346 42.3549
2650 3 242036811 -71.171 42.3457
2650 3 236743413 -71.1005 42.3144
2650 3 241230227 -71.141 42.346
2650 3 241673558 -71.1732 42.318
2650 3 241673660 -71.1034 42.3863
2650 3 243670921 -71.1421 42.3418
2650 4 245507920 -71.1421 42.3418
2650 4 243569731 -71.0604 42.3209
2675 2 244398598 -71.0649 42.3598
2675 2 244443769 -71.1246 42.3498
2675 2 232197535 -71.065 42.3598
2675 2 244945017 -71.1239 42.3405
2675 2 243670966 -71.0649 42.3598
2675 3 245667973 -71.1237 42.3602
2675 3 243670443 -71.1512 42.3397
2675 3 241145558 -71.1515 42.3406
2675 3 245666686 -71.1514 42.3373
2675 4 234640048 -71.1521 42.3388
2700 0 240725139 -71.1104 42.3293
2700 1 245747875 -71.0726 42.337
2700 1 245747752 -71.0526 42.3573
2700 1 245729344 -71.0771712 42.3397454
2700 1 245592724 -71.0906 42.3507
2700 1 245592219 -71.0762 42.3532
2700 1 241265201 -71.1014 42.3717
2700 1 242873516 -71.0801 42.3393
2700 1 245749713 -71.0799818 42.345951
2700 1 242271478 -71.1072 42.3606
2700 1 243986033 -71.0781 42.3433
2700 1 223140159 -71.1391 42.3938
2700 1 216872638 -71.0671 42.3443
2700 1 241850242 -71.0675 42.3487
2700 1 235773817 -71.0389 42.3678
2700 1 235788631 -71.0513 42.3397
2700 2 245681673 -71.0668 42.3602
2700 2 245729254 -71.1177 42.3474
2700 2 245681733 -71.0987 42.3313
2700 2 245747530 -71.1027 42.3472
2700 2 245746493 -71.1225 42.3823
2700 2 245747256 -71.1197 42.3947
2700 2 245747281 -71.0562 42.3667
2700 2 245747180 -71.1396 42.3482
2700 2 245746959 -71.0936 42.3482
2700 2 245693783 -71.1399 42.3379
2700 2 245744939 -71.1094 42.3775
2700 2 245747008 -71.0799 42.34
2700 2 240720698 -71.1393 42.3483
2700 2 245466527 -71.1364 42.3382
2700 2 243671300 -71.1179 42.3393
2700 2 243060168 -71.0786 42.3384
2700 2 239811168 -71.1321 42.3495
2700 2 245593482 -71.0748 42.3363
2700 2 245073601 -71.119 42.3857
2700 2 239810353 -71.1321 42.35
2700 2 241229851 -71.1178 42.3397
2700 2 240720616 -71.1324 42.3499
2700 2 243798066 -71.114 42.3824
2700 2 239811128 -71.1254 42.3504
2700 2 243418974 -71.0877 42.3433
2700 2 243419402 -71.0813 42.3449
2700 2 244910503 -71.1138 42.3709
2700 2 240725567 -71.0701 42.3604
2700 2 240723963 -71.0692 42.3594
2700 2 240245548 -71.0748 42.3363
2700 2 240424664 -71.0559 42.3641
2700 2 243418836 -71.1602 42.3585
2700 2 240734494 -71.0813 42.3449
2700 2 243670905 -71.1086 42.3921
2700 2 245606229 -71.09 42.3434
2700 2 243007989 -71.1348 42.3391
2700 2 236744050 -71.1068 42.3276
2700 2 245511865 -71.057441 42.349842
2700 2 245554026 -71.1190057 42.4015659
2700 3 245667994 -71.1296 42.3593
2700 3 245693532 -71.1489 42.3387
2700 3 237822400 -71.1267 42.3546
2700 3 241390460 -71.1695 42.3559
2700 3 240195136 -71.1407 42.3465
2700 3 241673616 -71.1331 42.3834
2700 3 240725536 -71.1696 42.356
2700 3 240197343 -71.1453 42.3444
2700 3 243721653 -71.1059 42.3332
2700 3 241520964 -71.1539 42.351
2700 3 223270160 -71.1041 42.3202
2700 3 240821292 -71.1662 42.3753
2700 3 241230212 -71.1381 42.3462
2700 3 239813367 -71.1355 42.3547
2700 3 241464614 -71.1189 42.3371
2700 3 240942436 -71.1451 42.3439
2700 3 242138214 -71.1536 42.3388
2700 3 240242503 -71.1492 42.3572
2700 3 237822569 -71.1381 42.3525
2700 3 236583171 -71.1573 42.3494
2700 3 243721171 -71.1297 42.3519
2700 3 242749718 -71.127 42.3548
2700 3 241673572 -71.1451 42.34
2700 3 234810931 -71.1513 42.3364
2700 3 237822839 -71.1353 42.3541
2700 3 239813370 -71.1454 42.3445
2700 3 234640420 -71.1454 42.3404
2700 3 245465784 -71.1358 42.3526
2700 3 244371795 -71.1393 42.3608
2700 3 243907489 -71.1594 42.3458
2700 3 240729541 -71.1296 42.3516
2700 3 228139428 -71.139 42.3486
2700 3 226430614 -71.133 42.3514
2700 3 245749795 -71.1608952 42.3527865
2700 3 243218190 -71.092 42.3939
2700 3 245554058 -71.0407988 42.2871234
2700 4 243331609 -71.1002 42.3139
2700 4 243936878 -71.1003 42.3139
2700 4 243295295 -71.1004 42.314
2700 4 243218239 -71.1006 42.3864
2700 4 236755441 -71.0568 42.3141
2700 4 244030559 -71.09 42.3715
2700 4 244285987 -71.1098 42.4098
2750 1 245746645 -71.0518 42.3622
2750 1 243255562 -71.0569 42.3589
2750 2 245729178 -71.1168 42.3473
2750 2 245698999 -71.0497 42.3322
2750 2 245592667 -71.0684 42.3592
2750 2 241521898 -71.074 42.3465
2750 2 244855227 -71.1434 42.2832
2750 2 243798079 -71.0903 42.3295
2750 2 241099357 -71.0683 42.3593
2750 2 236744045 -71.1052 42.3207
2750 2 243937090 -71.0563 42.3184
2750 2 241464188 -71.091 42.3469
2750 2 244846933 -71.1379 42.336
2750 2 243533282 -71.1075 42.366
2750 2 243294956 -71.0533 42.367
2750 3 236736781 -71.1115 42.3312
2750 3 241264941 -71.1295 42.3536
2750 3 228142996 -71.1297 42.3504
2750 3 243851457 -71.1661 42.3658
2750 3 242749716 -71.1359 42.3477
2750 3 240942416 -71.1287 42.3508
2750 3 228376644 -71.1694 42.3459
2750 3 238106447 -71.1485 42.3418
2750 4 237986057 -71.1609 42.3538
2750 4 245749698 -71.167213 42.3466157
2775 1 223853900 -71.0875 42.3462
2775 1 245538629 -71.0782887 42.3721225
2775 2 243721396 -71.1189 42.345
2775 3 240721392 -71.1514 42.3409
2775 3 233113144 -71.1499 42.3397
2775 3 239813371 -71.151 42.3398
2775 3 239810797 -71.15 42.3396
2775 3 245554024 -71.1250446 42.4086752
2800 0 245732217 -71.0786 42.3541
2800 0 223843171 -71.0671 42.3443
2800 1 245263557 -71.0824 42.3379
2800 1 245606956 -71.0824 42.3379
2800 1 242873523 -71.0829 42.3381
2800 1 243421747 -71.0701 42.3417
2800 1 244908283 -71.1292 42.381
2800 1 224329638 -71.0584 42.3575
2800 1 240725798 -71.0757 42.3465
2800 1 244717024 -71.1014 42.3442
2800 1 244371952 -71.1297 42.3633
2800 1 241354355 -71.0862 42.3441
2800 1 245554030 -71.0379281 42.331347
2800 2 245681653 -71.067 42.3608
2800 2 245747670 -71.0657 42.3423
2800 2 245747706 -71.0759 42.3367
2800 2 245747526 -71.071 42.3426
2800 2 245747722 -71.0619 42.3561
2800 2 245598418 -71.0701 42.3604
2800 2 244580485 -71.0877 42.3423
2800 2 243985966 -71.091 42.3469
2800 2 243986131 -71.0915 42.3472
2800 2 241018456 -71.1385 42.3377
2800 2 242138431 -71.1386 42.3381
2800 2 237822473 -71.122 42.345
2800 2 240280310 -71.091 42.3425
2800 2 243294900 -71.0986 42.3266
2800 2 241521276 -71.0827 42.3792
2800 2 243129524 -71.0882 42.3472
2800 2 244913527 -71.0473 42.339
2800 2 243798035 -71.1317 42.3859
2800 2 243936503 -71.1461 42.3383
2800 2 245319120 -71.1363 42.3383
2800 2 244651493 -71.1263 42.3414
2800 2 233970273 -71.1222 42.3446
2800 2 240726857 -71.091 42.3425
2800 2 245500866 -71.046303 42.3380788
2800 2 237983019 -71.108 42.348
2800 3 245747694 -71.1586 42.3514
2800 3 245745231 -71.1504 42.3369
2800 3 245747586 -71.0844 42.3356
2800 3 240976951 -71.1127 42.332
2800 3 243059999 -71.1456 42.3266
2800 3 244915959 -71.1094 42.333
2800 3 226126677 -71.1369 42.3489
2800 3 236743428 -71.108 42.3315
2800 3 239813375 -71.1516 42.3397
2800 3 244579833 -71.1014 42.3175
2800 3 239813382 -71.1367 42.3454
2800 3 244651480 -71.0838 42.3358
2800 3 241264944 -71.1368 42.3454
2800 3 244160260 -71.0999 42.3824
2800 3 240424163 -71.1379 42.3386
2800 3 244030096 -71.1368 42.3824
2800 3 241850965 -71.1275 42.3454
2800 3 226301640 -71.1473 42.3393
2800 3 243937191 -71.1332 42.3524
2800 3 239813379 -71.1424 42.3417
2800 3 243721222 -71.1816 42.3579
2800 3 243568427 -71.1363 42.3383
2800 3 241310772 -71.1334 42.3521
2800 3 241230244 -71.1366 42.3455
2800 3 241850979 -71.09 42.3736
2800 3 243629879 -71.1588 42.3514
2800 3 241464617 -71.1391 42.3417
2800 3 241035440 -71.0836 42.3357
2800 3 239813369 -71.1376 42.3447
2800 3 245045002 -71.1019 42.4271
2800 3 243417176 -71.146 42.3381
2800 3 240574653 -71.1377 42.3389
2800 3 239810877 -71.0777 42.3858
2800 3 233969561 -71.1208 42.3324
2800 4 245747542 -71.1013 42.3222
2800 4 245667527 -71.1785 42.3613
2800 4 245473381 -71.1494 42.3511
2800 4 244285678 -71.0981 42.3897
2800 4 241585357 -71.1562 42.3478
2800 4 241310771 -71.1398 42.3468
2800 4 243331554 -71.1404 42.3468
2800 4 244908298 -71.1024 42.3157
2800 4 241464878 -71.1043 42.324
2800 4 245075593 -71.1069 42.3232
2800 4 240729377 -71.1446 42.3598
2800 4 223271175 -71.0337 42.3673
2800 4 241941545 -71.1722 42.3784
2800 4 244371955 -71.0411 42.2909
2800 4 241230011 -71.1555 42.3504
2800 4 236744074 -71.0186 42.3833
2800 4 241230243 -71.14 42.3469
2800 4 243568284 -71.1552 42.3503
2800 4 225337174 -71.13 42.3575
2800 4 239825019 -71.1641 42.3501
2800 4 236736813 -71.1035 42.3277
2800 4 243359609 -71.1494 42.353
2825 1 243851300 -71.1297 42.3632
2825 3 241264949 -71.1499 42.3364
2825 3 239813384 -71.1416 42.3415
2825 3 226430527 -71.1423 42.3419
2850 1 244058134 -71.0521 42.3418
2850 2 245746590 -71.1143 42.3827
2850 2 245747840 -71.0444 42.3341
2850 2 245749770 -71.080535 42.339866
2850 2 244094051 -71.0666 42.3594
2850 2 245693632 -71.0444 42.3341
2850 2 245433263 -71.0421 42.3375
2850 2 245500893 -71.0655837 42.3642806
2850 2 235788709 -71.1291 42.3868
2850 2 243417202 -71.1201 42.3475
2850 2 241464990 -71.0741 42.3465
2850 2 245561164 -71.1249165 42.3377358
2850 3 245747629 -71.1027 42.3472
2850 3 243721178 -71.1801 42.369
2850 3 245667658 -71.084 42.3487
2850 3 241464901 -71.1101 42.332
2850 3 243129651 -71.1313 42.3589
2850 3 236743399 -71.1115 42.3314
2850 3 236754439 -71.1086 42.3234
2850 3 230991650 -71.1056 42.377
2850 3 239813386 -71.1259 42.3423
2875 3 228143172 -71.1422 42.3416
2875 4 241230224 -71.0818 42.3861
2900 1 245681730 -71.1004 42.3622
2900 1 245722625 -71.0558081 42.3423657
2900 1 245716866 -71.052144 42.3419681
2900 1 244909479 -71.0821 42.3528
2900 1 244909973 -71.13 42.3979
2900 1 243798152 -71.0781 42.3448
2900 1 222934853 -71.0537 42.3757
2900 2 245729370 -71.0698 42.3576
2900 2 245744935 -71.1251 42.3884
2900 2 243936478 -71.1371 42.3367
2900 2 244908498 -71.049 42.352
2900 2 243418412 -71.0656 42.34
2900 2 240405780 -71.0687 42.3432
2900 2 244459476 -71.0874 42.3702
2900 2 244160258 -71.1092 42.3971
2900 2 239761231 -71.1215 42.3398
2900 2 242138434 -71.1098 42.3456
2900 2 243497436 -71.1424 42.3378
2900 2 245473878 -71.1423 42.3378
2900 2 245475110 -71.0653 42.3427
2900 2 240726843 -71.0882 42.3434
2900 2 245056536 -71.117 42.3419
2900 2 245589954 -71.0511856 42.3384071
2900 3 245651979 -71.0885 42.3263
2900 3 244540749 -71.0977 42.3319
2900 3 243417218 -71.1296 42.3516
2900 3 243880544 -71.1268 42.3512
2900 3 224329066 -71.1296 42.3516
2900 3 226300506 -71.1328 42.3487
2900 3 243460590 -71.123 42.3306
2900 3 244030376 -71.1134 42.3616
2900 3 241229371 -71.1413 42.3453
2900 3 239813393 -71.1474 42.3407
2900 3 238106423 -71.1476 42.3409
2900 3 244398680 -71.0976 42.3317
2900 3 241464642 -71.117 42.335
2900 3 243418018 -71.1294 42.3516
2900 3 236736795 -71.1052 42.3327
2900 3 239822216 -71.1378 42.3391
2900 3 244236365 -71.1469 42.3369
2900 3 243295195 -71.1231 42.3306
2900 3 238106487 -71.1469 42.3418
2900 4 245692625 -71.1444 42.3406
2900 4 243217420 -71.1561 42.3476
2900 4 240243212 -71.1286 42.3517
2900 4 240720708 -71.1458 42.3266
2900 4 241264952 -71.1571 42.3495
2900 4 243255595 -71.157 42.3496
2900 4 236736807 -71.0334 42.3691
2900 4 240942291 -71.157 42.3498
2900 4 239814420 -71.1458 42.3266
2900 4 243798128 -71.0888 42.3938
2900 4 245749723 -71.096034 42.316817
2925 0 244716885 -71.0627 42.3452
2925 1 244910469 -71.0701 42.3599
2925 4 240720088 -71.0965 42.396
2925 4 237536810 -71.0965 42.396
2950 1 245681701 -71.0786 42.366
2950 1 245749374 -71.079442 42.3534533
2950 1 243151706 -71.0577 42.3426
2950 1 243460183 -71.0762 42.3515
2950 1 241265649 -71.0665 42.3594
2950 1 245500903 -71.0740342 42.3525981
2950 2 245721791 -71.0929863 42.3844953
2950 2 244908291 -71.0804 42.3455
2950 2 239738870 -71.1112 42.3823
2950 2 240621526 -71.0781 42.3433
2950 2 240942596 -71.1019 42.3625
2950 3 245693853 -71.1433 42.3259
2950 3 237074445 -71.1099 42.3324
2950 3 245465780 -71.0843 42.3484
2950 3 243794442 -71.1374 42.3486
2950 3 228376659 -71.1331 42.354
2950 3 243460563 -71.1234 42.348
2950 4 228139422 -71.1555 42.3423
2950 4 242472432 -71.1633 42.3204
2975 1 244129449 -71.0503 42.3772
2975 1 236417155 -71.0822 42.3447
2975 2 244198980 -71.0694 42.343
2975 5 245056765 -71.1314 42.3557
3000 0 244243413 -71.0553 42.4044
3000 1 243460157 -71.0723 42.3548
3000 1 245074432 -71.0751 42.3712
3000 1 245606712 -71.1021 42.3339
3000 1 241099315 -71.0726 42.3543
3000 1 243793815 -71.0788 42.3343
3000 1 240909036 -71.0883 42.35
3000 1 241354013 -71.0883 42.35
3000 1 241099467 -71.0723 42.3548
3000 1 244579653 -71.0678 42.3603
3000 2 245748107 -71.058 42.3661
3000 2 243936403 -71.1286 42.339
3000 2 239815210 -71.0444 42.3364
3000 2 243418546 -71.0791 42.3376
3000 2 245592194 -71.0889 42.3504
3000 2 240734744 -71.0949 42.4192
3000 2 239813398 -71.0884 42.3434
3000 2 237819753 -71.1052 42.3462
3000 2 244908413 -71.0535 42.3619
3000 2 245076754 -71.1036 42.3428
3000 2 244030568 -71.1153 42.3615
3000 2 228139402 -71.1056 42.3469
3000 2 245592666 -71.0783 42.338
3000 2 245749788 -71.0882826 42.3509871
3000 2 241229694 -71.1152 42.3406
3000 2 244030879 -71.1543 42.3423
3000 2 243607766 -71.1241 42.39
3000 2 245722886 -71.1105662 42.4184533
3000 2 233643410 -71.1265 42.3426
3000 2 245729340 -71.0622962 42.3748362
3000 2 237299747 -71.0754 42.3416
3000 2 241311673 -71.0737 42.3389
3000 2 240424706 -71.0553 42.3663
3000 2 244908622 -71.1284 42.395
3000 2 243420256 -71.0737 42.3389
3000 2 240726085 -71.1049 42.3736
3000 2 243417723 -71.1266 42.3427
3000 2 224162556 -71.0928 42.4084
3000 2 240726773 -71.0886 42.3424
3000 2 237396875 -71.0705 42.3444
3000 2 245056535 -71.1163 42.3419
3000 2 245749052 -71.0935845 42.3499354
3000 3 245745933 -71.0517 42.3344
3000 3 245747060 -71.1328 42.3467
3000 3 245667983 -71.1243 42.3602
3000 3 244615559 -71.1414 42.345
3000 3 243497584 -71.1172 42.3434
3000 3 241461675 -71.1089 42.3289
3000 3 243797619 -71.0366 42.3298
3000 3 245056170 -71.1171 42.3364
3000 3 240195402 -71.1442 42.3372
3000 3 239810816 -71.0971 42.3305
3000 3 241229366 -71.1329 42.3542
3000 3 242995158 -71.0979 42.3742
3000 3 239816951 -71.1329 42.3393
3000 3 241850989 -71.1359 42.3987
3000 3 239820804 -71.1327 42.3398
3000 3 241265923 -71.1412 42.3454
3000 3 243492425 -71.1232 42.4007
3000 3 241230177 -71.1331 42.354
3000 3 236742013 -71.1001 42.3301
3000 3 239821263 -71.1331 42.3541
3000 3 236754454 -71.1071 42.3328
3000 3 242472465 -71.162 42.3543
3000 3 243798086 -71.1064 42.3743
3000 3 240977178 -71.1121 42.3321
3000 3 239816971 -71.1328 42.3393
3000 3 239813400 -71.1331 42.3399
3000 3 240574222 -71.1163 42.3363
3000 3 244030888 -71.1621 42.3504
3000 3 239824718 -71.0998 42.3431
3000 3 245361514 -71.1578 42.3419
3000 3 233970336 -71.1623 42.3339
3000 3 245749739 -71.1250645 42.3364526
3000 3 240727053 -71.1127 42.332
3000 3 240726111 -71.1031 42.3777
3000 3 243497599 -71.1318 42.3459
3000 4 245681724 -71.1032 42.3787
3000 4 245681703 -71.0979 42.3742
3000 4 226124066 -71.138 42.353
3000 4 241265211 -71.109 42.3322
3000 4 241265925 -71.1563 42.3508
3000 4 243331560 -71.1356 42.3529
3000 4 242749756 -71.1358 42.3529
3000 4 244801888 -71.1336 42.3995
3000 4 239811922 -71.1074 42.3805
3000 4 243330753 -71.1571 42.3509
3000 4 237983088 -71.1573 42.3499
3000 4 244503778 -71.1493 42.3553
3000 4 241310769 -71.1358 42.3529
3000 4 244371472 -71.1798 42.4069
3000 4 239814389 -71.1324 42.3593
3000 4 240591192 -71.1358 42.3619
3000 4 239813708 -71.1454 42.3265
3000 4 226300528 -71.1376 42.3552
3000 4 240720884 -71.1729 42.3539
3000 4 240821205 -71.1166 42.3935
3000 4 240460645 -71.1734 42.3533
3000 4 226430523 -71.15 42.3477
3000 4 243218108 -71.1334 42.4001
3000 4 238425004 -71.0371 42.368
3000 5 243798267 -71.0619 42.2891
3050 1 241660901 -71.065 42.3436
3050 1 244908499 -71.0532 42.3674
3050 1 224816170 -71.0602 42.3525
3075 3 241145762 -71.1463 42.3407
3100 1 239823232 -71.1122 42.3249
3100 1 240725141 -71.1104 42.3293
3100 1 240317518 -71.1112 42.3268
3100 1 244909697 -71.0875 42.3436
3100 2 227282660 -71.0886 42.3432
3100 2 227282656 -71.0885 42.343
3100 2 240721812 -71.0781 42.3848
3100 2 245545191 -71.1031 42.3343
3100 2 245592971 -71.0762 42.3362
3100 2 241311711 -71.0647 42.3436
3100 2 241145356 -71.1308 42.3395
3100 2 234164201 -71.078 42.3846
3100 2 241311677 -71.0645 42.3437
3100 2 239813330 -71.095 42.3428
3100 2 235773812 -71.0389 42.3678
3100 3 245747529 -71.1027 42.3472
3100 3 245744934 -71.0942 42.3685
3100 3 230084899 -71.1261 42.353
3100 3 241145620 -71.1235 42.3482
3100 3 239814129 -71.1044 42.3268
3100 3 236743400 -71.0998 42.3319
3100 3 238106183 -71.1671 42.3437
3100 3 233113296 -71.1516 42.3481
3100 3 244285648 -71.1228 42.4005
3100 3 245693643 -71.0477 42.3315
3100 3 243417239 -71.1318 42.3541
3100 3 243359791 -71.1585 42.34
3100 3 240942718 -71.1102 42.3578
3100 3 240729265 -71.1492 42.3548
3100 3 242472492 -71.1461 42.3361
3100 3 239760671 -71.1488 42.3548
3100 3 244806098 -71.0994 42.3712
3100 4 243331555 -71.1572 42.351
3100 4 241265929 -71.1563 42.3508
3100 4 223270252 -71.0313 42.3658
3100 4 240721258 -71.0956 42.3188
3100 4 228139439 -71.1395 42.349
3100 4 241229358 -71.1563 42.3508
3100 4 237983485 -71.1254 42.3549
3100 4 241165588 -71.1564 42.3507
3100 4 237986070 -71.1616 42.3551
3100 4 239811075 -71.1382 42.3527
3100 4 237822655 -71.1381 42.3526
3100 5 243330701 -71.1385 42.3415
3100 5 236744030 -71.0887 42.3256
3125 4 240720201 -71.0959 42.395
3150 2 245668074 -71.1244 42.3523
3150 2 244909765 -71.0748 42.3519
3150 3 239813404 -71.1316 42.3542
3150 3 243418019 -71.1311 42.3546
3150 3 243497234 -71.0895 42.3456
3150 4 240723188 -71.1104 42.3328
3175 1 245681671 -71.0415 42.3483
3175 2 240722798 -71.1162 42.3425
3175 2 239746567 -71.1166 42.3419
3175 2 245085730 -71.1316 42.2866
3175 3 241264918 -71.1204 42.3434
3175 3 241145715 -71.1207 42.3434
3200 1 245144986 -71.1124 42.3604
3200 2 241311606 -71.1082 42.348
3200 2 245068164 -71.131 42.3398
3200 2 242873546 -71.0735 42.3468
3200 2 243420152 -71.0801 42.3384
3200 2 236760360 -71.0491 42.339
3200 2 245077265 -71.0711 42.3819
3200 2 223270914 -71.0897 42.3425
3200 2 242873644 -71.0716 42.3817
3200 2 244908288 -71.1118 42.3685
3200 2 245500877 -71.0543195 42.3357883
3200 2 244025169 -71.0702 42.3429
3200 3 245747554 -71.1226 42.3506
3200 3 245746268 -71.1311 42.395
3200 3 245747880 -71.1311 42.395
3200 3 244059041 -71.1344 42.3846
3200 3 241521258 -71.0984 42.3682
3200 3 240976586 -71.1494 42.344
3200 3 241230261 -71.1495 42.344
3200 3 236743358 -71.1035 42.3225
3200 3 243059986 -71.1511 42.3415
3200 3 244580410 -71.1058 42.3326
3200 3 245521203 -71.0139 42.2581
3200 3 243460546 -71.1492 42.344
3200 3 241229349 -71.1315 42.3533
3200 3 241310526 -71.1312 42.3538
3200 3 242269213 -71.1252 42.3338
3200 3 243418975 -71.0886 42.3437
3200 4 245692603 -71.1577 42.3509
3200 4 243762894 -71.1673 42.3467
3200 4 244030319 -71.1673 42.3467
3200 4 228142883 -71.1644 42.3524
3200 4 242472501 -71.1482 42.3363
3200 4 245259506 -71.1627 42.3539
3200 4 241310528 -71.1307 42.3547
3200 4 229796403 -71.1477 42.3448
3200 4 237819015 -71.1485 42.3418
3200 4 237986081 -71.133 42.3525
3200 4 244398594 -71.1676 42.3476
3200 4 228142941 -71.1384 42.3543
3200 4 240723094 -71.1012 42.3273
3200 4 240195227 -71.1455 42.3416
3200 4 239814454 -71.1473 42.3413
3200 4 241229353 -71.1306 42.3546
3200 4 244030878 -71.1455 42.3441
3200 4 243937182 -71.1673 42.3467
3200 4 239820760 -71.1467 42.3414
3200 4 243331618 -71.1465 42.3359
3200 4 243722841 -71.1334 42.3541
3200 4 243255518 -71.1331 42.354
3200 4 245068406 -71.1188 42.3313
3200 4 234942907 -71.164 42.3524
3200 4 236743355 -71.0994 42.3122
3200 4 243331210 -71.1464 42.3359
3200 4 244806411 -71.0957 42.3757
3200 4 243218320 -71.1304 42.3545
3200 4 243359605 -71.1351 42.35
3200 4 230219812 -71.1477 42.3448
3200 5 240197554 -71.1728 42.3535
3200 5 240197487 -71.1733 42.3536
3200 5 244913351 -71.1135 42.2983
3225 1 244326414 -71.0574 42.3581
3225 2 245681719 -71.0503 42.3772
3225 2 244129448 -71.0503 42.3772
3225 2 240978003 -71.098 42.3433
3250 1 245729345 -71.0747574 42.3395342
3250 2 222934855 -71.0537 42.3757
3250 2 244908285 -71.11 42.368
3250 2 240486035 -71.0845 42.3454
3250 2 243880467 -71.0818 42.3424
3250 2 239815422 -71.0654 42.3426
3250 2 240425138 -71.0843 42.3455
3250 2 241195607 -71.0629 42.3486
3250 2 245056533 -71.1209 42.3795
3250 3 245692609 -71.0864 42.3365
3250 4 244545811 -71.1039 42.3277
3275 2 245681731 -71.1221 42.3805
3275 2 245681654 -71.1221 42.3746
3300 1 245681676 -71.0594 42.3529
3300 1 208869445 -71.0484 42.3501
3300 1 225827919 -71.0961 42.3454
3300 2 245746758 -71.112 42.3623
3300 2 245606227 -71.0649 42.3427
3300 2 243937179 -71.1444 42.389
3300 2 243359820 -71.0742 42.3695
3300 2 240461080 -71.0972 42.3433
3300 2 243851063 -71.1107 42.3207
3300 2 245149124 -71.1254 42.3309
3300 2 237673620 -71.0843 42.3484
3300 2 243937013 -71.1066 42.358
3300 2 223843172 -71.0671 42.3443
3300 3 245681668 -71.1168 42.3473
3300 3 245735734 -71.1292 42.344
3300 3 240243766 -71.1255 42.3492
3300 3 243607749 -71.0693 42.3604
3300 3 238106395 -71.1456 42.3406
3300 3 238106460 -71.1199 42.3476
3300 3 240720018 -71.1045 42.379
3300 3 245593181 -71.1009 42.3428
3300 3 236760362 -71.1007 42.3309
3300 3 240574758 -71.1582 42.3524
3300 3 241264913 -71.1254 42.3492
3300 3 238106106 -71.1458 42.3406
3300 3 237986133 -71.133 42.3525
3300 3 235789895 -71.1457 42.3403
3300 3 240720755 -71.1332 42.3476
3300 3 240485645 -71.1453 42.3403
3300 3 243936410 -71.0924 42.3715
3300 3 240942640 -71.1213 42.3914
3300 3 244908306 -71.0849 42.3499
3300 3 243907476 -71.1404 42.3586
3300 3 245589950 -71.156984 42.3517741
3300 3 243722846 -71.1175 42.3405
3300 4 245681726 -71.1294 42.3509
3300 4 245693795 -71.1245 42.331
3300 4 245744946 -71.1703 42.4166
3300 4 236765666 -71.1044 42.3268
3300 4 236742002 -71.1118 42.332
3300 4 242749791 -71.1523 42.344
3300 4 241310529 -71.151 42.3438
3300 4 230084863 -71.1318 42.3508
3300 4 242038331 -71.1467 42.3402
3300 5 243128761 -71.1673 42.3467
3300 5 241229326 -71.1672 42.3466
3300 5 243330698 -71.1674 42.3465
3300 5 241265264 -71.1017 42.3144
3325 2 243418568 -71.0701 42.3604
3350 2 243851409 -71.0565 42.3291
3350 3 243762844 -71.1547 42.3394
3350 3 237822716 -71.1174 42.3434
3350 3 240724925 -71.1168 42.403
3350 4 236742004 -71.1019 42.3311
3350 4 236736773 -71.1291 42.355
3350 4 236743351 -71.1105 42.3326
3350 4 236755442 -71.1014 42.3302
3350 4 236736774 -71.129 42.355
3375 2 245667634 -71.0846 42.3454
3375 2 239812495 -71.0701 42.3603
3375 2 243418577 -71.0855 42.3459
3400 0 236416875 -71.1061 42.3896
3400 1 244995575 -71.0507 42.3461
3400 1 245670594 -71.0775335 42.3517125
3400 2 243419173 -71.0854 42.3458
3400 2 243419928 -71.0892 42.3508
3400 3 245681679 -71.0942 42.3685
3400 3 228139434 -71.1238 42.3482
3400 3 239760607 -71.1247 42.3494
3400 3 241850771 -71.1598 42.3411
3400 3 239814336 -71.1309 42.3537
3400 3 239815340 -71.0541 42.3662
3400 3 245074561 -71.1236 42.3867
3400 3 238106113 -71.1456 42.3369
3400 3 226300515 -71.1342 42.3504
3400 3 237817063 -71.1052 42.3459
3400 3 237983106 -71.1313 42.3535
3400 3 237983116 -71.1238 42.3481
3400 3 244580023 -71.0805 42.3397
3400 4 245693866 -71.1457 42.3265
3400 4 230084665 -71.1282 42.3528
3400 4 243331599 -71.1193 42.3314
3400 4 230084670 -71.1327 42.3505
3400 4 237822801 -71.1281 42.3523
3400 4 244285213 -71.1001 42.3285
3400 4 245075146 -71.1002 42.3286
3400 4 236742000 -71.1048 42.3311
3400 4 241264910 -71.1473 42.3364
3400 4 241310532 -71.1473 42.3502
3400 4 239821269 -71.129 42.3512
3400 4 243671509 -71.1687 42.3526
3400 4 244541369 -71.1692 42.3527
3400 4 244371600 -71.1281 42.3297
3400 4 236293532 -71.1012 42.3919
3400 5 241230264 -71.1571 42.3509
3400 5 241165582 -71.1565 42.351
3400 5 232196789 -71.1301 42.3592
3400 5 237672155 -71.1302 42.3594
3400 5 243330680 -71.1573 42.351
3400 5 231147655 -71.13 42.3595
3425 1 240726288 -71.1042 42.3466
3425 2 240591463 -71.1201 42.38
3450 1 244326661 -71.1033 42.3471
3450 3 239813410 -71.1167 42.3494
3450 4 224596134 -71.1347 42.3497
3450 4 240461125 -71.0841 42.3819
3450 4 230084632 -71.1306 42.3515
3475 3 243059979 -71.1357 42.338
3500 1 245693886 -71.1111 42.3412
3500 1 244908355 -71.1241 42.3733
3500 1 244131836 -71.0779 42.344
3500 1 240970465 -71.1129 42.3418
3500 1 240722903 -71.0703 42.3436
3500 2 245681670 -71.0757 42.3465
3500 2 245693839 -71.1461 42.3361
3500 2 245562980 -71.051 42.3661
3500 2 241031601 -71.0577 42.3426
3500 2 244910548 -71.0886 42.3508
3500 2 244909315 -71.0529 42.3658
3500 2 235763873 -71.1391 42.3938
3500 2 243851028 -71.077 42.3442
3500 2 245392864 -71.0824 42.3379
3500 2 243155382 -71.0757 42.3465
3500 2 245067652 -71.12 42.339
3500 2 243421768 -71.0675 42.3491
3500 3 245747704 -71.0574 42.3655
3500 3 245689439 -71.1047983 42.3735828
3500 3 238106224 -71.1295 42.3483
3500 3 230084320 -71.1259 42.3517
3500 3 244846922 -71.1181 42.3311
3500 3 245749605 -71.0889629 42.3882238
3500 3 228370726 -71.135 42.3502
3500 3 236756951 -71.1179 42.3096
3500 3 239816883 -71.1282 42.3498
3500 3 245067855 -71.1083 42.3454
3500 3 240242507 -71.1278 42.3503
3500 3 243763691 -71.1114 42.3626
3500 3 226300508 -71.1346 42.3504
3500 3 240734741 -71.1284 42.3508
3500 3 237986126 -71.1504 42.3371
3500 3 244916242 -71.1591 42.3512
3500 3 239982110 -71.1041 42.3793
3500 3 245646903 -71.1197969 42.339061
3500 4 245681669 -71.0812 42.3712
3500 4 245693593 -71.1253 42.3544
3500 4 243330712 -71.1686 42.3526
3500 4 244285217 -71.1671 42.3466
3500 4 243331575 -71.13 42.3502
3500 4 241229313 -71.1555 42.3406
3500 4 241229320 -71.1315 42.3533
3500 4 243762718 -71.1623 42.354
3500 4 243331594 -71.1557 42.3399
3500 4 241310535 -71.1687 42.3524
3500 4 235789735 -71.1506 42.3366
3500 4 239811156 -71.1492 42.3572
3500 4 237986009 -71.1494 42.3572
3500 4 241464524 -71.1219 42.3456
3500 4 243907788 -71.1744 42.302
3500 4 244848942 -71.0074 42.2985
3500 4 236736785 -71.0988 42.3275
3500 5 244129451 -71.1037 42.3313
3500 5 244129454 -71.115 42.2972
3500 5 243847632 -71.1673 42.3467
3500 5 240724903 -71.1673 42.3467
3500 5 241310541 -71.1672 42.3466
3500 5 240734757 -71.1673 42.3467
3500 5 241230259 -71.1674 42.3466
3500 5 245749570 -71.1323197 42.3469587
3550 2 245729372 -71.1022 42.3609
3550 2 245554017 -71.0593786 42.3526541
3550 4 236736812 -71.1034 42.3313
3575 1 244326612 -71.0468 42.3501
3575 3 245681699 -71.122 42.3802
3575 3 226430574 -71.1176 42.3406
3575 3 230084292 -71.1176 42.34
3575 4 241459583 -71.1084 42.3316
3600 1 244909318 -71.0569 42.3638
3600 1 239562328 -71.064 42.3523
3600 2 245746654 -71.0518 42.3622
3600 2 245593930 -71.0802 42.3387
3600 2 237983055 -71.1082 42.348
3600 2 239813413 -71.0876 42.3438
3600 2 245402310 -71.0734 42.3463
3600 2 240424426 -71.0981 42.3436
3600 2 244326168 -71.1127 42.3482
3600 3 243421879 -71.1082 42.348
3600 3 244398791 -71.1741 42.3517
3600 3 241941684 -71.1277 42.3513
3600 3 241145975 -71.1078 42.3479
3600 3 244160272 -71.1239 42.403
3600 3 245393002 -71.0645 42.3437
3600 3 241264916 -71.1165 42.3493
3600 3 236764600 -71.0862 42.3368
3600 3 241195590 -71.074 42.3365
3600 4 245668070 -71.1286 42.3511
3600 4 244846918 -71.12 42.3476
3600 4 237986039 -71.1502 42.3368
3600 4 239810403 -71.1511 42.3506
3600 4 236736765 -71.0993 42.3311
3600 4 231273508 -71.1336 42.3507
3600 4 241310565 -71.1285 42.3508
3600 4 232197722 -71.1335 42.351
3600 4 239810408 -71.1334 42.3509
3600 4 241414266 -71.1385 42.3522
3600 4 241310761 -71.1549 42.3406
3600 4 245074902 -71.1229 42.4037
3600 4 230083978 -71.1514 42.3504
3600 4 240722701 -71.1556 42.3405
3600 4 236184304 -71.1335 42.3508
3600 4 232326232 -71.1315 42.3532
3600 4 241310699 -71.1534 42.3405
3600 4 230084218 -71.1279 42.3535
3600 4 241672639 -71.1339 42.3856
3600 4 244686110 -71.1658 42.3556
3600 4 237819145 -71.129 42.3509
3600 4 243330742 -71.1541 42.3408
3600 4 241230219 -71.154 42.3411
3600 4 229942709 -71.1277 42.3535
3600 4 229942752 -71.1183 42.3363
3600 4 225981748 -71.1514 42.3504
3600 4 245473883 -71.1756 42.3369
3600 4 243331591 -71.1164 42.3493
3600 4 244460146 -71.1484 42.3367
3600 4 240729197 -71.1493 42.3405
3650 2 239752498 -71.1038 42.3738
3650 2 240317535 -71.1112 42.3269
3650 3 241521291 -71.1037 42.3736
3650 3 231273809 -71.1262 42.3922
3650 4 234942625 -71.1492 42.3573
3650 5 241310765 -71.1564 42.3507
3650 5 241165593 -71.1567 42.3508
3650 5 243330685 -71.1573 42.351
3650 5 241230265 -71.1572 42.351
3675 3 245749061 -71.1162282 42.3491558
3675 3 245749067 -71.1175076 42.3494473
3700 1 243763698 -71.0566 42.3425
3700 1 241265358 -71.0789 42.3538
3700 2 239810905 -71.0513 42.3397
3700 2 224329652 -71.0584 42.3575
3700 2 245056528 -71.1219 42.3744
3700 3 244616602 -71.1774 42.3515
3700 3 242136188 -71.1712 42.3682
3700 5 233643697 -71.1399 42.3424
3700 5 240722784 -71.1384 42.3413
3700 6 242138390 -71.0599 42.2814
3725 2 240724858 -71.0698 42.3604
3750 1 245652257 -71.0505532 42.3463799
3750 3 245681674 -71.0786 42.3344
3750 3 245567024 -71.0718983 42.2955514
3750 4 244908279 -71.1023 42.3088
3750 5 245056199 -71.1313 42.3556
3750 5 244616156 -71.1463 42.2908
3775 2 240574828 -71.0738 42.3542
3775 2 240724865 -71.0738 42.3542
3775 2 244371951 -71.1297 42.3633
3800 2 243937221 -71.0666 42.3592
3800 2 240726290 -71.1042 42.3466
3800 3 245693881 -71.1163 42.3488
3800 3 245469771 -71.0827 42.3415
3800 3 245592763 -71.0675 42.3602
3800 3 243417238 -71.16 42.3552
3800 3 244094367 -71.083 42.3411
3800 3 244840528 -71.1168 42.3473
3800 3 237985939 -71.0675 42.3602
3800 3 243059960 -71.1249 42.3491
3800 3 239815441 -71.0827 42.3415
3800 4 245693876 -71.1425 42.3128
3800 4 237986034 -71.1542 42.3403
3800 4 237986020 -71.1704 42.3506
3800 4 243330721 -71.127 42.3548
3800 4 229942658 -71.1533 42.3383
3800 4 243331571 -71.1297 42.3503
3800 4 242038313 -71.1507 42.3431
3800 4 243295715 -71.1274 42.3547
3800 4 229942584 -71.1494 42.3572
3800 4 229942636 -71.1326 42.347
3800 4 245069137 -71.1505 42.3403
3800 4 242038377 -71.151 42.3434
3800 4 239761104 -71.1295 42.3507
3800 4 236742026 -71.1083 42.3132
3800 5 243128735 -71.1399 42.3521
3800 5 240722222 -71.1094 42.3329
3800 5 240942085 -71.14 42.3522
3800 5 244615720 -71.1063 42.3311
3800 5 236736808 -71.0853 42.3841
3800 5 239811180 -71.1328 42.3467
3800 5 241673229 -71.1402 42.3521
3800 5 223270148 -71.0853 42.3839
3800 6 239813415 -71.1454 42.3265
3850 2 244847784 -71.086 42.3729
3850 2 245554040 -71.0525784 42.3622721
3850 4 243417633 -71.134 42.3469
3900 2 243418798 -71.0818 42.3424
3900 2 245592483 -71.0799 42.3442
3900 2 245593038 -71.0818 42.3424
3900 2 244059048 -71.0715 42.3468
3900 2 245464803 -71.0818 42.3424
3900 2 240723340 -71.0818 42.3424
3900 2 243255564 -71.0569 42.3589
3900 3 241145600 -71.1079 42.3481
3900 4 245693457 -71.1174 42.3494
3900 4 245693387 -71.1174 42.3494
3900 4 245693465 -71.117 42.3493
3900 4 245144256 -71.0906 42.3698
3900 4 243722844 -71.1166 42.3494
3900 4 239822217 -71.138 42.3391
3900 4 243359495 -71.1176 42.3495
3900 4 237822844 -71.1296 42.351
3900 4 242271442 -71.0905 42.3697
3900 4 237819099 -71.1292 42.3509
3900 4 243295301 -71.1307 42.3991
3900 4 236743401 -71.0982 42.3315
3900 4 240942682 -71.1324 42.4042
3900 4 243331616 -71.1167 42.3494
3900 5 229942529 -71.1359 42.3503
3900 5 237985841 -71.1359 42.3498
3900 5 228139440 -71.1365 42.34
3900 6 243331574 -71.1676 42.3466
3925 2 245681729 -71.0779 42.3726
3950 3 244093600 -71.1712 42.3682
3950 3 231370726 -71.1185 42.3426
3950 4 237982942 -71.1165 42.3494
3950 4 240197144 -71.1167 42.3493
3950 4 237672273 -71.1163 42.3493
3950 4 240070274 -71.1169 42.3494
3950 4 237982948 -71.1164 42.3493
3950 5 241230239 -71.1532 42.3387
3950 5 240821534 -71.1531 42.3389
3950 5 241229271 -71.1529 42.3392
3975 4 244131829 -71.0831 42.3395
3975 6 241165638 -71.1725 42.3523
4000 1 244910638 -71.0513 42.3667
4000 2 245069783 -71.0524 42.3572
4000 2 244909759 -71.0816 42.3527
4000 2 240725142 -71.1104 42.3293
4000 2 245322024 -71.0668 42.3419
4000 2 244388118 -71.0508 42.3577
4000 2 245699984 -71.0950667 42.3688391
4000 3 245747721 -71.069 42.3595
4000 3 240729588 -71.0786 42.3509
4000 3 245286312 -71.1071 42.3686
4000 3 242749596 -71.1081 42.3455
4000 3 242749589 -71.1304 42.3356
4000 3 245575454 -71.0291603 42.3342544
4000 4 245747726 -71.1328 42.3467
4000 4 245747777 -71.1328 42.3467
4000 4 245692600 -71.1554 42.3407
4000 4 242038340 -71.1572 42.3414
4000 4 228371808 -71.0781 42.3848
4000 4 236744110 -71.1111 42.3323
4000 4 241265228 -71.099 42.331
4000 4 239815202 -71.1098 42.3317
4000 4 228139409 -71.1268 42.3517
4000 4 240726734 -71.1273 42.3548
4000 4 237982981 -71.1174 42.3497
4000 4 229942457 -71.1297 42.3518
4000 4 242749731 -71.1284 42.3546
4000 4 245476051 -71.1501 42.3369
4000 4 237982976 -71.1166 42.3494
4000 4 243418017 -71.1292 42.3519
4000 4 229942468 -71.1328 42.3469
4000 4 237822557 -71.1544 42.3544
4000 5 245747757 -71.1303 42.3481
4000 5 237985978 -71.1514 42.3435
4000 5 227282655 -71.148 42.3504
4000 5 244398674 -71.153 42.3479
4000 5 243936653 -71.0947 42.3168
4000 5 243330676 -71.0945 42.3172
4000 5 237985843 -71.1386 42.3461
4000 5 241459589 -71.1028 42.3214
4000 5 244908302 -71.1012 42.3221
4000 5 240197224 -71.1513 42.3433
4000 5 237985826 -71.1534 42.3395
4000 5 227282082 -71.1326 42.347
4000 5 243330677 -71.1532 42.3482
4000 5 242564472 -71.1401 42.3514
4000 5 245361503 -71.1403 42.361
4000 5 243331610 -71.1298 42.3541
4050 2 241660899 -71.065 42.3436
4050 4 245681745 -71.1302 42.4005
4050 4 244804768 -71.13 42.4006
4100 2 242137563 -71.074 42.3438
4100 2 244908500 -71.0551 42.3423
4100 2 232581190 -71.1295 42.3931
4100 3 228136969 -71.0853 42.3458
4100 4 245747680 -71.0888 42.3415
4100 4 244942300 -71.1031 42.3292
4100 6 239811175 -71.1311 42.3606
4125 5 237985814 -71.1409 42.3599
4150 3 241521619 -71.0762 42.3362
4150 4 243331567 -71.1308 42.3456
4150 5 226300504 -71.1347 42.3497
4150 5 243417211 -71.1351 42.3491
4200 1 244908494 -71.049 42.3519
4200 2 244908418 -71.0592 42.3667
4200 2 242749600 -71.1634 42.3221
4200 2 245575462 -71.0574969 42.3419516
4200 3 245681652 -71.0551 42.3631
4200 3 237985948 -71.0708 42.3484
4200 3 245640980 -71.0894 42.3447
4200 4 240722785 -71.1184 42.3363
4200 4 239821159 -71.1531 42.3394
4200 4 239819897 -71.1535 42.3391
4200 4 245592812 -71.0787 42.3369
4200 4 242749612 -71.1475 42.3365
4200 4 238425172 -71.1053 42.3321
4200 5 245747410 -71.1329 42.3468
4200 5 245747689 -71.1325 42.3469
4200 5 245747705 -71.1323 42.347
4200 5 239821170 -71.1726 42.3528
4200 5 233105704 -71.1347 42.3495
4200 5 231266721 -71.1067 42.3852
4200 6 237985798 -71.1285 42.3588
4250 2 244715942 -71.0574 42.3581
4250 3 243760984 -71.0632 42.3482
4250 5 243128743 -71.145 42.3409
4250 5 241673122 -71.1451 42.3409
4250 5 224329059 -71.1362 42.349
4275 3 243570684 -71.0551 42.3631
4275 3 243533562 -71.0551 42.3632
4300 2 239573913 -71.0602 42.3525
4300 3 238106966 -71.0967 42.3381
4300 4 245749053 -71.1269136 42.3519046
4300 5 237211037 -71.1029 42.3309
4300 6 244398650 -71.1361 42.3508
4300 6 243330667 -71.136 42.3505
4300 6 241390319 -71.1361 42.3508
4300 6 241230137 -71.136 42.3506
4350 4 224454532 -71.1164 42.3486
4350 4 228139403 -71.1164 42.3493
4400 4 240197059 -71.1319 42.3533
4400 4 243417199 -71.1318 42.3528
4400 4 243417626 -71.1319 42.3533
4400 4 236736764 -71.1007 42.3327
4400 4 237985992 -71.1512 42.3477
4400 4 228139435 -71.122 42.345
4400 4 243417625 -71.1316 42.3531
4400 4 244459558 -71.1152 42.3827
4400 4 245609820 -71.1043 42.3456
4400 4 245068718 -71.1079 42.3481
4400 4 240722242 -71.1319 42.3529
4400 4 236765996 -71.105 42.3319
4400 5 236736790 -71.1238 42.3482
4400 6 224714725 -71.1349 42.3506
4450 2 242472834 -71.0815 42.344
4500 1 245681650 -71.0716 42.3456
4500 1 240621630 -71.0967 42.3381
4500 2 244094575 -71.0723 42.346
4500 2 244908410 -71.0525 42.3762
4500 2 225827951 -71.0958 42.3449
4500 2 245682972 -71.078814 42.3463506
4500 3 245681667 -71.0816 42.3388
4500 3 245681717 -71.0967 42.3381
4500 3 242873581 -71.0805 42.339
4500 3 245592235 -71.0788 42.3504
4500 3 243937204 -71.133 42.3987
4500 3 240621219 -71.091 42.3423
4500 4 237822514 -71.1223 42.3448
4500 4 244398738 -71.1513 42.3513
4500 4 245069222 -71.1414 42.3475
4500 4 245068508 -71.1315 42.3321
4500 4 244908921 -71.1217 42.3899
4500 4 231263735 -71.119 42.3458
4500 4 243330708 -71.1637 42.3326
4500 4 243331604 -71.1589 42.3419
4500 5 245749709 -71.1003814 42.3296494
4500 5 236736811 -71.1014 42.3302
4500 5 243907763 -71.1461 42.3515
4500 6 228376653 -71.1685 42.3522
4500 6 237985809 -71.1594 42.3538
4550 2 235757322 -71.064 42.3523
4600 2 244908923 -71.0841 42.3516
4600 4 245748170 -71.175 42.3375
4625 5 226300236 -71.1322 42.3543
4650 3 243422014 -71.0823 42.3431
4650 5 244711035 -71.1008 42.3328
4700 3 237983001 -71.1081 42.348
4700 3 228139438 -71.108 42.348
4700 5 245465720 -71.1704 42.3412
4700 5 245693479 -71.1703 42.3411
4700 5 243763701 -71.0394 42.3304
4700 5 243907797 -71.1747 42.3366
4700 6 228376652 -71.1516 42.3553
4725 0 244717049 -71.0632 42.3518
4725 1 244717048 -71.0632 42.3518
4725 2 244717051 -71.0632 42.3518
4725 4 245056523 -71.1209 42.3795
4725 4 240591431 -71.1207 42.3802
4750 3 242659540 -71.0827 42.3432
4750 3 243128632 -71.0821 42.3428
4750 5 244615803 -71.0983 42.3314
4775 2 244717026 -71.1014 42.3442
4800 1 244908743 -71.072 42.358
4800 2 225173438 -71.0783 42.3505
4800 3 243936393 -71.1456 42.3361
4800 3 240725784 -71.0762 42.3464
4800 4 245747124 -71.1078 42.3479
4800 4 241311364 -71.1257 42.3402
4800 4 244908782 -71.0781 42.3506
4800 4 243331579 -71.1257 42.3402
4800 4 236767200 -71.0879 42.3815
4800 4 243330716 -71.108 42.348
4800 5 235376272 -71.1336 42.3618
4800 5 237818944 -71.1471 42.3379
4800 6 240722177 -71.1112 42.3329
4900 1 243798091 -71.0745 42.3373
4900 3 240725143 -71.1104 42.3293
4900 5 229941882 -71.1178 42.3429
4900 6 243907764 -71.1478 42.3397
4950 1 244909307 -71.0512 42.363
4950 3 238106309 -71.1395 42.3382
4950 3 236184599 -71.1395 42.3385
4950 3 239823234 -71.1122 42.3249
4975 2 240970463 -71.1129 42.3418
4975 2 240725545 -71.0806 42.3516
4975 6 237985790 -71.1385 42.3449
5000 2 245563199 -71.0494 42.3617
5000 3 244908286 -71.11 42.3769
5000 3 243419000 -71.0731 42.3449
5000 3 240727247 -71.0731 42.3449
5000 4 244711048 -71.102 42.3306
5000 5 226430547 -71.1649 42.358
5000 5 226300522 -71.1341 42.3502
5000 5 226300520 -71.1341 42.3502
5000 6 243417267 -71.1307 42.352
5075 3 240317538 -71.1112 42.3268
5100 2 245592193 -71.0806 42.3516
5100 4 244711049 -71.102 42.3306
5100 7 237985764 -71.1298 42.3547
5200 4 241192329 -71.0844 42.3358
5200 4 245614586 -71.1769855 42.3179146
5200 5 245747690 -71.1043 42.3456
5200 5 236743418 -71.1052 42.3207
5200 5 225488829 -71.1663 42.3579
5250 2 243329008 -71.0468 42.3501
5300 4 245398760 -71.0792 42.3414
5300 4 244909742 -71.0792 42.3414
5300 4 240729840 -71.0792 42.3414
5400 6 237673057 -71.168 42.3429
5500 1 245698232 -71.0769116 42.3546253
5500 3 245392870 -71.0824 42.3379
5500 3 245685024 -71.0712591 42.3459128
5500 4 240734518 -71.0902 42.3421
5500 4 244909791 -71.1387 42.3815
5500 4 228142987 -71.0877 42.3427
5600 3 244908307 -71.0841 42.352
5600 7 237818639 -71.1281 42.3547
5600 7 244710854 -71.1295 42.3536
5700 4 245592209 -71.0904 42.3423
5750 3 244908625 -71.0495 42.3739
5750 7 239822008 -71.1032 42.3772
5800 2 244908731 -71.0627 42.3608
5800 3 243798179 -71.0717 42.3426
5800 4 244909786 -71.1224 42.3742
5800 7 232197831 -71.0795 42.3853
5900 2 245681688 -71.1012 42.36
5900 3 244908744 -71.0714 42.3574
5900 3 244553053 -71.0769 42.3368
5950 4 244908313 -71.0784 42.3505
5975 3 243418793 -71.0841 42.352
5975 3 240724529 -71.0841 42.352
6000 1 244908619 -71.0716 42.3528
6000 2 245681689 -71.0526 42.3542
6000 2 245749701 -71.0519314 42.3734152
6000 2 245698979 -71.0805 42.3504
6000 2 244908421 -71.0693 42.3642
6000 2 245148547 -71.0631 42.3528
6000 2 244909755 -71.0601 42.3569
6000 2 244908620 -71.0857 42.352
6000 2 244908787 -71.1011 42.3447
6000 2 244908621 -71.0821 42.3487
6000 2 244909750 -71.0698 42.3518
6000 2 244909764 -71.0847 42.3488
6000 2 244908482 -71.0612 42.3558
6000 2 244908788 -71.0586 42.3654
6000 2 245070083 -71.0715 42.342
6000 2 243330852 -71.0653 42.3572
6000 2 244909320 -71.0835 42.3529
6000 2 244908469 -71.0624 42.3535
6000 2 239279696 -71.0715 42.342
6000 2 244717053 -71.0632 42.3518
6000 2 239811078 -71.0683 42.349
6000 2 243937208 -71.0502 42.3745
6000 3 245681678 -71.0526 42.3542
6000 3 244909789 -71.1185 42.3849
6000 3 244908467 -71.075 42.346
6000 3 244908466 -71.0818 42.3487
6000 3 245667792 -71.0776 42.3541
6000 3 245701004 -71.0653685 42.3509321
6000 3 244909790 -71.1106 42.3576
6000 4 245681704 -71.0668 42.3575
6000 4 244908463 -71.0913 42.3495
6000 4 243937217 -71.0689 42.3578
6000 4 244909787 -71.1114 42.3595
6000 4 244908627 -71.1208 42.3788
6000 4 243798314 -71.0728 42.3454
6000 4 239814327 -71.1077 42.3479
6000 4 245749721 -71.1098445 42.3454444
6000 5 244908783 -71.0857 42.3507
6000 5 244908464 -71.0648 42.3601
6000 5 244909788 -71.1115 42.3713
6000 5 244711045 -71.102 42.3307
6000 5 239761281 -71.1515 42.2995
6000 6 245590094 -71.1252 42.3547
6000 6 245734128 -71.1002 42.3168
6000 6 241230254 -71.1471 42.3422
6000 7 245681756 -71.1275 42.3553
6000 7 245590095 -71.1266 42.3547
6000 8 243295710 -71.1681 42.3425
