2950 3 47837854 -71.148247 42.270993
2200 1 30003437 -71.156407 42.264671
3180 2 36397271 -71.1561689 42.3002164
1750 1 45513313 -71.1563709 42.2953651
2205 2 45649355 -71.1582 42.2606
4500 3 47148656 -71.154507 42.287406
1700 1 47291192 -71.135748 42.276052
2675 4 47300690 -71.145417 42.271873
2150 2 47358530 -71.149926 42.275248
3080 2 47614155 -71.160036 42.299378
3220 2 47614167 -71.157372 42.297177
3060 2 47614168 -71.155093 42.296032
3140 2 47615143 -71.160459 42.299518
2200 2 47622256 -71.1425345 42.2893313
2200 2 47745053 -71.1587999 42.2926867
1350 0 47844899 -71.150046 42.296548
2650 1 47910156 -71.159837 42.29955
2400 3 47910364 -71.141659 42.286304
2500 3 47944167 -71.145038 42.285353
2200 2 48010262 -71.163358 42.269789
3110 2 48023174 -71.154172 42.296588
2720 1 48023175 -71.154122 42.296294
3250 2 48032365 -71.155672 42.300264
2650 1 48035994 -71.159837 42.29955
2650 1 48035995 -71.159204 42.299163
3120 2 48036000 -71.155933 42.297829
3180 2 48036001 -71.159429 42.299329
3090 2 48036002 -71.155241 42.300322
3060 2 48036003 -71.155093 42.296032
3060 2 48036004 -71.155046 42.296304
3250 2 48036005 -71.155672 42.300264
3180 2 48036006 -71.156572 42.299776
3000 3 48052472 -71.139257 42.277078
2650 1 48089435 -71.159204 42.299163
3700 3 48094602 -71.132375 42.285651
2250 1 48005713 -71.158429 42.340113
2600 2 46248852 -71.159137 42.339671
3340 1 42030495 -71.173619 42.319798
2795 2 39882891 -71.156993 42.340127
3475 2 22915843 -71.173619 42.319798
2700 3 32025261 -71.157871 42.339264
3980 2 46009581 -71.157317 42.340051
2500 2 47400967 -71.1765537 42.3174631
5400 6 47408716 -71.160935 42.340743
2300 2 47477349 -71.160459 42.339188
2800 2 47532870 -71.1576647 42.3399474
5400 5 47732455 -71.160935 42.3407249
4250 2 47755098 -71.171152 42.319428
3950 3 47871324 -71.1577188866168 42.3396012554958
7200 5 47871328 -71.1643628510172 42.3427532554958
2630 1 47902119 -71.158933 42.300884
2500 2 47953537 -71.158429 42.340113
2000 2 47982490 -71.157772 42.342538
2630 1 47985939 -71.157483 42.302222
2250 1 47997816 -71.1581269 42.340155
2600 2 48000837 -71.159658 42.341709
3095 2 48013503 -71.157317 42.340051
2200 2 48023990 -71.166648 42.302119
2800 3 48027402 -71.159658 42.341709
2630 1 48035996 -71.158198 42.301264
3295 2 48049895 -71.15761 42.33998
6000 4 48049897 -71.1654823360943 42.3227977791334
2500 2 48055343 -71.17653 42.317604
2650 1 48056622 -71.157572 42.301972
6000 5 48066169 -71.171516 42.340178
2100 2 48069237 -71.165629 42.30054
8000 7 48075742 -71.171516 42.340178
940 2 48099723 -71.163992 42.302394
2350 2 48101022 -71.157871 42.339264
5100 3 47342570 -71.143687 42.318073
3000 2 47342571 -71.143687 42.318073
2630 1 47910155 -71.156772 42.301766
4800 4 48067673 -71.150483 42.340328
3300 2 47946862 -71.147132 42.3382
3750 3 42031848 -71.153899 42.339008
2355 1 43592524 -71.153544 42.338684
1575 0 45137655 -71.145023 42.345331
1800 1 41964713 -71.153639 42.340165
2700 4 47127901 -71.152877 42.345314
2350 1 35001566 -71.153529 42.33868
1820 0 32991997 -71.153658 42.338797
1800 1 12694425 -71.153639 42.340165
1750 2 28243135 -71.1526655 42.3403133
2250 2 41950127 -71.155728 42.338573
2500 0 42025892 -71.154969 42.341482
2950 1 42026767 -71.145638 42.340238
3200 1 42027394 -71.146895 42.336416
5500 3 42032124 -71.151028 42.338093
4500 4 42075486 -71.149955 42.337008
1525 0 44088162 -71.149341 42.338866
1750 1 44777687 -71.155728 42.338573
3800 4 45424843 -71.1490909214993 42.3365122554958
3100 4 45440305 -71.148279 42.342021
2300 3 46813729 -71.148531 42.341965
2300 1 47148650 -71.148585 42.337873
2300 3 47281881 -71.144943 42.337552
2850 3 47326280 -71.149791 42.339789
2775 3 47356373 -71.1556076 42.3399547
1850 1 47356538 -71.1456367 42.3396823
2150 2 47356540 -71.1468602 42.3426449
800 1 47378251 -71.146479 42.341265
2300 3 47421279 -71.148531 42.341965
7500 4 47477351 -71.156596 42.339833
1825 1 47489226 -71.154969 42.341482
3900 3 47517188 -71.1484954 42.336754
4450 4 47517203 -71.1478531 42.3383965
1750 1 47517442 -71.1497 42.338969
1500 0 47611344 -71.145895 42.342346
1900 1 47618663 -71.147861 42.336137
2070 1 47732111 -71.1449386 42.3451738
4600 4 47732389 -71.1505377 42.342301
4800 4 47732555 -71.1471957 42.3378702
1750 1 47735224 -71.149341 42.338866
2150 1 47736163 -71.1536245 42.3387586
3600 4 47747808 -71.1555318 42.3433622
1900 1 47757623 -71.1457772 42.3391334
2850 5 47766144 -71.144493 42.326637
2100 2 47802248 -71.149999 42.340712
2600 2 47802256 -71.146979 42.337109
3200 1 47844858 -71.1459049001138 42.3359338266068
3900 4 47853935 -71.1464129155824 42.3370362554958
3300 3 47864573 -71.147062 42.337093
5500 3 47871312 -71.1519658974062 42.3375245775331
3000 3 47895430 -71.156596 42.339833
2850 5 47902567 -71.144493 42.326637
3000 4 47910349 -71.144493 42.326637
3000 1 47930573 -71.1503179094734 42.3375772554958
2450 2 47953548 -71.145479 42.343524
1895 1 47953696 -71.1507188912244 42.3391932554958
3725 4 47960380 -71.154093 42.340862
1650 1 47997500 -71.1493773 42.3380182
2950 1 48003781 -71.1465759294154 42.339670577533
2395 2 48013505 -71.148554 42.341239
2350 1 48023277 -71.153938 42.338801
3000 1 48023988 -71.151028 42.338089
1950 1 48023989 -71.154969 42.341482
1750 0 48024004 -71.1455568 42.3421587
3600 3 48035651 -71.147132 42.3382
3300 2 48035658 -71.147132 42.3382
2195 1 48035993 -71.153658 42.338797
1750 1 48039398 -71.14935 42.338031
6000 6 48044576 -71.15055 42.342354
2495 1 48049912 -71.153804 42.338681
3180 3 48049994 -71.1443189071514 42.3354868266068
1750 0 48052822 -71.147698 42.337719
3000 3 48055375 -71.150925 42.336601
1825 1 48058340 -71.145093 42.345293
1900 2 48058410 -71.1488068923989 42.3390892554958
4800 4 48066495 -71.1497728841887 42.3398162554958
7200 5 48066496 -71.1497728841887 42.3398162554958
2300 1 48067126 -71.1557596 42.33927
2195 1 48075749 -71.154049 42.338702
3900 4 48075843 -71.1443189071514 42.3354868266068
1575 0 48076142 -71.1445368264714 42.3449262554958
1795 1 48094839 -71.1467289179537 42.3368262554958
2120 1 48098286 -71.146038 42.340239
2695 2 42057364 -71.138309 42.336303
4600 3 46615553 -71.134869 42.339975
2000 2 15291824 -71.142826 42.34278
2400 3 32896603 -71.1419743 42.3418578
2100 1 40500565 -71.1324321 42.3404601
2350 2 42539341 -71.132133 42.3405
2625 3 45382861 -71.134157 42.338969
3200 3 46046911 -71.1352708698049 42.3378588266068
1600 0 46226203 -71.1352409291289 42.3340908266068
2200 1 46621489 -71.143365 42.337175
4000 4 46707979 -71.143365 42.337175
2800 1 46745891 -71.132337 42.343884
2500 1 47092332 -71.138345 42.336469
11100 1 47095065 -71.13499 42.3288
2000 1 47613981 -71.1403738369203 42.3440012554958
2000 1 47635750 -71.1355368681201 42.3379658266068
4300 4 47828193 -71.131113 42.337573
4250 3 47838582 -71.132922 42.336886
2395 2 47885532 -71.140341 42.344838
3500 3 47885544 -71.137094 42.337933
3200 2 47929022 -71.136261 42.338341
1900 1 47941459 -71.135622 42.338478
2450 2 47941487 -71.140118 42.33651
3300 3 47969919 -71.143365 42.337175
1850 1 47987205 -71.135622 42.338478
2200 2 47991769 -71.141118 42.344918
3000 3 47995535 -71.133094 42.340039
4000 3 47995550 -71.13563 42.341695
3300 5 48023253 -71.1412018448386 42.3433002554958
19500 5 48045504 -71.1394 42.337289
2695 2 48071457 -71.138309 42.336303
4400 4 48077090 -71.143093 42.341079
2725 3 48093155 -71.118033 42.279205
3000 3 47655956 -71.090467 42.274973
2300 2 46746575 -71.082225 42.287734
2521 2 47284819 -71.1258 42.2837
1950 2 48002667 -71.096945 42.277117
2400 2 47843820 -71.087072 42.29635
2550 3 47120309 -71.085972 42.298997
1950 2 42664162 -71.100646 42.270825
2300 3 45783441 -71.119281 42.295064
3600 5 46698189 -71.0898712837499 42.2963375775331
2750 3 46947364 -71.115754 42.295997
3300 2 47358907 -71.126733 42.285863
2800 4 47370923 -71.0859663 42.2730407
2500 2 47391350 -71.1184982103381 42.2914045775331
10125 2 47464273 -71.08072 42.28879
2750 3 47470608 -71.115754 42.295997
1850 2 47564388 -71.092088 42.287325
2400 3 47614124 -71.0933771379414 42.2865385775331
2700 4 47654869 -71.086709 42.296574
2200 3 47661948 -71.0843622567076 42.294520577533
2100 2 47735260 -71.084934 42.271387
3200 4 47735266 -71.093489 42.283772
3250 4 47791559 -71.09175 42.285828
2875 3 47792130 -71.0925108 42.278169
2900 3 47874038 -71.0834314 42.2990628
3300 4 47874047 -71.083413 42.2990332
1675 1 47895426 -71.1144323240427 42.2990445775331
2400 3 47904948 -71.129267 42.281377
2250 2 47936901 -71.096581 42.278017
1900 2 47944169 -71.108778 42.286025
2185 1 47950533 -71.115509 42.259466
2300 2 47976476 -71.103519 42.271294
2400 3 48000197 -71.1306243 42.2713887
2200 3 48003850 -71.0985928401376 42.266509577533
2700 3 48006523 -71.088059 42.285815
2300 2 48027116 -71.0821595 42.2828006
3000 3 48066180 -71.099363 42.260012
3200 3 48098245 -71.082387 42.285414
3295 4 46778873 -71.109426 42.322605
2245 1 46287223 -71.107646 42.321129
2275 0 29676924 -71.110745 42.303258
0 1 31353769 -71.105899 42.309863
2100 1 41339616 -71.105557 42.3108718
1875 2 45749992 -71.114281 42.302641
2600 3 46355803 -71.106519 42.305839
2880 1 46958423 -71.111743 42.31233
2250 2 47266980 -71.113821 42.302416
2500 3 47335817 -71.108163 42.321952
2200 3 47457912 -71.118029 42.308123
950 4 47561760 -71.1126 42.3107
2400 2 47611342 -71.107594 42.305279
1950 1 47802267 -71.108381 42.317212
3220 2 47838577 -71.107533 42.316312
1600 1 47844898 -71.105261 42.317906
3000 2 47910363 -71.113793 42.308422
1595 1 47918181 -71.1152183691201 42.3020725775331
3200 3 47947751 -71.115189 42.322746
2725 2 47950764 -71.107646 42.321129
2245 1 47985934 -71.107778 42.320823
2725 2 47985935 -71.107708 42.321161
2800 2 47985974 -71.108568 42.30323
2400 2 47994285 -71.114743 42.315977
2245 1 47994852 -71.107646 42.321129
2370 1 48003812 -71.107753 42.321202
2470 1 48023241 -71.107753 42.321202
2245 1 48049890 -71.107887 42.320896
3750 2 48058428 -71.108995 42.305371
2500 3 48089517 -71.109921 42.316711
2725 2 48101064 -71.107753 42.321202
2995 3 46409975 -71.125138 42.327366
2995 1 44495962 -71.118371 42.332789
3630 2 45649280 -71.11888 42.33153
11100 1 45903301 -71.12348 42.3249
2400 1 46533404 -71.1263873 42.3263349
2670 1 46789411 -71.12488 42.32621
2995 3 47326251 -71.125138 42.327366
3100 3 47335717 -71.1239110583019 42.3258838266068
4395 4 47438226 -71.118689 42.334024
2700 2 47652695 -71.1307 42.3303
2670 1 47858665 -71.1249 42.32597
3600 4 47874844 -71.12537 42.329299
2600 2 47932999 -71.123758 42.331008
3525 4 47960552 -71.125259 42.331722
3000 2 48014352 -71.122702 42.324746
2050 1 48049855 -71.1239040668464 42.3253408266068
2445 2 47766142 -71.124113 42.341735
7200 6 45259871 -71.130388 42.344317
2100 1 42523163 -71.128329 42.339646
1300 1 40916063 -71.1252479 42.3443992
2200 1 34613406 -71.130792 42.340224
1875 0 5314825 -71.128123 42.340647
1600 0 19168585 -71.120558 42.340696
1650 0 32856852 -71.1200637 42.3408124
9995 4 39425018 -71.127385 42.338684
4000 3 41597806 -71.121696 42.338151
2400 2 45056586 -71.1279529 42.3378502
1850 0 45156283 -71.1279529 42.3378502
1740 1 45649276 -71.11826 42.34264
1740 1 45649277 -71.11826 42.34264
1728 1 45649281 -71.12406 42.34216
2025 1 45649282 -71.12406 42.34216
2025 1 45649283 -71.12406 42.34216
2025 1 45649284 -71.12406 42.34216
2025 1 45649285 -71.12406 42.34216
2025 1 45649286 -71.12521 42.34028
2025 1 45649287 -71.12521 42.34028
2025 1 45649288 -71.12521 42.34028
1836 1 45649289 -71.12521 42.34028
2025 1 45649290 -71.12521 42.34028
1728 1 45649291 -71.12521 42.34028
2025 1 45649292 -71.12521 42.34028
2025 1 45649293 -71.12521 42.34028
2025 1 45649294 -71.12521 42.34028
2250 1 45649295 -71.12521 42.34028
2250 1 45649296 -71.12521 42.34028
3670 2 45771344 -71.118371 42.339303
2250 1 45813506 -71.12521 42.34028
2250 1 45813507 -71.12521 42.34028
2250 1 45813508 -71.12521 42.34028
2250 1 45813509 -71.12521 42.34028
2025 1 45813510 -71.12521 42.34028
2025 1 45813511 -71.12521 42.34028
7542 1 45903298 -71.12521 42.34028
7542 1 45903299 -71.12521 42.34028
7542 1 45903300 -71.12521 42.34028
7542 1 45903302 -71.12521 42.34028
6975 1 45903303 -71.12521 42.34028
7542 1 45903304 -71.12521 42.34028
8000 8 46506614 -71.130388 42.344317
6150 5 46563470 -71.12272 42.343636
1750 1 46961424 -71.125901 42.340412
2650 1 47129479 -71.1214387593607 42.3448718266068
5950 3 47148618 -71.122957 42.343121
4020 1 47257731 -71.119628 42.343008
2100 1 47338503 -71.1284658 42.33968
3500 2 47611345 -71.125202 42.338031
2795 2 47615206 -71.129794 42.340755
4061 2 47626039 -71.125138 42.34036
4300 3 47741404 -71.125234 42.3415
3679 2 47785347 -71.124658 42.340438
3095 2 47785351 -71.120347 42.343998
4000 4 47880137 -71.130884 42.34497
2650 2 47880138 -71.122429 42.345354
2070 1 47880139 -71.123299 42.339327
3325 1 47880142 -71.126955 42.340051
2425 1 47896431 -71.1233518 42.3404522
4000 2 47908210 -71.124718 42.337275
2850 2 47916750 -71.120988 42.34415
2950 2 47916751 -71.11885 42.341755
3400 2 47921490 -71.129113 42.338722
5200 2 47925899 -71.1240529057659 42.3355748266068
4300 3 47935619 -71.1252849 42.3414448
2200 1 47944178 -71.124879 42.342282
1900 0 47958549 -71.119628 42.343008
2300 1 47971994 -71.127499 42.340838
2250 1 47982687 -71.12141 42.343135
3200 2 47983608 -71.12764 42.339833
2800 3 47983611 -71.125485 42.342574
3950 4 47983613 -71.121696 42.338151
2775 1 47987204 -71.130792 42.340224
2631 1 47991758 -71.124566 42.340856
2850 3 47991788 -71.123702 42.33898
7200 6 48002077 -71.130388 42.344317
2300 1 48017517 -71.120988 42.34415
2500 2 48023138 -71.1217849115281 42.3352088266068
2445 2 48040568 -71.124113 42.341735
1850 0 48049992 -71.1266498793309 42.3372538266068
3500 3 48056562 -71.119904 42.340066
3500 3 48063300 -71.119904 42.340066
1600 0 48066111 -71.128329 42.339646
3950 3 48066190 -71.1199097885622 42.3430178266068
2400 2 48066194 -71.1266498793309 42.3372538266068
1990 0 48067336 -71.119628 42.343008
2090 0 48067337 -71.119628 42.343008
2500 2 48070115 -71.1209 42.3435
2100 1 48075718 -71.130013 42.340279
4625 2 48064548 -71.11138 42.341574
3600 3 42032013 -71.116847 42.336552
5000 4 43727551 -71.105205 42.33143
6600 6 43829787 -71.110042 42.331611
5000 4 42913220 -71.109753 42.33231
4800 4 43605751 -71.108296 42.331548
3500 3 41966076 -71.110133 42.332872
2700 1 44947508 -71.106519 42.344709
1595 0 30490326 -71.10586 42.333337
4000 2 35679775 -71.1111741 42.3242002
750 1 37721598 -71.1072569 42.327058
2700 2 41965602 -71.117744 42.344982
2100 2 43725657 -71.1116355 42.3319455
7800 6 45259872 -71.113148 42.338913
3995 4 45385976 -71.110495 42.332691
4500 4 45389523 -71.1090958012656 42.3310775775331
2500 2 45440590 -71.1107688211562 42.3324115775331
3500 3 45440591 -71.1061917937958 42.3305765775331
3900 2 45649278 -71.11269 42.33732
2670 1 45649297 -71.11271 42.33853
3500 3 45729122 -71.10849479888 42.3309175775331
3400 4 45783293 -71.1098518215737 42.3324395775331
2400 3 46773212 -71.111925 42.330076
4500 4 46890415 -71.1146517918224 42.3428108266068
2500 1 46943567 -71.115904 42.33116
12750 2 46960853 -71.11268 42.33869
11100 1 47095066 -71.11276 42.33749
2200 2 47099536 -71.1125488 42.324102
3500 3 47103280 -71.110133 42.332872
2600 2 47118563 -71.1123388408787 42.3396958266068
2400 1 47135548 -71.114689 42.331722
3200 1 47135550 -71.117821 42.339813
2750 2 47356434 -71.1174483 42.3427701
2200 1 47358909 -71.111584 42.324274
1500 0 47636490 -71.1160958175248 42.3411788266068
1500 0 47636491 -71.1160958175248 42.3411788266068
2500 1 47664779 -71.115904 42.33116
3500 3 47790723 -71.1059898033977 42.3312205775331
3000 1 47828173 -71.1116778826846 42.3370408266068
2700 3 47855781 -71.1121025 42.3357243
2200 1 47904494 -71.112177 42.330657
1850 1 47908214 -71.116606 42.344844
8000 4 47916749 -71.110153 42.344803
2300 2 47930619 -71.106084 42.345113
3950 4 47931976 -71.107494 42.331789
6000 5 47936939 -71.106291 42.331188
2750 1 47967924 -71.106519 42.344709
3700 3 47976458 -71.1061988074533 42.3314925775331
7800 6 47983614 -71.113148 42.338913
4100 4 47985881 -71.1061988074533 42.3314925775331
4000 4 47996274 -71.1120858108529 42.3317205775331
5500 5 48000845 -71.108124 42.33151
4800 4 48000846 -71.108124 42.33151
8700 6 48017644 -71.109753 42.33231
7700 7 48017649 -71.110042 42.331611
6600 6 48017653 -71.110042 42.331611
5200 4 48017660 -71.105205 42.33143
2700 3 48023280 -71.106975 42.332592
3000 1 48023299 -71.109375 42.335992
5000 4 48023450 -71.105205 42.33143
1275 0 48023703 -71.112787788488 42.3302205775331
6750 5 48023976 -71.116675 42.3449516
5200 5 48045524 -71.105205 42.33143
3500 3 48049853 -71.108901 42.331151
3000 3 48049869 -71.109831 42.33298
4000 4 48049947 -71.108158 42.331646
3300 3 48050465 -71.1065377979258 42.3308535775331
2995 2 48063226 -71.111785 42.332392
4500 4 48067675 -71.108158 42.331646
2500 2 48071445 -71.112474 42.3382
2900 2 48075717 -71.116484 42.339249
2500 2 48075731 -71.1106908215737 42.3324395775331
2000 0 48077117 -71.112339 42.337894
2850 1 48101021 -71.110143763897 42.3445838266068
5750 5 48101026 -71.1073277944965 42.3306235775331
3000 2 48101068 -71.117474 42.342799
3250 3 48101088 -71.108205 42.332192
3325 5 48093262 -71.081934 42.31539
2400 3 45521972 -71.09961 42.313038
2619 0 36879563 -71.101084 42.31253
2950 0 47448476 -71.084469 42.308582
2000 2 13845796 -71.097577 42.313512
2200 2 44985009 -71.098945 42.317498
3100 3 46467627 -71.102039 42.312274
2900 3 46890394 -71.098529 42.317269
4000 2 47148640 -71.099909 42.315208
2750 2 47319722 -71.102803 42.311933
2400 3 47319723 -71.102803 42.311933
3100 4 47397494 -71.080003 42.308916
2800 4 47615056 -71.0897105841818 42.3165125775331
5000 5 47626029 -71.103205 42.322337
2400 2 47647072 -71.103995 42.312412
3200 4 47655012 -71.090271 42.311621
3050 3 47756080 -71.09267 42.314489
2895 4 47814102 -71.0899583 42.3142324
3300 3 47850882 -71.1020753 42.3122849
3925 4 47864172 -71.101238 42.314868
2500 3 47871303 -71.099824 42.313948
1900 2 47893362 -71.0803954 42.3194731
2400 4 47894006 -71.0803954 42.3194731
2700 3 47929037 -71.079652 42.300631
3200 4 47949447 -71.0828084 42.3062884
1975 1 47950750 -71.097134 42.312384
2500 3 47960462 -71.082083 42.311247
2700 3 47973200 -71.080003 42.308916
2700 3 47986943 -71.101367 42.31445
3000 3 47991784 -71.0901955363154 42.3132995775331
2050 2 47994653 -71.082955 42.301538
2600 3 48006113 -71.101052 42.308087
2500 2 48023231 -71.0901955363154 42.3132995775331
2300 2 48023242 -71.098788 42.317376
3000 4 48023246 -71.082798 42.306294
950 4 48039547 -71.102116 42.315376
1800 1 48089434 -71.08056 42.322161
2200 2 48089449 -71.082258 42.312376
2200 2 48089514 -71.081104 42.319829
6600 6 48093278 -71.099197 42.327823
5450 5 48092842 -71.102422 42.329876
4450 4 48075210 -71.103975 42.331188
3800 4 48057497 -71.102586 42.326864
7100 6 48047742 -71.102876 42.334076
5750 5 48041753 -71.101158 42.328694
4400 4 47891903 -71.103187 42.331552
4300 4 47852888 -71.09775 42.331523
2718 0 45959893 -71.101039 42.334151
2662 0 47049369 -71.101291 42.333789
5250 4 45458061 -71.098215 42.331822
4500 5 42190373 -71.101199 42.330548
3850 2 43049732 -71.097909 42.332076
4400 4 47891861 -71.101039 42.329896
3600 3 48002585 -71.101646 42.332797
5300 5 47843701 -71.100339 42.332175
3300 3 39184578 -71.098851 42.329774
2200 1 47955974 -71.104039 42.329562
2625 1 29653527 -71.101622 42.333447
2300 2 39768298 -71.1019129 42.3289184
11200 8 43706733 -71.101475 42.331487
5700 4 44314131 -71.099851 42.332227
4200 4 45383382 -71.097504 42.331392
4300 4 45383422 -71.096688 42.332137
3350 4 45389744 -71.094543 42.327161
2300 2 45440254 -71.096596 42.332249
3200 3 45481551 -71.0991577979258 42.3308535775331
3100 3 45593458 -71.104422 42.327237
1995 2 45649377 -71.09477 42.32759
2250 1 45813519 -71.10495 42.32596
1100 1 46714488 -71.100306 42.329575
3630 1 46742624 -71.101039 42.334151
3880 1 46742625 -71.101039 42.334151
3880 1 46742627 -71.101039 42.334151
3630 1 46742628 -71.101039 42.334151
3880 1 46750198 -71.101039 42.334151
3880 1 46750199 -71.101039 42.334151
4880 2 46750200 -71.101039 42.334151
4600 2 46750201 -71.101039 42.334151
3880 1 46769192 -71.101039 42.334151
3000 3 46820338 -71.104638 42.32299
3600 4 47257328 -71.1038858 42.3277132
6500 4 47755149 -71.103901 42.331854
2250 2 47773010 -71.1017197552867 42.3279935775331
1750 1 47792070 -71.0934084 42.3250806
2200 1 47817398 -71.095867 42.325133
4300 4 47871314 -71.101323 42.330592
3600 3 47871342 -71.097924 42.331478
3300 4 47902145 -71.104418 42.327337
5400 4 47933052 -71.100163 42.331894
5600 4 47944199 -71.09955 42.332151
4600 4 47968088 -71.1008466 42.332536
2700 1 47989480 -71.097333 42.33198
5600 4 47997707 -71.09955 42.332151
5000 4 48000842 -71.104222 42.33198
1200 4 48001463 -71.097699 42.331341
3900 3 48003788 -71.1045377936765 42.3305685775331
5200 4 48008620 -71.1029574 42.3294864
5600 5 48008621 -71.10286 42.329621
4900 4 48008623 -71.10286 42.329621
4200 3 48017409 -71.101405 42.327313
3600 3 48023212 -71.104238 42.331523
6500 5 48023268 -71.099632 42.327819
4100 4 48039400 -71.103738 42.330833
4650 4 48045526 -71.101116 42.329502
3000 3 48049858 -71.102522 42.326681
5700 4 48049862 -71.099851 42.332227
1800 1 48049874 -71.096688 42.332137
6450 4 48049916 -71.096489 42.331894
4500 5 48050595 -71.1021367848948 42.3299795775331
6500 5 48050655 -71.096718 42.331392
3300 3 48058408 -71.101699 42.332928
4500 3 48059216 -71.1028608 42.3341203
14850 11 48063191 -71.100163 42.331894
3600 4 48066117 -71.100795 42.32717
4800 4 48066138 -71.099945 42.328302
4500 4 48066143 -71.101803 42.330356
4750 4 48066246 -71.095459 42.326583
6000 4 48069196 -71.102935 42.333975
3900 3 48073661 -71.104222 42.33198
5600 5 48075711 -71.1048247969417 42.3307875775331
3650 3 48075716 -71.0997617570309 42.3281105775331
4000 4 48075737 -71.1001347606684 42.3283545775331
4900 5 48076531 -71.1041367903368 42.3303445775331
4400 4 48078323 -71.104205 42.331627
4900 5 48078324 -71.103199 42.330913
3900 4 48094565 -71.100063 42.328374
3100 2 48094649 -71.100722 42.330341
4900 4 48101027 -71.1044708352922 42.3333595775331
3200 3 48101055 -71.104841 42.328067
4610 3 43780157 -71.104857 42.345254
3318 0 45268438 -71.101096 42.343893
3838 0 43162343 -71.102096 42.343661
5445 2 42392529 -71.10121 42.344083
0 0 42057990 -71.101568 42.334975
2150 1 41183826 -71.098176 42.341679
1650 0 43076794 -71.1012862 42.3424598
2150 2 43725647 -71.0982721 42.3415085
1800 0 45382900 -71.100261 42.343182
3750 2 45385361 -71.095886 42.343947
1975 0 45798567 -71.100449 42.342279
3750 1 45813517 -71.10195 42.34367
3300 2 46820274 -71.1010009739447 42.3426555775331
2550 1 47160394 -71.100063 42.341812
3300 2 47755177 -71.095805 42.342903
4619 3 47764536 -71.104857 42.345254
1975 0 47828215 -71.10089995925 42.3416705775331
3200 2 47862600 -71.096924 42.343239
2100 1 47892336 -71.0960439861037 42.3434705775331
2400 1 47904012 -71.1010145 42.3364473
2400 1 47925891 -71.099363 42.337933
2100 0 47935615 -71.1003577 42.3426729
3550 2 47935640 -71.0955993 42.3435884
3400 2 47935705 -71.0958547 42.342945
2550 1 47944194 -71.1003779552371 42.3414015775331
1950 0 47944195 -71.1011099660527 42.3421265775331
2400 1 47953545 -71.099962 42.342239
2750 2 48000301 -71.101222 42.342918
2800 2 48023132 -71.1008049749741 42.3427245775331
2200 1 48027389 -71.097994 42.342647
2550 1 48050020 -71.099699 42.341787
2000 0 48058443 -71.096924 42.342127
5744 2 48094622 -71.0995999869989 42.3435305775331
2000 0 48101043 -71.100494 42.342178
2675 1 48101076 -71.095748 42.343438
3673 1 48101107 -71.0995999869989 42.3435305775331
4150 3 48093293 -71.084268 42.337008
3000 2 42029265 -71.083484 42.33631
2200 0 42043890 -71.082986 42.343293
2600 0 47822081 -71.079487 42.344051
3000 2 42031711 -71.083469 42.336249
5000 4 44737422 -71.090985 42.342482
3900 2 43975891 -71.088934 42.344661
2500 1 43062412 -71.0823684 42.3444878
2200 0 41464601 -71.082499 42.343239
1500 0 28981935 -71.0877268 42.3436174
3400 3 28981942 -71.0877268 42.3436174
2250 2 34522293 -71.0860429 42.3431348
3400 3 43176306 -71.082844 42.335832
5500 4 43941509 -71.083326 42.336093
6750 5 44132249 -71.084666 42.335492
3860 1 45171233 -71.081698 42.338833
7896 1 45649352 -71.08103 42.34035
4940 2 46272383 -71.082039 42.344787
1950 1 46698127 -71.088742 42.344636
2800 1 46737506 -71.080539 42.341862
3400 2 46757424 -71.0913009750785 42.3427315775331
8500 7 46928861 -71.0868716 42.3244967
2550 2 46991454 -71.086359 42.336459
3895 3 47024169 -71.086299 42.336894
4000 1 47148651 -71.080365 42.339134
1200 0 47458038 -71.079479 42.342743
4800 4 47517272 -71.0863596 42.3370654
3200 2 47537422 -71.087281 42.341768
8523 1 47570437 -71.07962 42.34178
2395 1 47641328 -71.086299 42.336894
1795 0 47737256 -71.0832273 42.3431677
2750 1 47785105 -71.0912587 42.3411587
3900 1 47822087 -71.080225 42.344563
6200 4 47902128 -71.087525 42.342982
2500 2 47903865 -71.0862217 42.3431773
6200 4 47910343 -71.090297 42.345182
4250 3 47925882 -71.085442 42.336753
2500 1 47941325 -71.088442 42.342127
2750 1 47950036 -71.089059 42.342217
3900 2 47953692 -71.0898719953838 42.3440925775331
3400 3 47966347 -71.082844 42.335832
5400 3 47982768 -71.089059 42.342217
3900 3 47989547 -71.088934 42.344661
5600 4 47991775 -71.082736 42.33951
2125 0 47998536 -71.088815 42.341555
2000 1 48017511 -71.091333 42.340328
5000 4 48023211 -71.083225 42.335928
5000 4 48023305 -71.090985 42.342482
3000 2 48023308 -71.083469 42.336249
3900 3 48023309 -71.083469 42.336249
3000 2 48023316 -71.083484 42.33631
5500 4 48023319 -71.083326 42.336093
2240 0 48035711 -71.081425 42.339992
2100 1 48035997 -71.088955 42.344066
3800 3 48047950 -71.083469 42.336249
3400 2 48049850 -71.086851 42.342178
1825 1 48049856 -71.0897220076333 42.344913577533
2100 1 48049914 -71.088955 42.344066
3895 3 48058649 -71.0872368795238 42.3363255775331
3400 2 48066119 -71.0908589695884 42.342363577533
6750 5 48069326 -71.084666 42.335492
5000 5 48073655 -71.092094 42.329807
5400 4 48075712 -71.0837799172288 42.3388535775331
3650 2 48075721 -71.0893799575792 42.341558577533
2850 2 48075723 -71.0870008763919 42.3361155775331
4400 4 48078321 -71.085258 42.336894
2250 2 48089447 -71.090385 42.329402
4100 3 48094625 -71.0863328779578 42.3362205775331
2400 1 48094722 -71.092094 42.329807
1995 0 48101025 -71.087307 42.342659
4250 3 48101101 -71.0890599673059 42.3422105775331
8224 2 48101150 -71.0855260143476 42.345363577533
2400 2 48032880 -71.175733 42.381288
2400 2 46619416 -71.161578 42.356913
2700 3 41966167 -71.1646 42.356802
2625 1 31929097 -71.174448 42.364836
4000 5 31949882 -71.1646587 42.356194
2600 1 32560794 -71.1723764 42.351377
3300 3 37096708 -71.169825 42.349159
3700 3 40528418 -71.165231 42.367031
2500 1 42027309 -71.162151 42.354439
1900 1 43798018 -71.1757182 42.3812744
2500 3 44938553 -71.1569993 42.3561401
3300 3 45371361 -71.16215 42.354402
2795 3 45397825 -71.158483 42.352439
1788 1 46491291 -71.1751612 42.3791013
3770 1 46506077 -71.1585148672829 42.3620272572248
2510 0 46506078 -71.1585148672829 42.3620272572248
2600 2 46705186 -71.167762 42.366326
2850 4 46737508 -71.175969 42.353037
2850 3 46769324 -71.1799574 42.3618248
2595 2 47177023 -71.170516 42.366093
2795 3 47240812 -71.158483 42.352439
2100 2 47275080 -71.160372 42.3789412
3270 4 47300691 -71.175008 42.352458
3000 3 47326294 -71.167915 42.352041
2500 2 47378088 -71.167592 42.352846
2700 3 47378213 -71.157269 42.349468
2095 1 47378249 -71.173352 42.351073
4395 3 47392812 -71.165139 42.356793
1950 2 47403255 -71.17232 42.364121
1975 2 47427148 -71.1805296016246 42.3876659700638
3000 3 47468735 -71.158781 42.345856
2800 3 47517088 -71.1735832 42.3492793
1800 1 47517226 -71.1757182 42.3812744
1950 2 47566108 -71.166959 42.347893
2900 4 47614171 -71.1683627448283 42.3521522554958
3250 3 47615059 -71.1644288175922 42.3457122554958
2500 2 47615262 -71.161656 42.348265
1950 2 47615266 -71.168629 42.345661
2200 2 47615384 -71.176076 42.381068
2150 1 47641852 -71.162703 42.34632
3900 4 47732313 -71.1646196 42.3568009
2600 2 47772583 -71.180342 42.384878
3300 3 47871362 -71.162419 42.350396
3300 3 47887064 -71.162419 42.350396
3000 3 47887065 -71.167915 42.352041
2700 3 47892343 -71.164057 42.356797
1850 1 47895439 -71.175981 42.381176
3980 2 47895443 -71.174781 42.38031
2700 3 47922683 -71.158256 42.353244
3200 3 47928931 -71.16354 42.349482
3100 3 47930027 -71.178498 42.355789
2650 3 47935375 -71.1605637 42.3507637
1900 1 47935420 -71.1593105 42.3493625
2300 2 47944205 -71.16915 42.354255
2400 2 47945931 -71.1615849 42.3569157
2700 4 47958234 -71.1649268 42.3517276
2700 3 47985932 -71.164839 42.356852
2400 2 47985944 -71.158902 42.35714
1750 1 47991780 -71.175981 42.381176
1300 1 47997705 -71.158034 42.348239
3900 4 48003817 -71.164839 42.356802
3100 4 48012872 -71.162781 42.350649
2000 2 48013507 -71.168018 42.345823
2600 1 48023093 -71.1579797922405 42.3479562554958
2650 1 48023095 -71.1579797922405 42.3479562554958
2700 1 48023096 -71.1579797922405 42.3479562554958
2500 1 48023097 -71.1579797922405 42.3479562554958
2550 1 48023098 -71.1579797922405 42.3479562554958
2650 1 48023099 -71.1579797922405 42.3479562554958
2500 1 48023100 -71.1579797922405 42.3479562554958
2550 1 48023101 -71.1579797922405 42.3479562554958
2650 1 48023102 -71.1579797922405 42.3479562554958
2700 1 48023103 -71.1579797922405 42.3479562554958
2750 1 48023104 -71.1579797922405 42.3479562554958
2900 1 48023105 -71.1579797922405 42.3479562554958
2950 1 48023106 -71.1579797922405 42.3479562554958
3000 1 48023107 -71.1579797922405 42.3479562554958
2850 1 48023108 -71.1579797922405 42.3479562554958
2900 1 48023109 -71.1579797922405 42.3479562554958
3000 1 48023112 -71.1579797922405 42.3479562554958
3450 2 48023113 -71.1579797922405 42.3479562554958
3550 2 48023116 -71.1579797922405 42.3479562554958
3400 2 48023117 -71.1579797922405 42.3479562554958
3450 2 48023118 -71.1579797922405 42.3479562554958
3500 2 48023119 -71.1579797922405 42.3479562554958
2495 2 48023160 -71.173305 42.350908
1990 2 48023222 -71.1606517553489 42.3512212554958
1800 1 48023238 -71.176076 42.381068
2700 3 48049909 -71.164362 42.356716
2200 2 48049913 -71.175955 42.381033
2700 2 48058734 -71.1579957 42.3730002
2300 2 48058739 -71.1683344 42.367764
2595 3 48066179 -71.165948 42.349709
2595 3 48067671 -71.165948 42.349709
2500 3 48073647 -71.161854 42.350366
2300 2 48075779 -71.161404 42.370682
2500 2 48089489 -71.17179 42.37012
1850 1 48101060 -71.176076 42.381068
3295 3 45966963 -71.149378 42.349617
2661 0 43845740 -71.1455 42.347376
2300 2 47596148 -71.1526 42.3495
0 1 35001569 -71.1526 42.3495
2700 2 35529427 -71.149444 42.349799
2840 2 40328153 -71.149444 42.349799
3680 0 43898842 -71.1455 42.347376
2590 1 43898844 -71.1455 42.347376
3560 1 43903034 -71.1455 42.347376
3800 4 44511285 -71.14982 42.347844
3350 2 46273688 -71.149365 42.349661
3440 1 46769193 -71.1455 42.347376
2390 1 46769195 -71.1455 42.347376
2390 1 46958419 -71.1455 42.347376
2590 1 46958420 -71.1455 42.347376
3500 4 47172493 -71.145979 42.353229
3800 4 47356428 -71.1484147 42.3514668
3500 4 47378041 -71.145979 42.353229
2400 1 47379468 -71.144847 42.361478
4000 4 47517432 -71.1513892 42.3474807
3800 4 47588724 -71.14982 42.347844
2400 3 47652783 -71.1526 42.3495
1700 1 47764211 -71.146612 42.355372
2400 2 47815157 -71.1506953 42.3489953
2450 2 47865840 -71.144659 42.354581
2800 0 47946858 -71.149439 42.355168
1650 1 47960002 -71.1469104 42.3554796
3800 4 47985931 -71.150572 42.347812
4500 4 47998712 -71.149309 42.345779
3350 3 48017399 -71.149378 42.349617
1925 1 48023285 -71.154237 42.365356
2650 1 48035998 -71.149444 42.349799
1650 1 48058414 -71.147132 42.355514
1900 1 48058424 -71.154256 42.353874
2850 2 48066493 -71.1450307158629 42.3547152554958
2500 3 48069353 -71.150137 42.346083
3000 2 48077892 -71.145987 42.352056
3000 2 48096436 -71.145987 42.352056
4600 4 48101066 -71.1561748114466 42.3462562554958
3800 1 48057491 -71.143935 42.355716
3050 3 47275615 -71.134319 42.352607
0 0 47318339 -71.142895 42.356283
2810 1 47401906 -71.135748 42.356428
2695 3 46075245 -71.140247 42.349712
2829 0 36275695 -71.133678 42.347959
3800 4 44342242 -71.134454 42.350458
3900 4 44722974 -71.133142 42.348803
1600 1 45334315 -71.1355215 42.3466739
3400 4 45382300 -71.1342864000657 42.3529670660475
2280 1 45394283 -71.137765 42.354131
3325 4 45395235 -71.134048 42.350366
1800 1 45402326 -71.133392 42.351874
2000 1 45482191 -71.1323493803274 42.3514380660475
3050 3 45783770 -71.134351 42.352466
2400 3 46305419 -71.139586 42.347382
5266 3 46696747 -71.13687 42.35602
7500 3 47148625 -71.135345 42.354168
6500 2 47148626 -71.135695 42.354348
5000 5 47148628 -71.139953 42.352131
7500 3 47148635 -71.135571 42.354255
2695 3 47378304 -71.140247 42.349712
2675 3 47378310 -71.131169 42.353396
3400 4 47588774 -71.132392 42.35049
2675 3 47590761 -71.131169 42.353396
1650 0 47615392 -71.139231 42.349279
750 5 47615394 -71.1434793846132 42.3517700660475
2875 4 47618256 -71.131249 42.355607
1595 0 47625927 -71.140309 42.350229
3200 3 47625978 -71.134716372337 42.3508190660475
1650 0 47626000 -71.137086 42.346755
1825 1 47647090 -71.1313143587448 42.3497660660475
3325 3 47650292 -71.134048 42.350366
1850 1 47678969 -71.1311714173138 42.3543030660475
1650 0 47743526 -71.139333800296 42.3472432554958
4000 4 47746554 -71.1317569 42.3508912
3200 2 47758408 -71.139608 42.347884
1795 1 47764222 -71.13684 42.346952
1950 1 47764511 -71.1372753975225 42.3527700660475
2895 3 47772596 -71.138992 42.347904
2000 1 47778099 -71.139275341888 42.3484600660475
2175 2 47790820 -71.134538 42.352828
3628 1 47802241 -71.1342303331115 42.3477800660475
4000 4 47804793 -71.132392 42.35049
2175 2 47805121 -71.134538 42.352828
1795 1 47812631 -71.139275335938 42.3479990660475
1795 1 47820226 -71.136708 42.347047
2050 2 47830379 -71.133319 42.348735
3100 4 47854639 -71.131086 42.355372
2450 2 47892329 -71.1356124316579 42.3554140660475
2095 2 47896248 -71.1351673 42.3479079
2200 2 47896351 -71.1369897 42.3478284
3800 4 47925906 -71.1328773429205 42.3485400660475
3800 4 47932400 -71.132066 42.348039
3400 4 47932412 -71.131945 42.348099
4400 4 47932416 -71.131345 42.354172
7800 8 47953604 -71.13151 42.355155
2700 3 47965983 -71.131702416423 42.3542340660475
2400 3 47976467 -71.133657350626 42.3491370660475
3000 2 47983610 -71.133128 42.346039
1525 0 47991764 -71.1364818140449 42.3460262554958
1800 1 47991774 -71.138293 42.352591
1850 1 48006335 -71.13871 42.347659
3650 4 48008626 -71.131953 42.355168
3350 2 48008631 -71.134765 42.347412
3000 3 48008635 -71.131953 42.355168
1800 2 48013506 -71.138157 42.355883
5000 5 48015171 -71.138464 42.352229
1525 0 48023273 -71.13871 42.347659
5000 5 48023992 -71.138464 42.352229
4375 4 48042928 -71.131175 42.355472
3400 4 48048468 -71.131945 42.348099
3050 3 48049877 -71.134319 42.352607
7225 7 48052524 -71.131175 42.355472
2150 2 48058438 -71.131953 42.355168
1675 0 48066198 -71.141182 42.348823
3600 4 48066201 -71.1323493803274 42.3514380660475
3600 4 48066202 -71.1323493803274 42.3514380660475
1850 1 48094585 -71.137192 42.346538
1695 1 48094605 -71.133434 42.352649
3300 3 48094626 -71.1323673512069 42.3491820660475
4500 5 48094627 -71.1324973787267 42.3513140660475
3800 4 48094684 -71.1342033924232 42.3523750660475
1850 1 48096432 -71.137192 42.346538
3100 3 48097044 -71.134276 42.350769
1795 2 48101052 -71.137086 42.346755
2800 3 48101067 -71.137695350768 42.3491480660475
3610 2 48101396 -71.135748 42.356428
3000 3 42031723 -71.132054 42.359117
2500 2 45167012 -71.142774 42.361162
2500 2 45326020 -71.142774 42.361162
4613 3 45649369 -71.14273 42.35822
23895 3 46763244 -71.13217 42.36276
3000 3 47030153 -71.132054 42.359117
2600 3 47378117 -71.1408656744256 42.3583812554958
12636 1 47440950 -71.1322 42.3628
3200 3 47511131 -71.134013 42.361386
2400 3 47657961 -71.1415327 42.3589656
5000 3 47947754 -71.142182 42.360856
2500 2 47988411 -71.131953 42.358834
2700 3 48023275 -71.13161 42.358938
3400 4 48027158 -71.1392361 42.360358
3100 3 48067124 -71.1335487 42.3587957
3400 4 48069219 -71.132945 42.361059
1800 0 48078313 -71.13736 42.382436
3110 2 47275608 -71.154791 42.380783
2400 0 44798284 -71.140335 42.389026
2550 1 42026654 -71.144444 42.388981
3200 2 42029340 -71.139345 42.389974
2200 2 45559307 -71.151046 42.373984
2700 3 47299788 -71.151843 42.369452
2800 2 47615181 -71.1339393118977 42.3856306378995
2190 2 47733355 -71.152469 42.378419
2400 1 47764178 -71.148439 42.376679
2800 2 47815392 -71.148968 42.378298
2200 1 47821103 -71.1346148 42.3816685
3625 2 47846130 -71.1371417 42.3865944
1795 1 47904084 -71.153273 42.379235
1795 1 47907882 -71.153299 42.379249
2614 1 47930633 -71.154791 42.380783
4083 2 47930636 -71.154791 42.380783
2400 0 48050680 -71.1392962480773 42.3894876378995
1975 1 48066188 -71.1472404447932 42.3775966378995
2550 1 48066204 -71.143405248822 42.3894426378995
2190 2 48075713 -71.1515274207787 42.3790486378995
2700 2 48075755 -71.13736 42.382436
1800 0 48078267 -71.1373086 42.3824487
3700 2 48094829 -71.1392962480773 42.3894876378995
3200 2 48098234 -71.139345 42.389974
2015 0 47509951 -71.144912 42.398475
0 0 47050614 -71.161064 42.424511
2500 1 46865924 -71.146493 42.392281
2767 0 46813687 -71.146895 42.395474
2946 1 46613475 -71.145365 42.393737
2400 3 45866095 -71.131503 42.39357
3002 1 42029600 -71.142763 42.393964
1995 1 40919141 -71.157172 42.394267
2027 0 40248666 -71.142909 42.393077
1800 0 47413013 -71.166756 42.422232
2400 2 47389639 -71.154028 42.414169
2350 1 33588640 -71.151074 42.414043
1750 1 27524811 -71.171032 42.422379
1650 1 37841684 -71.131924 42.4230798
1750 1 43601982 -71.169839 42.419921
2880 1 45171239 -71.13418 42.398356
4500 3 46832939 -71.132748 42.39592
4400 3 46863764 -71.146493 42.392281
4000 2 46863793 -71.146493 42.392281
2600 1 46863796 -71.146493 42.392281
4839 4 46973771 -71.13418 42.398356
3504 0 47069668 -71.146895 42.395474
3600 4 47129472 -71.133818063462 42.4006406378995
3600 3 47256725 -71.132169 42.392705
2200 2 47457914 -71.169700964193 42.4226307778984
3770 2 47557232 -71.145365 42.393737
3500 2 47611343 -71.136541 42.396016
3700 2 47617189 -71.146493 42.392281
2600 1 47617190 -71.146493 42.392281
2250 2 47661932 -71.1465556934693 42.4035057778984
2950 2 47802268 -71.175414 42.422918
3600 4 47820239 -71.1335250329282 42.4024846378995
2750 3 47838151 -71.175646 42.423003
2390 1 47838578 -71.145638 42.391718
1650 1 47841601 -71.1491888 42.4054672
1950 1 47845119 -71.147279 42.410951
1800 1 47892345 -71.1340740517389 42.4013486378995
2400 2 47895405 -71.1739367090902 42.3980319700638
1800 1 47902237 -71.1673959605533 42.4223737778984
2200 1 47920519 -71.166064 42.4220052
2100 1 47932172 -71.178646 42.425185
2500 3 47934219 -71.143855793447 42.4105707778984
3995 5 47940827 -71.1552 42.4179
2295 2 47941438 -71.152902 42.42128
2150 1 47947753 -71.134936 42.399597
2700 3 47969558 -71.1552 42.4179
2550 2 47977717 -71.1315015 42.3993712
3600 3 48003863 -71.159052 42.43106
2250 2 48006111 -71.149444 42.402408
2495 2 48014153 -71.1615152 42.4167077
3002 1 48023362 -71.1417241663517 42.3944256378995
6500 5 48023993 -71.134475 42.394474
4200 6 48027391 -71.142968 42.409858
2800 2 48031916 -71.1345612 42.4020176
1750 1 48045461 -71.136231 42.408599
2700 3 48049864 -71.131142 42.418833
6000 5 48049907 -71.158155 42.431678
1950 2 48049940 -71.168959 42.418853
1700 1 48049953 -71.133017 42.422716
2400 2 48058417 -71.132622 42.398567
2675 3 48063052 -71.131503 42.39357
2550 1 48094628 -71.1383062323892 42.3904356378995
4200 4 47846510 -71.127329 42.351553
4200 4 47967930 -71.127267 42.351793
3800 4 43905746 -71.12858 42.353172
7800 6 43011407 -71.126574 42.354725
2695 3 47590759 -71.130905 42.355011
3172 0 46793070 -71.129955 42.363378
3800 4 46793082 -71.128355 42.351922
2700 5 46548904 -71.130891 42.349803
4200 4 43592555 -71.127347 42.351466
1980 1 42032352 -71.129023 42.350955
4000 4 44629903 -71.129502 42.350846
6700 5 46615545 -71.118877 42.345681
1000 5 46615539 -71.125974 42.349182
2100 2 28423999 -71.1275644 42.352179
2750 2 39802189 -71.118667 42.345661
4200 4 41974109 -71.123811 42.351458
5300 5 42613948 -71.12664 42.349079
4700 4 44717179 -71.124837 42.354503
3195 3 45385667 -71.127113 42.353937
2350 3 45455463 -71.128955 42.358874
1695 1 45608218 -71.13057 42.350103
2300 1 46621536 -71.121669 42.345524
2650 2 46690481 -71.121802 42.346982
3000 3 46944932 -71.12584 42.346582
1800 2 46990072 -71.127286 42.351716
2700 5 47093430 -71.130891 42.349803
2550 3 47266976 -71.126932 42.358244
4000 4 47326246 -71.129023 42.350955
2695 3 47378309 -71.130905 42.355011
4000 6 47391000 -71.1307994208126 42.3545740660475
5200 5 47427175 -71.125688 42.355125
1800 1 47609502 -71.1309 42.3562
3600 4 47731273 -71.126286 42.349542
1900 1 47755516 -71.128856 42.353528
1700 0 47802250 -71.126202 42.352564
1900 1 47805120 -71.128901 42.354846
1895 1 47820229 -71.125929 42.354283
8700 7 47825770 -71.126574 42.354725
2450 1 47828183 -71.121821 42.350834
2450 1 47842999 -71.121802 42.346982
2520 0 47892354 -71.1304134064432 42.3534610660475
4200 4 47916747 -71.12537 42.35061
3800 3 47921489 -71.124867 42.348113
3700 4 47921492 -71.130659 42.345735
3300 3 47925888 -71.1268874061463 42.3534380660475
6250 5 47929029 -71.123669 42.348354
1800 0 47930576 -71.1274293717045 42.3507700660475
7200 6 47933054 -71.129901 42.348047
3275 2 47941640 -71.129602 42.35296
4100 4 47944476 -71.129502 42.350846
1775 1 47953658 -71.1274293717045 42.3507700660475
3396 1 47953670 -71.1304134064432 42.3534610660475
3600 4 47958512 -71.12858 42.353172
3800 4 47958521 -71.12858 42.353172
4800 6 47958524 -71.129259 42.354777
3400 3 47958530 -71.127329 42.351553
1900 1 47960279 -71.12852 42.351402
3750 3 47960790 -71.118668 42.345661
7000 6 47965920 -71.1274434360737 42.3557560660475
3000 3 47965955 -71.1299543809858 42.3514890660475
1995 1 47976456 -71.129821 42.35014
4200 4 47976494 -71.127329 42.351553
3200 4 47983609 -71.120553 42.347583
12999 8 47985921 -71.1287574329233 42.3555120660475
7800 6 47988428 -71.126574 42.354725
5000 3 47991766 -71.128019 42.346726
4200 4 48002075 -71.119679 42.347695
6000 4 48006479 -71.129299 42.351789
7400 7 48008224 -71.124837 42.354503
5100 4 48013116 -71.128064 42.35435
3995 4 48023167 -71.127113 42.353937
3375 3 48023219 -71.1275313834643 42.3516810660475
5000 4 48023556 -71.127286 42.351716
4200 4 48025367 -71.127267 42.351793
4400 4 48025457 -71.127347 42.351466
4950 4 48045523 -71.127329 42.351553
1800 1 48049828 -71.127429 42.35114
4100 4 48049849 -71.128459 42.351545
3200 2 48049944 -71.12064 42.348083
4300 4 48053574 -71.127881 42.354664
3400 3 48058693 -71.127286 42.351716
2708 1 48059694 -71.1296495 42.3529714
3440 2 48063170 -71.129602 42.35296
1800 0 48066216 -71.127622368955 42.3505570660475
3200 1 48069359 -71.121946 42.351572
5500 6 48073652 -71.125783 42.355131
2350 3 48094820 -71.128955 42.358874
4100 4 48101024 -71.128385 42.351813
1850 1 48101047 -71.1270454015503 42.3530820660475
1825 2 48101097 -71.1282093695617 42.3506040660475
3900 3 41966212 -71.116395 42.349109
2995 1 47503078 -71.110636 42.367767
3400 3 39379120 -71.115866 42.349141
3000 3 46840697 -71.106975 42.36534
5000 4 46615548 -71.117712 42.348884
6000 5 46615544 -71.117009 42.349109
4000 3 46615542 -71.117439 42.3493
3900 4 13430631 -71.1083006819145 42.3632536378995
4975 4 14967692 -71.1162282 42.3491558
4975 4 20823365 -71.1176887 42.3494835
1400 0 32401454 -71.1054178 42.3481396
4050 3 34402552 -71.1164248 42.3489325
2100 1 36414451 -71.1153415 42.3612399
2295 0 36701624 -71.1136296327454 42.3662286378995
3200 2 39802184 -71.108291 42.346563
3200 2 44911740 -71.1080136123485 42.3674626378995
1650 1 45649279 -71.1079 42.34547
5000 5 45701729 -71.105238 42.36348
3295 3 46692627 -71.110469 42.363107
2295 1 47030215 -71.114668 42.365767
10500 4 47030230 -71.114408 42.367308
10500 3 47044451 -71.114408 42.367308
3525 3 47373967 -71.116712 42.349224
4000 2 47412467 -71.1060909 42.3580742
3750 2 47438201 -71.107494 42.360543
3295 3 47580993 -71.110469 42.363107
3100 3 47588757 -71.113238 42.36128
3295 3 47588760 -71.110469 42.363107
2995 1 47588775 -71.110636 42.367767
2995 1 47614281 -71.110636 42.367767
1700 0 47656860 -71.107622 42.3455
3800 2 47755164 -71.1077177470587 42.3456528266068
2000 1 47757128 -71.1080294 42.3573756
3800 4 47792135 -71.1118706 42.3626785
2600 1 47796801 -71.117277 42.348047
3375 3 47843000 -71.117343 42.349293
3400 2 47867608 -71.113698 42.36595
2800 2 47871347 -71.110904 42.361378
2000 1 47873955 -71.1080047 42.3575663
2400 1 47893068 -71.108027 42.365978
2400 0 47895448 -71.1069886292579 42.3664396378995
2750 3 47924856 -71.111189 42.366001
4200 3 47933623 -71.11738 42.347923
4300 3 47933629 -71.117277 42.348047
3000 3 47935742 -71.1070472 42.3653556
4975 4 47936903 -71.116547 42.349209
2400 1 47941541 -71.108975 42.359388
1850 0 47960529 -71.109096 42.347524
3900 3 47960791 -71.116985 42.349254
3975 3 47960804 -71.117074 42.349265
4975 4 47960817 -71.117251 42.349282
4975 4 47960818 -71.116985 42.349254
3950 3 47960828 -71.117523 42.349239
4080 3 47960834 -71.117523 42.349239
3975 3 47960836 -71.116547 42.349209
3975 3 47960843 -71.117251 42.349282
3030 2 47960845 -71.116454 42.34919
3030 2 47960848 -71.117074 42.349265
3030 2 47960849 -71.117251 42.349282
5800 3 47965905 -71.1123266564302 42.3647956378995
2995 3 47967484 -71.111395 42.36517
5800 3 47967927 -71.113365 42.364334
3600 3 47976481 -71.112454 42.358564
1650 2 47985967 -71.106254 42.364912
1650 2 47987212 -71.106254 42.364912
3000 3 47996316 -71.1059366398031 42.3658016378995
3900 3 47997300 -71.1164494 42.3487599
4650 4 47997302 -71.1164494 42.3487599
4050 3 48005716 -71.11642 42.348932
4050 3 48005717 -71.116547 42.349209
4050 3 48005719 -71.116371 42.349165
4650 4 48005720 -71.117523 42.349239
4975 4 48008629 -71.117074 42.349265
2400 2 48012989 -71.1076748 42.3652582
4050 3 48023995 -71.1160931 42.3489921
3100 3 48024130 -71.108064 42.3571301
4650 4 48025374 -71.116395 42.349109
4300 4 48025469 -71.116712 42.349224
4750 4 48025471 -71.116454 42.34919
3900 3 48025481 -71.116395 42.349109
4650 4 48025483 -71.117523 42.349239
1850 0 48028344 -71.1085048 42.3654642
1950 1 48036662 -71.10654 42.346582
3300 4 48071313 -71.111877 42.361824
4975 4 48076437 -71.1159946979245 42.3487718266068
2450 1 48094623 -71.1075477626182 42.3583696378995
2450 1 48096429 -71.108586 42.357908
2795 2 48101070 -71.11473 42.365571
1500 1 48101072 -71.106254 42.364912
2200 1 47816049 -71.1299 42.3787
2130 0 42027744 -71.129658 42.387138
1900 0 12831572 -71.120228 42.380138
4800 2 13069049 -71.122143 42.388577
2130 0 16557009 -71.129658 42.387138
2400 1 14760997 -71.1218324459561 42.3809770446277
3950 4 23349600 -71.1215352634834 42.3885566378995
3000 3 31612338 -71.1189802608689 42.3887146378995
2950 1 33040868 -71.1216494115496 42.3796096378995
5000 4 35859691 -71.122281 42.3742232
3395 0 37308674 -71.1210575088229 42.3737246378995
5000 4 45608014 -71.12237 42.374187
1800 0 46505991 -71.128361 42.379682
3750 3 46539323 -71.125901 42.373978
5000 4 46560698 -71.12237 42.374187
1825 0 46775847 -71.120232318466 42.3852336378995
4200 4 47103292 -71.1220432702513 42.3881476378995
2300 1 47148675 -71.125499 42.377105
3400 2 47391866 -71.1220632 42.3849237
3750 3 47450657 -71.1248624970002 42.3744396378995
4000 4 47561460 -71.1199477 42.3888449
3450 1 47578934 -71.122096 42.373263
4000 2 47626032 -71.121064 42.381409
3330 2 47626043 -71.1216494115 42.3796096378995
1800 0 47778096 -71.119561 42.386336
1500 0 47802277 -71.1207052707642 42.3881166378995
2400 3 47813889 -71.120762 42.378452
3400 2 47871298 -71.1236402622589 42.3886306378995
5000 4 47918303 -71.1248624970002 42.3744396378995
2600 1 47967495 -71.120762 42.378452
4000 4 48023276 -71.122814 42.388261
2465 1 48023304 -71.120303 42.381101
1975 0 48023979 -71.1209828 42.3805283
2200 1 48048821 -71.127856 42.38026
1900 0 48067662 -71.120228 42.380138
2550 2 48067668 -71.120228 42.380419
2800 2 47942697 -71.112238 42.388695
1600 1 44826919 -71.110329 42.376984
1300 1 44826853 -71.110339 42.377009
2160 0 42027198 -71.108995 42.368903
3300 2 40343595 -71.112339 42.370049
0 1 35001587 -71.117046 42.384956
2995 1 35001576 -71.108505 42.370252
2650 1 32918051 -71.116812 42.385007
2160 0 253059 -71.108995 42.368903
2500 2 22418260 -71.115931355127 42.3830176378995
2150 1 22441608 -71.1132657 42.3721688
2200 1 23684173 -71.1093443 42.3863659
2700 2 34417958 -71.1077517 42.3680333
2500 1 35667633 -71.1111565304996 42.3724136378995
2300 1 38410391 -71.1107580161453 42.3873966497556
2500 2 44387707 -71.1078809 42.3680928
5800 5 45326632 -71.116956 42.388968
1850 1 45360974 -71.105975 42.374917
1600 1 45386094 -71.110329 42.376984
3400 2 45391383 -71.110329 42.376984
3800 4 45808246 -71.1052291 42.3890287
2600 1 45839143 -71.1064623 42.3717228
2500 3 45866114 -71.1082560753393 42.3810436497556
2850 1 46272804 -71.1075996 42.368335
3000 3 46428454 -71.112296 42.37039
4000 3 46573549 -71.112558 42.370991
6999 5 46615091 -71.1126505698643 42.3700326378995
3400 3 46631967 -71.113701 42.369122
3595 3 46692626 -71.118009 42.385138
2200 1 46955049 -71.108608 42.3726629
3595 3 47030228 -71.118009 42.385138
1950 0 47069506 -71.1068200459171 42.3842016497556
2000 1 47088372 -71.1140510469979 42.3840856497556
3200 2 47281336 -71.114068 42.387026
3900 4 47300689 -71.112469 42.383039
2800 2 47370250 -71.111877 42.36913
2800 2 47479195 -71.107638 42.368093
2595 2 47503081 -71.11042 42.368046
5900 5 47511132 -71.116956 42.388968
2595 2 47588769 -71.11042 42.368046
3295 3 47615110 -71.105381 42.36928
2500 3 47638131 -71.114812 42.38638
2200 2 47653001 -71.1063694 42.3861051
2400 1 47656925 -71.1102 42.371224
3400 2 47737371 -71.1068336 42.3679262
2200 1 47757500 -71.1108719 42.3877485
6000 3 47775547 -71.1137426 42.3824419
3500 2 47783998 -71.1121257 42.3707578
1950 1 47784088 -71.1110375 42.3896497
3595 3 47796763 -71.118009 42.385138
1995 1 47800232 -71.109814 42.373682
2200 1 47802243 -71.113148 42.372053
995 4 47829137 -71.1087008 42.3801924
2500 2 47838161 -71.1173213548954 42.3830316378995
2700 3 47846356 -71.1150623 42.3817291
3525 3 47902933 -71.11185 42.386253
2995 1 47935926 -71.1096234 42.3707926
2200 1 47948901 -71.1108719 42.3877485
3650 3 47949376 -71.1082292 42.3744835
2500 2 47958345 -71.1078809 42.3680928
3650 3 47959911 -71.1082292 42.3744835
2500 1 47965946 -71.111998 42.370917
2350 1 47971850 -71.109008 42.371382
2400 2 47976485 -71.113666 42.386191
2350 2 47985979 -71.1093980413328 42.3846936497556
1850 1 47994848 -71.106008 42.386759
1925 0 48002107 -71.108722 42.384763
2375 2 48003880 -71.1080775742122 42.3697696378995
1950 0 48023359 -71.1141615367989 42.3720326378995
2895 1 48035988 -71.116965 42.385473
2650 1 48035990 -71.116965 42.385473
2915 1 48035991 -71.116743 42.385458
3595 2 48035999 -71.116812 42.385007
2995 1 48049894 -71.109008 42.370346
2915 1 48049910 -71.117123 42.385442
1475 0 48049922 -71.107306 42.37233
3950 3 48049956 -71.106910455394 42.3769556378995
3000 2 48049961 -71.107921 42.380087
2895 1 48050386 -71.116965 42.385473
1950 1 48050471 -71.1141615367989 42.3720326378995
2150 2 48050505 -71.1141615367989 42.3720326378995
2915 1 48050553 -71.1157043071162 42.3859196378995
3000 2 48051407 -71.107921 42.380087
5000 4 48056119 -71.111262 42.386255
3200 1 48060639 -71.112606 42.374978
2250 1 48071312 -71.109349 42.386358
2400 2 48075752 -71.115973 42.385372
2400 2 48078319 -71.115973 42.385372
3200 2 48089299 -71.112606 42.374978
3500 2 48101054 -71.111998 42.370917
3525 2 42030839 -71.104646 42.3646
5500 4 44054602 -71.104163 42.345617
2625 1 41965018 -71.093699 42.346803
2630 0 42926891 -71.099897 42.347946
1990 1 40343603 -71.096931 42.363031
3520 2 64212 -71.104646 42.3646
1695 0 15242825 -71.093696 42.3467791
2195 2 15269760 -71.094285 42.3462177
2100 2 24177140 -71.0935567 42.3469531
1695 0 24211981 -71.0924488405354 42.3459321124093
2100 2 24990107 -71.1044759 42.3462763
1825 1 24990386 -71.0936567 42.3467982
1995 1 31041369 -71.103468 42.3468048
1625 0 31305552 -71.0933977 42.3470357
2100 2 31686390 -71.1044197 42.3462058
3000 1 32037769 -71.1041644 42.3465893
2400 2 36506546 -71.1042036 42.3457409
2990 1 38624071 -71.099976 42.364723
4080 1 39901443 -71.100291 42.363748
1795 1 41415396 -71.1040599 42.3464137
1595 0 43999121 -71.103962 42.347294
3700 3 45325631 -71.098134 42.366783
1695 0 45382705 -71.104484 42.347127
6500 3 45385192 -71.103039 42.36748
2700 2 45927155 -71.1026788 42.3470045
6800 2 46698220 -71.102822 42.346582
2400 1 46767047 -71.093391 42.350234
2900 4 47100652 -71.101349 42.364883
5000 2 47180916 -71.098467 42.367439
3300 2 47456701 -71.1023147019271 42.3620426378995
2800 3 47461384 -71.096264 42.365554
1800 0 47588754 -71.093029 42.367759
3600 4 47735229 -71.1014456767087 42.3635686378995
3002 2 47757105 -71.103949 42.34619
2200 0 47836765 -71.098134 42.366783
3002 2 47895738 -71.103949 42.34619
2400 1 47910915 -71.104689 42.346468
4619 3 47933051 -71.104472 42.345566
2000 1 47946043 -71.1044893 42.3462734
2900 3 47997709 -71.0961909 42.3655195
3990 3 48017651 -71.102729 42.34717
2700 2 48017655 -71.102729 42.34717
2700 2 48022926 -71.1026788 42.3470045
2450 1 48023156 -71.100594 42.364311
2600 2 48037407 -71.102586 42.347099
6000 5 48042585 -71.104163 42.345617
5500 4 48042586 -71.104163 42.345617
3500 2 48049832 -71.1049330195699 42.3457135775331
3000 3 48049836 -71.0945420484438 42.3476485775331
2550 1 48050124 -71.1044170272843 42.346230577533
2800 2 48078250 -71.0961909 42.3655195
2800 3 48078320 -71.096264 42.365554
2900 2 48094562 -71.104494 42.346282
3100 1 48097130 -71.104522 42.346513
3700 3 48101098 -71.103949 42.34619
3700 3 48101099 -71.1048520173765 42.345566577533
4200 3 48101100 -71.103887 42.346051
4883 1 42030461 -71.084588 42.345932
2930 0 42029115 -71.079719 42.348099
2978 0 42026046 -71.083719 42.365063
2800 0 42026051 -71.08162 42.347959
2400 0 42043883 -71.079833 42.345884
2955 0 34539413 -71.080773 42.34815
2575 0 30607086 -71.081431 42.367461
3430 1 36063987 -71.082514 42.363439
2955 0 34358550 -71.079719 42.348099
3180 0 22915110 -71.08162 42.347959
2570 0 16557498 -71.082178 42.366835
2973 0 65048 -71.083719 42.365063
2100 2 30227960 -71.0903403 42.3468972
2450 1 33155348 -71.0878233 42.3510803
3520 1 33656454 -71.087588 42.363297
2770 0 33656455 -71.087588 42.363297
3100 0 33743369 -71.087588 42.363297
4130 1 36490866 -71.087588 42.363297
1595 0 36931856 -71.085712 42.351601
7000 2 39971497 -71.0846151 42.352386
4700 3 42507622 -71.086231 42.345482
1600 0 42551090 -71.089712 42.3455321
4554 2 42954710 -71.083446 42.363729
4200 3 43962196 -71.090699 42.347047
3726 1 45649255 -71.08361 42.36374
4293 1 45649257 -71.08342 42.36369
1863 1 45649323 -71.08271 42.34976
2349 1 45649326 -71.08271 42.34975
2349 1 45649329 -71.0827 42.34974
2349 1 45649330 -71.0827 42.34974
2610 1 45649340 -71.08269 42.34974
2349 1 45649341 -71.0827 42.34974
2349 1 45649342 -71.0827 42.34974
1836 1 45649343 -71.0827 42.34974
2349 1 45649344 -71.0827 42.34974
2349 1 45649345 -71.08269 42.34975
2349 1 45649346 -71.08271 42.34975
2349 1 45649347 -71.0827 42.34974
3630 1 45689926 -71.083842 42.364675
8919 1 45903318 -71.08271 42.34975
6500 4 46248920 -71.089742 42.345542
2750 1 46693063 -71.080641 42.353873
5300 1 46943571 -71.084542 42.345903
5300 1 46943598 -71.083047 42.363627
3550 1 47047288 -71.081818 42.350624
1795 0 47079623 -71.088359 42.350545
6500 2 47135560 -71.079563 42.35014
5500 3 47304953 -71.084136 42.348661
4000 3 47517194 -71.0841093 42.3486647
1050 1 47523348 -71.088842 42.346412
1800 1 47523349 -71.088842 42.346412
1950 1 47523350 -71.088842 42.346412
3052 1 47554765 -71.0829 42.3634
2700 1 47611346 -71.089919 42.350972
1750 0 47618092 -71.0851771 42.3491439
3636 2 47755341 -71.082168628448 42.3664886378995
2500 1 47766055 -71.0848986 42.3491335
3200 3 47863903 -71.0808272 42.3677349
15000 3 47871353 -71.084504 42.352466
3800 1 47892330 -71.086525 42.351402
15000 1 47906237 -71.08086 42.34945
3865 2 47910416 -71.083207 42.366027
6105 2 47934247 -71.0803070780219 42.3496305775331
1790 0 47941703 -71.089098 42.345524
2400 1 47947023 -71.0794668 42.3524018
2200 0 47967920 -71.089183 42.347217
3400 2 47967925 -71.090349 42.346726
3000 1 47978438 -71.090699 42.347047
2450 1 47983323 -71.088484 42.351372
3113 1 47987210 -71.088178 42.345965
3000 1 48017442 -71.089941 42.349398
1845 0 48024606 -71.0856414 42.3516363
1950 0 48049834 -71.0897990802754 42.3497815775331
5493 1 48050522 -71.084588 42.345932
2800 1 48055565 -71.080709 42.351649
1795 0 48058435 -71.0866570990805 42.3510415775331
2300 1 48071447 -71.089039 42.350699
2550 0 48075726 -71.089178 42.349712
2500 20 48075751 -71.083642 42.349513
1850 0 48094563 -71.0899970172572 42.3455585775331
2550 2 48094580 -71.089736 42.345412
1295 0 48094620 -71.0834770654113 42.3487855775331
3250 1 48095993 -71.086986 42.351117
2780 1 48096433 -71.089098 42.345524
3232 1 48101279 -71.082168628448 42.3664886378995
3600 2 48101350 -71.086642 42.346224
2766 1 48101362 -71.08911601484 42.3453965775331
3200 3 47508465 -71.093088 42.38693
2100 1 45458108 -71.095349 42.384095
2200 2 45177933 -71.1020209 42.3682799
1960 0 47590741 -71.102102 42.387655
4000 4 44977204 -71.098945 42.373679
2350 1 46320257 -71.102367 42.387728
2355 1 39882901 -71.100494 42.387783
1995 0 35001561 -71.102377 42.387799
1960 0 33958589 -71.102102 42.387655
2000 0 23343339 -71.1034359 42.3884241
2700 3 30993634 -71.0970735831557 42.3692286378995
2800 3 37508414 -71.0958707 42.36992
1800 1 41647406 -71.1016343 42.371568
3040 1 44836509 -71.100494 42.387783
4500 4 45388424 -71.104019 42.377301
5000 4 45522140 -71.10374 42.372793
2700 3 45751849 -71.098168 42.373873
2900 3 45783577 -71.1029851044681 42.3779166497556
1800 1 45876226 -71.096226 42.3748211
2300 2 45941286 -71.0946476 42.3823816
2695 3 45987180 -71.104124 42.376209
3500 3 46248994 -71.0926605249607 42.3727486378995
2900 2 46317023 -71.094709 42.381892
3000 4 46355753 -71.1034391259834 42.3756066497556
3500 4 46367554 -71.0987120459916 42.3841936497556
1650 0 46437516 -71.0948740403451 42.3847996497556
3200 4 46555281 -71.094232 42.380968
1400 1 46568284 -71.0992 42.3818
6200 7 46670385 -71.105187 42.373376
3480 4 46766670 -71.098094 42.389484
2200 2 46891192 -71.0961866 42.3747617
2300 1 46974041 -71.0935655621769 42.3704976378995
1800 1 46996212 -71.0992 42.3818
2700 3 47192113 -71.1041232315137 42.3778354738993
2800 3 47222702 -71.095297 42.380202
2550 2 47248074 -71.096805 42.369107
1925 1 47335764 -71.100876 42.381804
2400 2 47477285 -71.097788 42.382607
2700 3 47588705 -71.098168 42.373873
4000 4 47588737 -71.098945 42.373679
2150 3 47762235 -71.100899 42.389607
3300 2 47774745 -71.1027812 42.3767353
3825 3 47783497 -71.0998703 42.3678528
2850 3 47790785 -71.0946730893966 42.3795346497556
3300 3 47797734 -71.1034952 42.3732031
4300 3 47812657 -71.094333 42.372644
2550 2 47820178 -71.097851 42.383619
2300 1 47846282 -71.1042398 42.3691698
6200 6 47846342 -71.097812 42.373858
1100 4 47879898 -71.099718 42.387484
2400 2 47895435 -71.098581 42.376021
2600 1 47904731 -71.094264 42.373749
2700 3 47933036 -71.098168 42.373873
2700 3 47945926 -71.0981493 42.3739201
2000 0 47946251 -71.102126 42.3877132
3000 1 47951159 -71.099718 42.387484
3200 3 47967490 -71.099428 42.371179
2300 1 47971884 -71.103901 42.369262
3200 2 47976439 -71.101935 42.374097
2750 2 47989150 -71.0971081 42.3816137
2750 2 47991789 -71.0965030759635 42.3809766497556
2050 1 48002116 -71.098474 42.388138
4200 3 48003866 -71.098349 42.370814
2700 2 48017483 -71.098112 42.368767
2400 3 48023272 -71.101594 42.378991
3800 4 48034637 -71.099515 42.374832
4000 2 48034639 -71.098529 42.381358
4000 3 48035117 -71.104084 42.37394
1500 0 48040438 -71.09544 42.385436
1350 0 48040439 -71.09544 42.385436
2395 1 48049911 -71.101586 42.388073
1800 1 48052313 -71.0927468 42.3689678
1495 1 48058342 -71.0959205244812 42.3727776378995
2000 0 48075750 -71.101724 42.387772
2250 1 48101039 -71.095504 42.384502
1960 0 48101063 -71.101724 42.387772
3600 4 45957259 -71.090029 42.371419
2750 3 45313103 -71.089728 42.381715
3150 2 44768663 -71.085104 42.387853
3600 4 41681598 -71.0903766 42.3703722
2950 2 40343601 -71.087601 42.370549
4650 5 32952738 -71.09061 42.385184
2600 3 15727845 -71.081826 42.3839254
2300 2 39692922 -71.0888911 42.3874845
2750 4 45385300 -71.089728 42.381715
3600 4 46479672 -71.088990539312 42.3718806378995
3950 4 46618287 -71.084104 42.368988
2600 3 46829451 -71.0804780473892 42.3840436497556
3100 3 47217495 -71.0818 42.3704
5190 3 47291709 -71.089896 42.370571
2300 2 47378092 -71.0802170665076 42.3819916497556
3510 4 47458045 -71.08988 42.371651
2000 1 47647092 -71.087896 42.372452
3000 3 47757109 -71.087072 42.372235
2400 3 47772543 -71.09167 42.372713
3150 2 47776047 -71.0851897 42.3878402
3150 2 47776113 -71.0851897 42.3878402
3150 2 47776120 -71.0851897 42.3878402
2800 1 47776128 -71.0868252 42.3742011
2500 3 47802271 -71.0885780316794 42.3857296497556
2300 3 47813885 -71.08888 42.387442
800 6 47822738 -71.0900845 42.3884383
3200 2 47847068 -71.087642 42.370021
2500 3 47862599 -71.0794740409974 42.3847296497556
4990 3 47903641 -71.090053 42.370696
2700 2 47910336 -71.082136 42.369429
3000 3 47935748 -71.0871057 42.3722374
2200 2 47935765 -71.0921024 42.3724037
3150 2 47946126 -71.0851897 42.3878402
1650 1 47953553 -71.0898470788049 42.3806716497556
3000 3 47958329 -71.0871057 42.3722374
1900 1 47976474 -71.088153 42.372235
2500 3 47979414 -71.089553 42.372446
3150 2 47985933 -71.085658 42.387878
2500 2 48000908 -71.088387 42.385669
2900 3 48003859 -71.08523 42.385515
2495 2 48003860 -71.08523 42.385515
3150 2 48034616 -71.085104 42.387853
800 5 48043314 -71.0900845 42.3884383
1795 1 48049660 -71.087542 42.371053
2400 2 48049865 -71.082636 42.382816
2650 1 48075756 -71.091232 42.382561
2700 2 48078237 -71.0846084 42.3700655
2700 2 48078318 -71.084577 42.370036
2300 2 48089393 -71.081995 42.382239
2700 2 48094568 -71.083955 42.375552
2695 1 48094573 -71.088941 42.388225
2695 1 48094575 -71.089039 42.388242
2400 2 48070055 -71.1301 42.3933
2850 3 42032491 -71.128202 42.403233
3000 1 46978645 -71.129929 42.392448
3650 2 42029481 -71.130257 42.398128
2950 4 42240345 -71.120058 42.412453
2400 2 41875526 -71.130161 42.400754
3200 3 33060994 -71.1265394 42.4055854
2900 1 44806366 -71.12921809742 42.3985896378995
3200 4 45545424 -71.129267 42.406053
4500 4 46046667 -71.1219629548905 42.3939686497556
3400 3 46555237 -71.1195632258357 42.3908316378995
2700 2 46853507 -71.118804 42.392882
2700 3 46927984 -71.130261 42.400652
3100 2 46995833 -71.126614 42.395947
3300 3 47044452 -71.126043 42.399204
6500 4 47148681 -71.126999 42.392662
2700 4 47196507 -71.129485 42.405743
2250 3 47206712 -71.1280292 42.4040249
5500 4 47450337 -71.125718 42.406023
4400 4 47450342 -71.124464 42.410209
3000 3 47472529 -71.126834 42.411538
4500 5 47538041 -71.128537 42.399873
5600 6 47614978 -71.127082 42.412673
2400 3 47741409 -71.126688 42.410406
3600 4 47755107 -71.119474 42.411823
4000 4 47772594 -71.1262258169829 42.4087566497556
3000 3 47772595 -71.1262518173467 42.4087176497556
2400 2 47786873 -71.12941 42.410065
2150 2 47790719 -71.1293088124302 42.4092446497556
3300 3 47836758 -71.126043 42.399204
2150 1 47857415 -71.1273301 42.402239
9200 8 47862575 -71.126769824446 42.4079566497556
3300 3 47862578 -71.126837 42.408649
2500 2 47871882 -71.130192 42.400719
2300 2 47888832 -71.1291389 42.4111465
2350 3 47893320 -71.1266438 42.4025567
2600 2 47895798 -71.1245848 42.399049
3300 3 47897685 -71.122946 42.401053
2300 2 47914521 -71.127783 42.398834
2400 2 47958381 -71.1266046 42.4024181
3800 2 47982772 -71.130257 42.398128
2850 2 47983742 -71.129658 42.40736
1800 0 48000832 -71.12472 42.393826
5100 6 48002115 -71.122104 42.39757
2300 2 48023181 -71.1278438376924 42.4065366497556
3000 3 48023244 -71.129267 42.406053
2400 2 48023271 -71.127299 42.403081
1900 1 48049640 -71.128786 42.395916
2100 1 48049863 -71.129867 42.403948
2250 3 48064279 -71.128096 42.404067
2300 2 48071308 -71.129821 42.411951
3100 2 48075739 -71.130752 42.398229
3100 2 48078317 -71.130752 42.398229
3800 3 48089055 -71.129669 42.407408
2600 3 47843408 -71.117272 42.401214
2000 1 15296636 -71.1106219 42.4099081
3400 4 25302552 -71.111509 42.395873
3000 5 35829029 -71.1081039189781 42.3978206497556
2500 2 44984843 -71.1125418 42.4013374
2500 2 46505922 -71.1100753713387 42.3997947224721
3000 4 46573615 -71.1081039189781 42.3978206497556
2800 3 46775903 -71.109795 42.396204
799 1 46967563 -71.1167393 42.4121134
3200 4 47022377 -71.109822 42.396174
3000 4 47069536 -71.1066262913885 42.4087407224721
2400 3 47192703 -71.1161412 42.3916471
2500 2 47313936 -71.110942 42.394958
2400 3 47354684 -71.109222 42.410472
3600 4 47395815 -71.1141428997791 42.3998796497556
2200 2 47413275 -71.1079361 42.4051321
2300 2 47466602 -71.109222 42.406212
3400 4 47518023 -71.1167911 42.4028498
4000 4 47538162 -71.116679 42.404075
2500 2 47614244 -71.116976 42.411826
3500 4 47654885 -71.109778 42.406222
2000 2 47774782 -71.1122672 42.3996983
1975 2 47778265 -71.1117239083951 42.3989556497556
3600 0 47806471 -71.1087789 42.3980799
3600 2 47812665 -71.1082289225025 42.3974426497556
2300 2 47813892 -71.109291 42.406338
3600 2 47814291 -71.108814 42.398085
850 4 47822765 -71.1089923 42.3920616
2200 2 47841398 -71.1082031 42.4049105
2500 3 47904377 -71.108077 42.4009561
2400 3 47946037 -71.1089923 42.4105712
5000 5 47951878 -71.116269 42.401601
2600 2 47953538 -71.1116429808508 42.3911836497556
2000 2 47953673 -71.1095072562815 42.4126677224721
4000 4 47990644 -71.116269 42.401601
2100 2 48009898 -71.115212 42.404122
6000 4 48014346 -71.110768 42.392049
3050 1 48022193 -71.111939 42.400727
2500 3 48036850 -71.1086599 42.4069032
2200 1 48043548 -71.1169891 42.3984703
2500 2 48043553 -71.1091012 42.4066525
2400 2 48049851 -71.1137719464817 42.3948706497556
3000 3 48071305 -71.107568 42.390463
1800 2 48075705 -71.1053359426874 42.3952776497556
2675 3 48075813 -71.111114 42.410944
2000 2 48078337 -71.1068721 42.4086904
3800 3 46754675 -71.108646 42.417698
3900 3 46763949 -71.108646 42.417698
3500 2 46763950 -71.108646 42.417698
3500 5 47538121 -71.108887 42.418996
2050 2 47613701 -71.1308312021365 42.4187227224721
2500 3 47784333 -71.1054178 42.4238306
3000 3 47918148 -71.123901 42.41443
2675 3 47940886 -71.1066 42.4178
2100 2 47996303 -71.116371 42.416468
1500 0 48049829 -71.109752252419 42.4130997224721
3650 2 47433043 -71.082122 42.414862
2000 1 46813768 -71.0899 42.3915
2600 3 46403963 -71.092349 42.394304
0 0 46399231 -71.094958 42.40601
3250 4 46875655 -71.089907 42.394281
2505 0 42720633 -71.080442 42.395356
1350 1 41964706 -71.088921 42.423941
5650 5 42240965 -71.104187 42.393989
2232 0 36275659 -71.080116 42.403796
3400 4 46775097 -71.101291 42.391826
2505 0 31371254 -71.080795 42.394186
2505 0 22915731 -71.080442 42.395356
1500 1 14832019 -71.1020646 42.3989485
1750 2 28604541 -71.1020646 42.3989485
5500 7 41966253 -71.098985 42.394388
2700 4 47029627 -71.1013153897884 42.3977297224721
2300 2 47090942 -71.080098 42.407006
3200 3 47118502 -71.099709 42.425867
1300 0 47151292 -71.0881371629415 42.4231047224721
2000 2 47278723 -71.095805 42.393215
4250 5 47477281 -71.100116 42.392685
2700 2 47614832 -71.098029 42.394597
3200 4 47630338 -71.0874433 42.3931834
2200 3 47755113 -71.092828 42.420982
2300 2 47757044 -71.0875908 42.4165
2250 2 47757104 -71.094209 42.39225
2695 1 47790773 -71.0934 42.392806
1800 2 47790793 -71.1050553685242 42.4001097224721
2250 2 47828182 -71.089728 42.39337
2500 2 47828185 -71.090792 42.405286
5500 3 47856928 -71.08776 42.396194
2995 2 47856929 -71.087784 42.396174
2125 2 47885540 -71.083921 42.426358
2000 2 47897031 -71.1018731 42.4006069
2300 2 47911464 -71.089425 42.4247925
2900 3 47916756 -71.097688 42.391128
2800 2 47980254 -71.096415 42.397304
2500 3 47985977 -71.0848836836655 42.4194676010472
2200 2 47991754 -71.0913982921126 42.4086597224721
2200 1 47997266 -71.1038097 42.4018567
2300 2 47998710 -71.093197 42.419604
3300 3 48010261 -71.101803 42.394505
3630 0 48022114 -71.080442 42.395356
2200 2 48023245 -71.092828 42.420982
2000 2 48023991 -71.0924 42.423615
5500 7 48034611 -71.098985 42.394388
3200 4 48034630 -71.085979 42.393312
1550 1 48038772 -71.1007917 42.3950827
2400 2 48040552 -71.09685 42.421669
3000 3 48040553 -71.0962891826027 42.4209067224721
1550 0 48049945 -71.100803 42.395091
3250 4 48055398 -71.090005 42.394204
3300 4 48063164 -71.0984 42.419139
2350 2 48066122 -71.0875369377463 42.3958076497556
3000 3 48066167 -71.087395 42.393174
1850 1 48066181 -71.095329 42.393132
4000 3 48068467 -71.104484 42.392964
4300 4 48071547 -71.101519 42.396753
3900 4 48075747 -71.0996871879604 42.4203077224721
1600 1 48075782 -71.0819646138366 42.4241686010472
2500 2 48075795 -71.0923501627804 42.4231227224721
3000 3 48065610 -71.076752 42.290294
3000 3 48033931 -71.069212 42.297009
3000 3 47975337 -71.066359 42.279608
0 3 47771591 -71.073397 42.292912
2225 0 45940462 -71.029927 42.277176
2895 2 39613347 -71.065346 42.284405
1625 1 34912123 -71.030065 42.283839
2144 1 43744560 -71.031113 42.273716
1600 1 31614818 -71.072907 42.298685
1500 0 44108075 -71.035349 42.263324
2550 2 44648335 -71.071494 42.271387
2300 1 44865131 -71.071494 42.271387
1900 4 45440795 -71.056926 42.297518
2400 1 46727138 -71.070073 42.298426
2300 2 46873327 -71.05548 42.295709
3000 3 47129458 -71.076738 42.300005
1500 1 47135559 -71.066256 42.290248
2700 1 47162213 -71.067379 42.271849
2000 2 47179490 -71.0349739120374 42.2707380662945
1700 2 47179498 -71.0631989162213 42.2716285775331
2200 3 47337899 -71.0721 42.2872
2200 2 47421041 -71.050832 42.289304
1000 1 47496942 -71.065678 42.298563
2800 3 47519558 -71.0659372 42.2799091
2295 3 47615134 -71.0536 42.2959
2675 4 47618257 -71.067854 42.290404
2900 3 47655015 -71.069363 42.282442
2524 0 47656982 -71.030868379818 42.2994020662945
2900 3 47741437 -71.063519 42.282353
3000 4 47778261 -71.0700162811453 42.2961625775331
2400 3 47786861 -71.058607 42.285564
2400 2 47800139 -71.031186 42.285859
2850 3 47829898 -71.0625677 42.2754046
3000 3 47840037 -71.060319 42.297613
2400 2 47848518 -71.058166 42.283388
8400 2 47850356 -71.05955 42.29871
3500 3 47854715 -71.070383 42.290793
2795 3 47894753 -71.077252 42.295574
2500 2 47941499 -71.040339 42.291289
3025 3 47966843 -71.054569 42.288978
3100 3 47985941 -71.063015 42.297488
3003 1 48003905 -71.02984 42.298924
2900 4 48006104 -71.028182 42.278017
2300 3 48010234 -71.07589 42.280872
1850 2 48023182 -71.064239 42.297793
2100 2 48044054 -71.029637 42.281922
1500 0 48049867 -71.035349 42.263324
2295 3 48058256 -71.046593 42.285269
1987 1 48076345 -71.065079 42.288558
2350 2 48098311 -71.068961 42.293776
1600 1 48101069 -71.047617 42.289353
2200 2 47635371 -71.069458 42.309963
2400 2 47494663 -71.062462 42.321264
2400 3 46962997 -71.069379 42.305775
2500 3 46455662 -71.077652 42.301916
2000 0 45942137 -71.061142 42.310543
3000 3 46488926 -71.07889 42.316
2800 3 35778387 -71.073587 42.313506
2800 3 25825566 -71.077768 42.308538
2230 0 43225268 -71.060287 42.309538
2695 4 45396119 -71.062739 42.318953
3400 4 45441269 -71.060389 42.320701
5500 6 45913145 -71.056025 42.32252
4000 4 46317047 -71.06058 42.317666
2995 4 46590839 -71.062748 42.320667
2375 3 46957159 -71.062739 42.318953
2995 4 46982464 -71.063079 42.320807
1050 1 47434658 -71.056311 42.321502
2950 4 47458036 -71.069458 42.308294
3025 4 47618293 -71.069634 42.306752
3175 4 47618302 -71.065173 42.319773
1700 1 47661962 -71.067729 42.307371
1800 1 47764183 -71.064939 42.316139
2975 3 47765664 -71.063756 42.309322
2600 3 47772585 -71.060843 42.313612
2995 4 47790744 -71.057728 42.317096
3250 4 47822641 -71.0725487 42.3154223
2700 3 47842490 -71.059555 42.32238
2200 2 47844861 -71.053702 42.319892
2500 3 47844896 -71.055389 42.311195
2600 3 47852174 -71.055864 42.315442
3500 3 47886407 -71.056569 42.312742
3500 4 47930578 -71.06047 42.311798
2600 2 47941656 -71.057298 42.322488
2850 3 47944202 -71.065103 42.302438
2550 3 47946242 -71.0635427 42.3200135
2400 2 47950767 -71.076524 42.30446
2350 2 47965963 -71.068834421739 42.3056065775331
3400 4 47985942 -71.072514 42.315436
3000 3 47985946 -71.071917 42.312436
3200 4 47986499 -71.069634 42.306752
3000 4 47989346 -71.068023 42.302005
2400 2 47991787 -71.05565 42.320602
3150 4 47998019 -71.0722709 42.3150404
2850 3 48006107 -71.0657 42.308783
1900 1 48023247 -71.069718 42.318543
3500 3 48023248 -71.056045 42.31665
3100 4 48027322 -71.071469 42.302577
3250 4 48036661 -71.069562 42.302123
2700 4 48039484 -71.064319 42.309123
2400 3 48049955 -71.061854 42.316012
2700 4 48075460 -71.078353 42.313817
1975 1 48089440 -71.072931 42.321799
2500 3 48098274 -71.063534 42.319989
400 0 47742356 -71.076646 42.335872
3750 0 47118089 -71.064023 42.343769
3300 4 48020635 -71.077524 42.327967
3055 1 42026840 -71.068059 42.340127
2735 0 42026794 -71.062692 42.343617
2699 0 42025768 -71.064173 42.345127
3200 3 43817371 -71.06943 42.323198
2730 0 32489208 -71.062692 42.343617
2980 0 37957672 -71.073146 42.337275
3055 1 26405791 -71.068059 42.340127
3000 3 26463188 -71.0540406 42.3312837
2395 1 33155451 -71.0745341 42.34329
3980 2 40454849 -71.064678 42.343779
4130 2 40500104 -71.064678 42.343779
1650 0 41314268 -71.0763748 42.3417238
2500 1 44644155 -71.075652 42.336664
1259 1 45649314 -71.05662 42.34255
7041 1 45649319 -71.06593 42.34517
6320 2 45649321 -71.06593 42.34517
2349 1 45649325 -71.07644 42.34447
1836 1 45649327 -71.07638 42.34452
2349 1 45649328 -71.07647 42.34453
1782 1 45649331 -71.07639 42.34455
1836 1 45649332 -71.07639 42.34454
1863 1 45649333 -71.0764 42.34454
2349 1 45649334 -71.07639 42.34455
2349 1 45649336 -71.07639 42.34454
1782 1 45649348 -71.07648 42.34453
2349 1 45649349 -71.07645 42.34449
2349 1 45649350 -71.07645 42.3445
3870 1 45649353 -71.07301 42.34291
2610 1 45649354 -71.07645 42.34449
2760 2 45649371 -71.07041 42.32958
3200 1 45783524 -71.056337 42.339137
2070 1 45813520 -71.07644 42.34447
2040 1 45813521 -71.07644 42.34447
2349 1 45813531 -71.07636 42.34448
1863 1 45813532 -71.07636 42.34448
1863 1 45813533 -71.07636 42.34448
1728 1 45813534 -71.07636 42.34448
1836 1 45813535 -71.07636 42.34448
1782 1 45813536 -71.07636 42.34448
1782 1 45813537 -71.07636 42.34448
1782 1 45813538 -71.07636 42.34448
1980 1 45813539 -71.07636 42.34448
1980 1 45813540 -71.07636 42.34448
2610 1 45813541 -71.07636 42.34448
4500 4 46379296 -71.079057 42.337408
1980 1 46451634 -71.07636 42.34448
2600 1 46902574 -71.0569352 42.3295219
2800 1 47148642 -71.07924 42.337719
10000 4 47160416 -71.078668 42.342799
3660 1 47257728 -71.071965 42.337289
3510 1 47264181 -71.071965 42.337289
1990 1 47264182 -71.071965 42.337289
2400 2 47377251 -71.0563326 42.3302862
3500 2 47517166 -71.0759368 42.3378143
16145 2 47545399 -71.07644 42.34447
5000 2 47551616 -71.0557428 42.3414451
2500 0 47635761 -71.076229 42.336188
2200 1 47647033 -71.072448 42.338057
10000 5 47756526 -71.0786776 42.3427998
1975 1 47772597 -71.0749758731854 42.3359005775331
3600 4 47795463 -71.053766 42.335137
15779 2 47808173 -71.07041 42.32958
3000 2 47817269 -71.0544893 42.3290888
4500 4 47844878 -71.060092 42.322967
2700 1 47873526 -71.0561142 42.3296637
2250 0 47896567 -71.0569352 42.3295219
3200 4 47933110 -71.077708 42.327729
2675 2 47933118 -71.055356 42.329059
3960 0 47946560 -71.064173 42.345127
3200 1 47960464 -71.077676 42.339422
3900 1 47960473 -71.06343 42.344591
3500 2 47991761 -71.070411 42.342803
3200 2 48003823 -71.075509 42.337854
1750 1 48017436 -71.077624 42.325667
3100 1 48023166 -71.0538099335025 42.3399445775331
1700 0 48023250 -71.069415 42.343768
2200 1 48023254 -71.072405 42.339992
2200 1 48023296 -71.073317 42.345079
3100 1 48036012 -71.0538161 42.3331143
3470 0 48059602 -71.062729 42.345113
3560 0 48059603 -71.062729 42.345113
3500 1 48065977 -71.078383 42.339508
2350 1 48075719 -71.068142 42.343743
1850 1 48075720 -71.075931 42.341376
2975 1 48075758 -71.070598 42.344113
2890 0 48095991 -71.064173 42.345127
3650 0 48095992 -71.063346 42.345224
4400 4 48101073 -71.060079 42.323002
3500 2 40025280 -71.048961 42.340109
2500 1 39004030 -71.0395579 42.3191719
2800 1 35001591 -71.043565 42.330957
2765 0 35001582 -71.048995 42.34062
2167 0 35622095 -71.051337 42.318892
2790 1 37257140 -71.048995 42.34062
4500 3 44399365 -71.0511232 42.3334709
2190 1 44738896 -71.048995 42.34062
3190 1 44851702 -71.048995 42.34062
3090 1 44851703 -71.048995 42.34062
3770 1 44851704 -71.048995 42.34062
5000 3 44917816 -71.0504036 42.3383049
3400 3 45387860 -71.053134 42.31733
1082 1 45649315 -71.04498 42.33573
1890 1 46009584 -71.043565 42.330957
4500 2 46078189 -71.043565 42.330957
2695 3 46506182 -71.052341 42.315309
2795 3 46767021 -71.052341 42.315309
2700 1 46965563 -71.0436946 42.3371765
2575 3 47096416 -71.052373 42.315113
2950 1 47151649 -71.042838 42.335671
4255 2 47326463 -71.043995 42.344354
4027 1 47372661 -71.0461 42.3347
1800 1 47379799 -71.0517075 42.3122684
4325 1 47446726 -71.0461 42.3347
4000 1 47519073 -71.034371 42.338223
4250 2 47553006 -71.038441678 42.338889464
4195 2 47591660 -71.0488018 42.3402031
4195 2 47591724 -71.0496839 42.3409851
4580 3 47591881 -71.0437874 42.3309543
2725 1 47591896 -71.0437874 42.3309543
2590 1 47591913 -71.0437874 42.3309543
2615 1 47591978 -71.0437874 42.3309543
2840 2 47592009 -71.0437874 42.3309543
3115 2 47592169 -71.0437874 42.3309543
3205 2 47592298 -71.0437874 42.3309543
3300 2 47623983 -71.043498 42.330431
4095 2 47731027 -71.0488018 42.3402031
4100 3 47783528 -71.0437642 42.3339766
3550 2 47805123 -71.047099 42.330611
2300 1 47837554 -71.051337 42.318892
4000 2 47844859 -71.034527 42.329864
3200 2 47845440 -71.0518029 42.3358303
3650 2 47846290 -71.0466382 42.3306151
4800 4 47871354 -71.031324 42.33251
2100 1 47885483 -71.040351 42.332913
2795 1 47922694 -71.04342 42.330432
3150 2 47922695 -71.04334 42.330433
1900 0 47930574 -71.048099 42.332459
6000 3 47953668 -71.045824 42.336822
3747 0 47967012 -71.0461 42.3347
3250 2 47976061 -71.048782 42.339448
5000 4 47976482 -71.0435378359931 42.3334065775331
3150 2 47985936 -71.04342 42.330432
4400 3 47989541 -71.035133 42.334327
3400 4 47998142 -71.0509169 42.3106022
3400 4 48003857 -71.05091 42.310621
3895 2 48023278 -71.048814 42.340606
2895 1 48049892 -71.043261 42.330434
3295 2 48049893 -71.04334 42.330433
6500 5 48094564 -71.035808 42.33131
3400 2 48094615 -71.037488 42.331573
3150 2 48101062 -71.043302 42.33056
1800 0 48075071 -71.022318 42.265604
1899 0 47911915 -71.009348 42.257098
2000 1 40280875 -71.018344 42.265903
1995 2 46374404 -71.007957 42.265319
2000 2 46667617 -71.0263528 42.2758673
1995 2 46858913 -71.007957 42.265319
2400 3 47316493 -71.021386 42.265662
2800 3 47374511 -71.0224526 42.2673937
1600 1 47386505 -71.008305 42.256802
1895 2 47421039 -71.0191958357272 42.2660580662945
2495 3 47455819 -71.02562 42.267635
2900 3 47633919 -71.024341 42.263924
2095 2 47700656 -71.01548 42.278183
4000 4 47775136 -71.009348 42.257098
2500 2 47775137 -71.009348 42.257098
2700 3 47812652 -71.019042 42.262654
2200 3 47831482 -71.020131 42.2743935
2450 2 47835840 -71.0234305 42.2838155
2100 3 47887597 -71.022994 42.272084
2450 3 47972078 -71.02429 42.283642
3300 5 47987824 -71.015547 42.263163
2995 4 47987825 -71.018377 42.27543
2700 2 47994550 -71.009348 42.257098
1800 0 47994551 -71.009348 42.257098
2900 4 48006108 -71.015547 42.263159
2200 3 48006109 -71.024574 42.284992
2200 2 48006368 -71.009348 42.257098
2150 1 48006378 -71.009348 42.257098
2350 2 48036660 -71.018658 42.262924
3000 4 48044053 -71.018658 42.262924
1900 2 48052492 -71.0220894 42.2775936
1680 1 48066163 -71.0267539580932 42.2735620662945
2100 2 48066164 -71.0267539580932 42.2735620662945
1700 1 48094604 -71.0172019004266 42.2700260662945
2849 0 46753016 -71.078353 42.367627
4020 1 46603521 -71.073929 42.348755
2950 2 45760652 -71.066524 42.360873
4376 1 42029686 -71.078668 42.346047
3475 0 42477790 -71.07924 42.348555
5100 1 46343447 -71.069458 42.349803
2705 0 42115704 -71.068278 42.364334
3150 0 22917430 -71.07924 42.348555
2705 0 254223 -71.068278 42.364334
2355 0 17810853 -71.068661 42.364386
1650 0 29111375 -71.0686202 42.3595307
2800 2 30937752 -71.066514 42.3600272
2850 1 30969939 -71.075082 42.352272
3500 1 34111458 -71.0755207 42.3521366
2450 2 34631672 -71.0667577 42.3601894
3600 3 35526590 -71.0690215 42.3594653
2750 1 36667064 -71.0785151 42.3540398
2450 1 36667066 -71.0785151 42.3540398
2200 0 36667110 -71.0785151 42.3540398
2250 0 36678060 -71.0785151 42.3540398
2950 1 41980655 -71.0710904 42.3593732
4750 2 42846068 -71.0712495 42.3522613
2495 1 44185138 -71.0726569 42.3504366
3330 0 44336509 -71.077349 42.350733
2200 0 44805800 -71.0676152 42.3494408
3622 1 45649313 -71.07072 42.35849
4290 1 45649339 -71.0721 42.34842
4790 1 45903307 -71.0697 42.35104
4122 1 45903309 -71.07248 42.34913
2800 0 45913212 -71.0691502191186 42.3590825775331
2300 2 46226210 -71.067835 42.349113
4200 3 46737482 -71.06664 42.359439
2650 1 46773213 -71.078435 42.354073
3950 1 46948583 -71.0686728 42.3496868
2200 1 46956038 -71.078435 42.354073
2850 1 46956039 -71.078435 42.354073
5520 1 47135561 -71.078768 42.345591
5300 1 47135563 -71.07863 42.345661
3350 3 47144145 -71.068793 42.360189
2250 1 47148637 -71.078435 42.354073
2650 1 47148641 -71.069611 42.359591
2625 1 47148643 -71.076811 42.3492
5760 1 47202916 -71.07438 42.34948
6130 2 47251497 -71.07859 42.35006
3975 3 47259839 -71.066524 42.360873
5273 1 47303055 -71.07587 42.34664
5930 1 47512190 -71.06984 42.34842
5880 1 47512191 -71.07074 42.34839
6540 1 47512193 -71.0696 42.34858
6540 1 47512194 -71.0696 42.34858
1750 0 47532989 -71.0784455 42.353601
2950 2 47587323 -71.066524 42.360873
3975 2 47615007 -71.077587 42.365493
4000 1 47648485 -71.068854 42.365162
6920 1 47732349 -71.06975 42.34842
7395 2 47735626 -71.069458 42.349803
2200 0 47759964 -71.0756648 42.3544574
6900 3 47774202 -71.072202 42.34719
2750 1 47839129 -71.0761242 42.3542071
2500 1 47847069 -71.067519 42.365245
4000 1 47853949 -71.0692570715896 42.349199577533
6900 3 47854271 -71.072202 42.34719
15000 1 47906232 -71.07918 42.34978
15000 1 47906233 -71.07894 42.34966
15000 1 47906234 -71.07894 42.34966
15000 1 47906235 -71.07918 42.34978
15000 1 47906236 -71.07892 42.34966
15000 1 47906238 -71.07918 42.34978
6990 1 47924344 -71.07079 42.34835
2875 2 47941698 -71.066739 42.359913
1950 1 47946813 -71.072397 42.353068
1600 0 47950272 -71.067597 42.359846
2500 2 47978230 -71.0671218 42.3599121
3400 2 48006282 -71.079057 42.367735
3500 1 48007511 -71.074093 42.347083
5000 3 48014003 -71.0672293 42.3596686
3000 2 48017426 -71.076929 42.345903
2895 1 48052483 -71.079268 42.351125
4000 3 48055289 -71.068083 42.360945
2800 1 48067170 -71.0786934 42.3513461
2800 2 48078316 -71.067079 42.360792
2900 1 48089483 -71.067534 42.358029
2750 2 48094569 -71.067927 42.348524
2600 2 48096434 -71.066762 42.360145
2800 2 48101041 -71.0685352220302 42.359277577533
1650 0 48101197 -71.067597 42.35918
2950 1 48101402 -71.071025 42.359366
1600 1 45136912 -71.06025 42.35241
2950 0 42026774 -71.062103 42.351972
2990 0 42026059 -71.063961 42.351344
1975 0 41964891 -71.064393 42.351988
2799 0 22915526 -71.063961 42.351344
2950 0 16557465 -71.062103 42.351972
3940 1 39447721 -71.059208 42.35214
4250 1 44851708 -71.064309 42.348353
3453 1 45649318 -71.0608 42.35209
3606 1 45649320 -71.06083 42.35224
1650 1 45649322 -71.06426 42.35226
2160 1 45649351 -71.06215 42.35509
1200 1 45649360 -71.06462 42.35145
1500 1 45649361 -71.06462 42.35145
2175 1 45649362 -71.06462 42.35145
2268 3 45649372 -71.06239 42.34815
2130 1 45649374 -71.06203 42.35521
13730 1 45903308 -71.06087 42.35529
19630 1 45903311 -71.06462 42.35145
5880 1 45903316 -71.06462 42.35145
7770 1 45953694 -71.0621 42.3552
6330 1 46241310 -71.06215 42.35509
2500 1 46734752 -71.064559 42.351449
5300 1 47148634 -71.063239 42.351733
4392 2 47186551 -71.06258 42.34747
6295 2 47254431 -71.065611 42.34662
6295 2 47291186 -71.065611 42.34662
2195 3 47628308 -71.05498 42.355046
2500 1 47906062 -71.064559 42.351449
3525 2 47906103 -71.063862 42.352155
2550 1 47960581 -71.064393 42.351988
3500 1 48023298 -71.065611 42.34662
2200 2 48098213 -71.063294 42.349099
3759 1 48101081 -71.0638300981104 42.3509765775331
5172 2 48101082 -71.062892 42.351545
4210 1 45998342 -71.064497 42.365031
2250 0 44977072 -71.0627418 42.3586489
2880 1 42027024 -71.060562 42.365162
2800 2 42029490 -71.065327 42.360627
2250 0 42025810 -71.063958 42.362819
2785 0 42025715 -71.063294 42.36595
2450 1 33535296 -71.065535 42.365627
2755 0 29673534 -71.065368 42.367606
2755 0 22918654 -71.063294 42.36595
2885 1 16557573 -71.060562 42.365162
2255 0 64800 -71.063958 42.362819
3060 1 37240024 -71.061656 42.365661
3710 0 37335896 -71.061656 42.365661
4340 1 37354443 -71.061656 42.365661
5500 2 38860571 -71.0644075 42.3599401
4160 1 39088607 -71.061656 42.365661
2200 1 41644246 -71.0631016 42.3609104
3990 0 43231669 -71.061656 42.365661
1836 1 45649324 -71.06355 42.36017
2550 2 45649359 -71.06216 42.36513
3738 1 45649363 -71.06271 42.35844
4572 1 45649364 -71.06271 42.35844
2520 2 45649366 -71.06079 42.36534
2550 2 45649376 -71.06473 42.36494
2070 1 45813522 -71.06346 42.36017
2070 1 45813523 -71.06346 42.36017
2349 1 45813524 -71.06346 42.36017
1863 1 45813525 -71.06346 42.36017
2349 1 45813526 -71.06346 42.36017
2349 1 45813527 -71.06346 42.36017
2349 1 45813528 -71.06346 42.36017
2349 1 45813529 -71.06346 42.36017
2349 1 45813530 -71.06346 42.36017
3435 1 45813542 -71.06423 42.35974
8432 1 45903312 -71.06346 42.36017
9380 1 45903314 -71.06346 42.36017
8442 1 45903317 -71.06346 42.36017
8820 1 45903319 -71.06346 42.36017
1900 1 46704670 -71.06362 42.361064
2700 0 46722827 -71.0649935 42.3604077
2700 1 47135556 -71.06625 42.363675
2800 1 47135566 -71.06362 42.361064
3500 1 47148653 -71.063103 42.360535
3200 2 47450345 -71.066288 42.364273
3200 2 47450378 -71.066103 42.364311
2723 0 47465709 -71.0653 42.3631
2750 1 47628755 -71.066288 42.364273
5100 1 47808172 -71.06271 42.35844
3180 0 47838580 -71.063294 42.36595
2075 1 47853937 -71.0658002164459 42.358903577533
4400 3 47855325 -71.063798 42.364184
3620 0 47871294 -71.063294 42.36595
2100 2 47918180 -71.065245 42.359883
2775 0 47935706 -71.0649935 42.3604077
3500 2 47946325 -71.0641926 42.3598905
1900 1 47946550 -71.0623515 42.3581971
3400 1 47976473 -71.060545 42.3636
5500 2 47997267 -71.0642391 42.3602696
2300 1 48049844 -71.064756 42.360903
2950 2 48094636 -71.065327 42.360627
3690 1 48101415 -71.061656 42.365661
6450 2 48101424 -71.061656 42.365661
7990 3 48101438 -71.061656 42.365661
2725 0 48101445 -71.061656 42.365661
4650 3 45115703 -71.055569 42.362945
2180 1 44977166 -71.055373 42.364429
2500 2 41965528 -71.05726 42.365554
5587 2 43255265 -71.059 42.3658
3942 1 42026803 -71.057583 42.35829
2800 2 42029225 -71.057166 42.365019
2450 1 45995047 -71.055431 42.363107
4200 2 42029646 -71.054193 42.35914
4300 2 31062336 -71.054193 42.35914
2400 2 30227881 -71.0562419 42.3645353
2495 1 33100702 -71.0559509 42.3672563
3200 3 46046675 -71.0538753013569 42.3645895775331
3200 2 46547967 -71.057488 42.366071
2000 1 46730030 -71.0586773240149 42.3661065775331
1975 1 46927992 -71.0552753316924 42.3666205775331
4495 2 47023576 -71.0551778 42.3634415
3960 2 47069789 -71.054403 42.367429
6500 1 47135562 -71.05491 42.363145
4575 1 47148645 -71.057964 42.364504
4650 3 47151276 -71.0565072683065 42.3623765775331
3250 2 47291708 -71.054403 42.367429
1990 1 47374921 -71.054403 42.367429
4495 2 47550897 -71.0551778 42.3634415
2750 1 47618730 -71.054672 42.365478
2400 0 47744500 -71.05559 42.366326
4900 4 47831242 -71.0573296621442 42.3665108033195
2375 2 47946146 -71.0591931 42.3575834
2500 1 47946860 -71.056389 42.366478
2800 2 47958352 -71.0553714 42.3646556
1650 0 47976451 -71.0566963199073 42.3658315775331
4900 4 48003819 -71.057529 42.366392
2695 1 48003856 -71.056069 42.363759
1750 1 48017132 -71.0557312 42.3664334
5400 4 48023572 -71.055569 42.362945
2500 1 48036236 -71.055369 42.364535
2600 2 48049941 -71.0538482600482 42.3618235775331
3700 3 48049942 -71.0538482600482 42.3618235775331
2450 2 48052383 -71.054767 42.3636537
2800 2 48073657 -71.057166 42.365019
2850 2 48075877 -71.055193 42.365356
2295 1 48090162 -71.056033 42.365873
2500 1 48094593 -71.0579543081974 42.3650475775331
2880 2 48094634 -71.055389 42.363158
3360 1 48095994 -71.054193 42.35914
2880 2 48096435 -71.055389 42.363158
2400 2 48101023 -71.056999 42.364543
0 0 46786369 -71.073163 42.370069
2855 0 42477715 -71.07389 42.370468
2855 0 47428571 -71.073163 42.370069
2245 0 32580828 -71.074349 42.383561
2875 0 39433102 -71.07389 42.370468
0 0 5464804 -71.077709 42.384669
3500 2 42029536 -71.071676 42.370097
2730 1 43402604 -71.06166 42.380893
3070 0 43402605 -71.06166 42.380893
3720 1 44382984 -71.06166 42.380893
3480 1 45171237 -71.076474 42.385892
4210 2 45171238 -71.076474 42.385892
3300 1 46949038 -71.0626141 42.3738344
4000 2 47148657 -71.067519 42.381073
4500 1 47148684 -71.071346 42.369725
3890 1 47257725 -71.07857 42.372826
4000 1 47257727 -71.07857 42.372826
9000 3 47314360 -71.070258 42.382209
3760 1 47533217 -71.07857 42.372826
3800 2 47547987 -71.059329 42.374105
2500 1 47620266 -71.077676 42.371863
4000 1 47664783 -71.070258 42.382209
1900 1 47755100 -71.0697068857449 42.378658005681
3700 2 47855105 -71.0777331 42.3718237
3300 1 47960479 -71.061092 42.379587
3000 2 47960482 -71.070397 42.379552
2800 2 47960492 -71.066871 42.378135
3016 1 47990138 -71.073163 42.370069
4070 1 48022112 -71.073163 42.370069
3960 1 48022113 -71.073163 42.370069
1850 0 48040441 -71.059529 42.376512
4000 4 48049773 -71.077095 42.370576
2450 2 48075816 -71.079057 42.382892
3412 2 48101161 -71.0706695369642 42.3720226378995
3250 1 47637792 -71.052828 42.364706
2732 0 46865902 -71.046259 42.351591
2475 0 46732014 -71.046698 42.348982
3437 0 42025913 -71.045738 42.352532
3140 1 44094858 -71.0446 42.34942
3750 3 45115681 -71.052618 42.364627
2940 0 42291806 -71.048628 42.348768
2563 0 42025908 -71.04609 42.353146
2786 0 42025777 -71.043138 42.351472
3946 0 43459178 -71.044412 42.351135
2120 0 40268765 -71.0447 42.3492
2799 0 12513818 -71.047646 42.349582
2935 0 16555754 -71.048628 42.348768
3000 2 37428375 -71.0522143 42.3652293
2300 0 38731889 -71.052436 42.36639
3880 1 39088609 -71.049782 42.365219
4750 1 42541034 -71.046698 42.348983
4090 1 42541035 -71.046698 42.348983
3960 0 42691181 -71.046698 42.348983
26850 3 45649316 -71.05266 42.36428
4531 1 45649317 -71.04305 42.35151
4320 1 45649335 -71.05266 42.36428
2295 2 45649358 -71.05177 42.36239
3720 1 45649370 -71.04025 42.36583
2268 2 45649373 -71.05108 42.36367
5010 1 45813514 -71.0533 42.35912
5600 2 46943572 -71.043138 42.351472
4995 2 47009070 -71.052644 42.357307
9500 2 47148624 -71.043138 42.351472
8500 2 47148627 -71.043138 42.351472
6900 2 47148630 -71.043138 42.351472
9500 2 47148631 -71.043138 42.351472
6870 2 47148632 -71.04104 42.348194
5500 2 47148633 -71.043365 42.351759
3280 1 47148652 -71.048628 42.348768
3951 2 47186552 -71.05161 42.35879
3900 3 47259809 -71.052618 42.364627
3400 4 47384959 -71.030969 42.365245
3275 0 47527772 -71.04609 42.353146
3437 0 47527822 -71.045738 42.352532
2790 1 47533218 -71.048628 42.348768
2390 1 47533219 -71.048628 42.348768
3710 0 47557230 -71.048628 42.348768
4580 1 47729404 -71.046259 42.351591
3100 0 47802799 -71.046259 42.351591
3830 0 47838575 -71.046259 42.351591
3190 0 47838576 -71.046259 42.351591
3220 0 47871293 -71.043138 42.351472
4955 2 47902243 -71.043547 42.351497
3580 1 47918186 -71.043697 42.351557
2890 1 47946562 -71.043138 42.351472
2400 2 47946583 -71.0525517 42.3624098
2300 1 47947101 -71.0506801 42.3660596
2500 1 47961021 -71.030228 42.364245
2900 2 47961076 -71.030228 42.364245
7000 4 47985937 -71.052666 42.364392
3644 1 47985940 -71.043547 42.351497
2660 0 47994750 -71.043138 42.351472
3390 0 47995316 -71.046259 42.351591
3350 1 48003816 -71.052544 42.364706
3350 1 48023239 -71.052666 42.364392
4001 1 48023279 -71.043551 42.351491
14000 2 48024562 -71.045218 42.354649
2400 2 48024570 -71.031036 42.364562
5000 4 48048201 -71.0526263 42.364572
1700 1 48058349 -71.0528643133652 42.3653935775331
3200 1 48073187 -71.036308 42.347959
8986 3 48101210 -71.045738 42.352532
1800 2 48101232 -71.0332563226109 42.366012577533
3731 1 48101306 -71.043138 42.351472
2200 1 47771669 -71.031686 42.376214
2675 3 46664510 -71.034627 42.377152
3221 1 46613436 -71.04949 42.378298
2500 2 41418787 -71.033275 42.369297
0 0 40258453 -71.049491 42.378297
2650 1 40025688 -71.053413 42.375426
1900 0 39500733 -71.041232 42.371298
2000 1 47908557 -71.032971 42.376978
1695 1 42003618 -71.033053 42.370552
1500 1 44361017 -71.0330552 42.3760882
2970 1 46726152 -71.03876 42.36893
3000 3 46820383 -71.0383753848731 42.3701805775331
2400 4 47148636 -71.030257 42.389242
2450 4 47148638 -71.030127 42.38913
3200 4 47384953 -71.032308 42.380242
3200 4 47387564 -71.037113 42.370571
3200 1 47611630 -71.030437 42.377316
2300 2 47767054 -71.044974 42.389169
1800 2 47792105 -71.0298644 42.3780663
1850 2 47838164 -71.0378915164779 42.3881066158673
2800 2 47874608 -71.044066 42.3713134
3450 3 47885508 -71.038203 42.37759
3450 3 47885509 -71.038203 42.37759
3500 3 47885510 -71.038203 42.37759
3550 3 47885511 -71.038203 42.37759
3300 3 47885512 -71.038122 42.377629
3450 3 47885513 -71.038122 42.377629
3500 3 47885514 -71.038122 42.377629
3550 3 47885515 -71.038122 42.377629
1900 1 47896052 -71.028361 42.3800814
2995 2 47953682 -71.037053 42.374808
1750 3 47976909 -71.039957 42.370738
2500 3 48003822 -71.036748 42.381816
2300 3 48006416 -71.032884 42.374682
2550 3 48045059 -71.043628 42.389878
2300 2 48088210 -71.032884 42.374682
2750 2 48088701 -71.0427467 42.3871678
2310 0 47911518 -71.067445 42.427646
2525 0 45883577 -71.072293 42.427154
2300 1 45585718 -71.063083 42.425776
2600 3 45244569 -71.0447392 42.4322277
2699 0 42030620 -71.07884 42.395262
2020 0 42027797 -71.074132 42.427872
1450 1 41964681 -71.077069 42.427594
1550 0 44858687 -71.070452 42.427843
1650 0 43692134 -71.033592 42.394806
1350 0 43350643 -71.034679 42.39331
2550 0 41445290 -71.036778 42.39045
2290 0 46528972 -71.0724254 42.4281271
2020 0 30604098 -71.074086 42.427976
0 0 29849317 -71.076309 42.412065
2295 3 24421662 -71.031892 42.405495
2595 3 16787582 -71.057356 42.418013
933 3 35105586 -71.0339 42.3966
2699 0 22915459 -71.07884 42.395262
0 1 22216653 -71.075509 42.40913
0 1 22216597 -71.077794 42.405503
2020 0 64013 -71.074132 42.427872
2350 2 18973854 -71.061343189764 42.3998256700587
2400 2 35941951 -71.0591164802521 42.4331586010472
2980 1 39690057 -71.078173 42.393915
3340 1 39690058 -71.078173 42.393915
4070 1 39690060 -71.078173 42.393915
2200 2 40122148 -71.059813 42.426358
1800 1 40439068 -71.0302209 42.3961305
1750 1 42694438 -71.0633265 42.4127638
1900 2 43379792 -71.077193 42.420388
1800 2 44567318 -71.0604 42.4295
1975 2 44579429 -71.060822 42.431569
2400 3 46566900 -71.0765751 42.426024
2350 2 46916170 -71.053688 42.423251
2950 4 47081744 -71.0602099 42.4309197
3400 1 47135587 -71.062611 42.401067
2500 2 47165314 -71.0604 42.4295
2350 3 47340588 -71.0525 42.4091
999 1 47375969 -71.0651951 42.4194722
2900 4 47450375 -71.068835 42.420579
2695 3 47458037 -71.028164 42.397229
2500 2 47512534 -71.046633 42.4324269
1400 1 47576978 -71.0680616 42.4340884
3000 4 47609504 -71.0339 42.3966
2600 3 47637791 -71.04466 42.43227
1700 1 47735235 -71.0792172859714 42.4093467224721
3000 2 47743575 -71.061469 42.404435
3600 3 47743576 -71.061519 42.404835
1900 2 47802239 -71.077193 42.420388
1600 2 47837487 -71.0680549 42.4340677
3460 1 47838581 -71.07884 42.395262
999 3 47841664 -71.0652612 42.4195312
2300 2 47858194 -71.0339 42.3966
1950 2 47863407 -71.053672 42.417698
3620 1 47871296 -71.07884 42.395262
4330 2 47871297 -71.07884 42.395262
2700 3 47872135 -71.052569 42.430348
1800 2 47904947 -71.043087 42.405948
2350 2 47923226 -71.0737967 42.4339802
2000 2 47924816 -71.058069 42.403708
2100 2 47930616 -71.058529 42.425688
3200 2 47936942 -71.070808 42.414753
2600 4 47937116 -71.0575141 42.421415
1800 1 47945033 -71.041579 42.433665
3070 2 47946559 -71.07884 42.395262
1800 1 47948326 -71.0604 42.4295
1900 1 47951158 -71.03666 42.398394
2299 2 47960345 -71.036492 42.411895
2400 3 47965938 -71.0597190825927 42.4078316700587
2100 2 47965941 -71.0447881170674 42.4052566700587
1800 1 47989287 -71.065407 42.431452
1700 1 48001415 -71.0322728 42.4008258
2500 3 48023235 -71.038716 42.405478
2619 1 48027064 -71.0630552 42.4008604
4800 2 48027109 -71.0452267 42.4015215
4940 2 48027151 -71.0452267 42.4015215
2600 1 48027211 -71.0452267 42.4015215
3210 2 48027670 -71.0630552 42.4008604
3200 4 48049957 -71.0497784728058 42.4336596010472
2600 3 48057557 -71.044218 42.432134
2500 3 48075794 -71.057618 42.421358
1900 1 48075796 -71.0491849418221 42.4183426700587
2300 3 48095216 -71.063331 42.415223
1900 2 48101046 -71.0602630599909 42.4095196700587
2525 1 48101411 -71.063415 42.400522
2200 2 47427005 -70.983898 42.374952
2175 1 46820082 -70.991297 42.403053
1875 2 44999260 -70.990093 42.399505
1800 2 44143288 -71.017065 42.380844
2100 2 40119418 -70.989942 42.396513
1919 0 32927518 -70.989898 42.415774
0 0 32827742 -71.022537 42.402763
2500 3 12320995 -70.990364 42.383277
4058 1 45649114 -70.98947 42.39828
2500 3 46921846 -70.991463 42.395659
2900 3 47111421 -71.0237175457587 42.3809465775331
1900 1 47111468 -71.0237175457587 42.3809465775331
2700 2 47135567 -71.025852 42.364712
1450 2 47135572 -71.025852 42.364712
2800 3 47221475 -71.0097301 42.4112217
2500 3 47323384 -71.0156735 42.4006721
2800 4 47480992 -71.0043 42.4151
2400 3 47480993 -71.0043 42.4151
2150 1 47514111 -70.9905 42.413768
7410 1 47535928 -71.00315 42.41635
3600 4 47546027 -70.992576 42.407271
6120 1 47664143 -71.00315 42.41635
1995 2 47747213 -70.9883703 42.4009228
2195 3 47747214 -70.9987494 42.4081877
2195 3 47752065 -70.99883 42.40797
1995 2 47752106 -70.988381 42.400887
3000 3 47846137 -71.0012219 42.3841608
2475 2 47846450 -71.024564 42.389619
4250 5 47886791 -71.001914 42.385087
2000 1 47931844 -71.0106253 42.3891545
2500 3 47934091 -71.0042490539346 42.4086292552488
2500 3 47953661 -70.97979 42.371863
2100 3 47953678 -71.0226299927803 42.4127582552488
1550 1 47959303 -71.0043 42.4151
1650 1 47971196 -70.9877455 42.3977123
2700 2 47971576 -70.991818 42.410733
2200 2 47983340 -71.009549 42.409824
1600 1 47990058 -71.0062041 42.4164758
3000 3 48017503 -71.001184 42.384169
2500 3 48023243 -70.9843628391636 42.4231262552488
3800 2 48023251 -70.99832 42.389863
1700 0 48023269 -71.015328 42.407587
2200 3 48049906 -71.020267 42.382999
3000 2 48066162 -70.984525 42.40009
1600 1 48066171 -70.9896105896876 42.3785910291952
1700 1 48066173 -71.0187320888086 42.4062742552488
1425 0 48066186 -71.012277 42.385039
2182 0 48101448 -70.995076 42.400122
2207 1 48101449 -70.995076 42.400122
3195 2 48101458 -70.995076 42.400122
