500 1 144521041 -71.1569887 42.2633768
500 1 144153061 -71.086491 42.322115
550 1 144309978 -71.1380832 42.3565723
550 4 144323065 -71.0729931 42.2941909
600 1 144547128 -71.1577728 42.373295
650 0 144426157 -71.1292802 42.3526067
650 1 144506001 -71.1034098 42.3306177
650 1 144327575 -71.091694 42.329816
675 0 144159920 -71.0372718 42.3306171
675 1 144494176 -71.15947 42.30114
675 1 143919959 -71.1402439 42.404167
675 4 144115974 -71.1438962 42.341094
700 3 143892764 -71.0021 42.3908
750 0 144544936 -71.168916 42.343392
750 1 144457929 -71.1504562 42.3549199
750 3 144443866 -71.168916 42.343392
800 0 144394102 -71.1121842 42.3327401
800 0 144074321 -71.0271377 42.334904
800 0 143912679 -71.059712 42.3766569
800 1 144547062 -71.1054599 42.3496119
800 1 144068085 -71.1628845 42.2768106
800 1 143966398 -71.082931 42.33247
850 1 144383776 -71.029324 42.3651692
850 1 144194787 -71.0419176 42.4339217
850 2 144522107 -71.1692031 42.3441413
875 1 144227761 -71.0838132 42.3356914
900 0 144498970 -71.1163386 42.3485271
900 0 144468419 -71.1401128 42.3363406
900 0 144360107 -71.1464497 42.2987312
900 1 144550997 -71.0097 42.4104
900 1 144530163 -71.0103177 42.2559937
900 2 144459761 -71.1570168 42.3472801
900 2 144271529 -71.1034359 42.3884241
900 2 144114053 -71.037249 42.3297091
900 3 144388409 -71.1157314 42.2897066
900 3 144077632 -71.1319121 42.3558468
900 3 143894225 -71.1495 42.2883
925 0 144602144 -71.1714369 42.4212024
925 0 144416437 -71.042408 42.388433
925 0 144402926 -71.0424 42.3884
925 0 144161097 -71.0931052 42.3487795
925 1 144228822 -71.099896 42.367876
925 1 143978143 -71.0931052 42.3487795
950 0 144334200 -71.143445 42.4062898
950 0 144242818 -71.069324 42.3484359
950 1 144599134 -70.9911973 42.4186969
950 1 144596052 -71.0092494 42.4216855
950 1 144531346 -70.9793739 42.3722531
950 1 144383246 -70.982483 42.3946227
950 1 144159780 -71.1077171 42.3648349
975 1 144444595 -71.0126 42.2597
975 1 144440817 -71.0676232 42.4308066
975 1 144411871 -71.0595832 42.4302242
975 1 144408106 -71.0997199 42.3281027
1000 0 144587858 -71.1072776 42.3780914
1000 0 144421185 -71.0797226 42.4167057
1000 0 144047780 -71.0361629 42.3673282
1000 1 144510736 -71.102558 42.33091
1000 1 144442797 -71.0599661 42.4312615
1000 1 144344364 -71.0376368 42.3897902
1000 1 144272415 -71.0653518 42.4170128
1000 1 143881445 -71.1028904 42.3623622
1000 2 144359570 -71.002228 42.416347
1000 2 144189582 -71.1188 42.3806
1025 1 144215917 -71.0080591 42.2574076
1050 0 144382298 -71.140266 42.352543
1050 1 144625673 -71.08969 42.4241178
1050 1 144530268 -71.0272438 42.2782586
1050 1 144478828 -71.0171175 42.2971169
1050 1 144348300 -71.0311614 42.2729412
1075 0 144625662 -71.02193 42.270506
1075 0 144268047 -71.1121138 42.3320457
1075 0 144115423 -71.0740805 42.4278542
1075 1 144477721 -71.1604602 42.37035
1075 1 143903915 -70.9912046 42.3982725
1075 2 144609052 -71.1056994 42.3322736
1100 0 144622816 -71.0918573 42.3895057
1100 0 144617972 -71.1000042 42.391896
1100 0 144515769 -71.0816363 42.4265297
1100 0 144488573 -71.1364961 42.3481923
1100 0 144458120 -71.157786 42.3396983
1100 0 144418508 -71.0636548 42.4191495
1100 0 144382045 -71.0676232 42.4308066
1100 0 144282819 -71.0707827 42.4280947
1100 0 144163252 -71.1050912 42.3860322
1100 0 144141362 -71.1700944 42.420486
1100 1 144629236 -71.1796174 42.424187
1100 1 144606211 -71.0242 42.4071
1100 1 144536630 -71.0902482 42.3192118
1100 1 144510173 -71.029112 42.2602827
1100 1 144131656 -71.0204923 42.2663966
1100 1 143970208 -71.0770204 42.3219972
1100 1 143965705 -71.0345212 42.3780618
1100 2 144133690 -71.016059 42.423764
1100 2 144009753 -71.0568502 42.4142687
1125 1 144215305 -71.0336357 42.2563474
1150 0 144443444 -71.1342199 42.3488258
1150 1 144505961 -71.1700944 42.420486
1150 1 144439075 -71.0845331 42.4230717
1150 1 143929315 -71.0507071 42.4257451
1150 2 144623688 -71.1214945 42.3373726
1150 2 144454131 -71.0779328 42.3177248
1175 0 144271233 -71.1267978 42.3408084
1175 1 144421630 -71.1144481 42.3023163
1200 0 144619946 -71.101904 42.3879118
1200 0 144591734 -71.1034359 42.3884241
1200 0 144499956 -71.0398577 42.3322124
1200 0 144481923 -71.105433 42.3461535
1200 0 144403851 -71.1095 42.3452
1200 0 144364613 -71.1533912 42.3381744
1200 0 144062473 -71.1059842 42.3462376
1200 1 144623917 -71.0919085 42.3916968
1200 1 144623301 -71.1011831 42.4258854
1200 1 144622023 -71.0644137 42.4189499
1200 1 144614288 -71.0914447 42.3854065
1200 1 144591711 -71.1769734 42.3683553
1200 1 144586848 -71.0743169 42.4301979
1200 1 144570902 -71.1337911 42.4139569
1200 1 144510870 -71.1533912 42.3381744
1200 1 144510849 -71.133474 42.352629
1200 1 144498933 -71.0926566 42.3862203
1200 1 144467396 -71.1044626 42.4006994
1200 1 144443696 -71.0813875 42.4286142
1200 1 144421463 -71.1449143 42.2860466
1200 1 144324356 -71.1121138 42.3320457
1200 2 144506086 -71.0411 42.4071
1200 2 144382362 -71.0049965 42.4052057
1200 2 144159770 -71.0622188 42.4084818
1200 2 143933308 -71.0659987 42.419894
1200 2 143912896 -71.0599814 42.4222761
1200 3 144000427 -71.030687 42.376536
1225 0 144325502 -71.0887024 42.3492718
1225 1 144241349 -71.1401077 42.351503
1225 1 144156702 -71.1535404 42.3624017
1250 0 144553371 -71.1292119 42.353649
1250 0 144547127 -71.13117 42.348667
1250 0 144480229 -71.0615287 42.3505884
1250 0 144479341 -71.1301596 42.353588
1250 0 144457269 -71.159756 42.3400627
1250 0 144439978 -71.1340334 42.3531773
1250 0 144369771 -71.1280363 42.353719
1250 0 144367467 -71.130819 42.348835
1250 0 144352659 -71.1241884 42.3522468
1250 0 144336732 -71.140334 42.35022
1250 0 144324194 -71.1306495 42.3382718
1250 0 144281951 -71.137215 42.3470531
1250 0 144152405 -71.1470798 42.3365862
1250 0 144101501 -71.1095721 42.380892
1250 0 144100891 -71.1547741 42.3394999
1250 0 144047774 -71.161801 42.416991
1250 0 143973096 -71.0901 42.3505
1250 0 143938065 -71.1218615 42.3953385
1250 1 144613296 -71.1334191 42.4139096
1250 1 144499183 -71.1314505 42.3511566
1250 1 144324225 -71.0292155 42.3357349
1250 1 144304118 -71.03107 42.28344
1250 1 144250118 -71.1668096 42.4224237
1250 1 144152683 -71.1334621 42.4137286
1250 1 143976965 -71.1318 42.3584
1250 1 143965452 -71.1252 42.3511
1250 1 143954366 -71.0347 42.3801
1250 2 144613957 -71.0549364 42.4129144
1250 2 144570762 -71.0895 42.3467
1250 2 144494942 -71.1014268 42.4196798
1250 2 144365026 -70.9982636 42.4085577
1250 2 144292909 -71.0360343 42.4036699
1250 2 144200509 -71.0189537 42.2658866
1250 2 144188013 -71.0638 42.4173
1250 2 144159723 -71.0615151 42.4052031
1275 0 144616447 -71.1397405 42.3489871
1275 0 144547145 -71.138214 42.3475628
1275 0 144521651 -71.1283568 42.3526098
1275 0 144458647 -71.1251612 42.3516091
1275 0 144430969 -71.1403856 42.3486966
1275 0 144425594 -71.1547014 42.3413182
1275 0 144418514 -71.126544 42.350779
1275 0 144400245 -71.1279 42.3531
1275 0 144282047 -71.13823 42.347588
1275 0 144062163 -71.126434 42.351407
1275 1 144596081 -71.13823 42.347588
1275 1 143945793 -71.1364 42.3469
1275 2 144438694 -71.0208333 42.3811111
1300 0 144498850 -71.104508 42.347143
1300 0 144482848 -71.1320109 42.3496307
1300 0 144444916 -71.1310029 42.3503453
1300 0 144402929 -71.1369 42.3467
1300 0 144401826 -71.136661 42.346767
1300 0 144373561 -71.0854911 42.3519192
1300 0 144062833 -71.1041287 42.3469555
1300 1 144522271 -71.1532229 42.4154102
1300 1 144446981 -71.1115961 42.3307844
1300 1 144398389 -71.1449861 42.3451179
1300 1 144348912 -71.0382836 42.3372816
1300 1 144338187 -71.1138627 42.4100092
1300 1 144134284 -71.1342199 42.3488258
1300 1 144131620 -71.078827 42.3862034
1300 1 144131436 -71.0779856 42.3859708
1300 1 144073108 -71.0571031 42.3295601
1300 1 144012041 -71.0441743 42.4196439
1300 1 143942997 -71.0957464 42.3881704
1300 2 144527406 -71.0851839 42.4179234
1300 2 144356179 -71.0890329 42.3843033
1300 2 144023346 -71.0791133 42.2811651
1300 3 144121637 -71.0773244 42.3122245
1325 0 144442113 -71.1522854 42.3394817
1325 0 144001347 -71.1402499 42.3486243
1325 0 143944876 -71.137674 42.348507
1325 1 144501635 -71.1451608 42.3452485
1325 1 144354677 -71.145882 42.4085925
1325 2 144477734 -71.0304517 42.2845491
1325 2 144185515 -71.0870447 42.2815717
1350 0 144627676 -71.1480132 42.3749611
1350 0 144615936 -71.1419363 42.3432055
1350 0 144604897 -71.1429726 42.3437988
1350 0 144523432 -71.0904226 42.3465636
1350 0 144523266 -71.08834 42.350509
1350 0 144518701 -71.0894912 42.35085
1350 0 144502364 -71.0936469 42.349298
1350 0 144500885 -71.0900854 42.3505423
1350 0 144499295 -71.0947109 42.3458378
1350 0 144452319 -71.0659746 42.3593251
1350 0 144419546 -71.1485424 42.3362497
1350 0 144412068 -71.0949177 42.344363
1350 0 144271082 -71.0879347 42.343364
1350 0 144193948 -71.065775 42.359693
1350 0 144172330 -71.0828204 42.3432252
1350 1 144614279 -71.146401 42.408995
1350 1 144599041 -71.1306495 42.3382718
1350 1 144480752 -71.1104605 42.4166072
1350 1 144443504 -71.129839 42.350085
1350 1 144386279 -71.1249187 42.2836169
1350 1 144382479 -71.0641395 42.4312219
1350 1 144381608 -71.027551 42.2786971
1350 1 144310515 -71.1349553 42.2801058
1350 1 144274747 -71.0354577 42.3373275
1350 2 144539158 -71.09741 42.3887757
1350 2 144274780 -70.9891233 42.3731859
1350 2 144245725 -71.0740479 42.3048747
1350 2 144205419 -71.0630966 42.3091356
1350 2 144068110 -71.0972753 42.2763282
1350 2 144058046 -70.97866 42.26091
1350 2 144010033 -71.0285 42.3912
1350 3 144355274 -71.0422263 42.4048742
1375 0 144241661 -71.0970055 42.3428619
1375 0 144241647 -71.0973979 42.3437041
1375 1 144401804 -71.1403856 42.3486966
1375 1 144350947 -71.1267782 42.358442
1375 1 144331128 -71.1523161 42.3390135
1375 1 144164256 -71.0816363 42.4265297
1375 1 144141727 -71.139729 42.350002
1375 2 144103275 -71.0797226 42.4167057
1375 4 144423830 -71.1319792 42.3558405
1400 0 144628915 -71.1271468 42.4032411
1400 0 144615367 -71.0906206 42.346751
1400 0 144614403 -71.0008698 42.406537
1400 0 144591433 -71.1272773 42.4033029
1400 0 144540163 -71.1059783 42.3483952
1400 0 144504172 -71.1361089 42.3346614
1400 0 144356458 -71.1557347 42.340236
1400 0 144344858 -71.1068344 42.3716172
1400 0 144314827 -71.0892823 42.3462991
1400 0 144242592 -71.0901194 42.3432435
1400 0 144159865 -71.0717333 42.3145529
1400 0 144062645 -71.0922289 42.3391265
1400 1 144628840 -71.1069063 42.3833217
1400 1 144619442 -71.058374 42.4197451
1400 1 144599026 -71.1079779 42.3835634
1400 1 144553409 -71.1356138 42.3462402
1400 1 144539290 -71.0811255 42.3398386
1400 1 144518325 -71.1271468 42.4032411
1400 1 144489052 -71.1364961 42.3481923
1400 1 144471901 -71.13781 42.345638
1400 1 144443103 -71.0991878 42.3861526
1400 1 144439871 -71.1061466 42.3958327
1400 1 144364821 -71.1195808 42.3837986
1400 1 144325415 -71.1063176 42.3831883
1400 1 144312084 -71.0762751 42.4291002
1400 1 144292849 -71.1507385 42.3359831
1400 1 144278875 -71.165325 42.342671
1400 1 144083652 -71.1382 42.3459
1400 1 143963424 -71.1474867 42.3380139
1400 1 143938263 -71.1023982 42.3967205
1400 1 143923013 -71.142264 42.405763
1400 1 143912944 -71.0801422 42.4088269
1400 2 144599202 -71.118492 42.258085
1400 2 144575448 -71.0284808 42.4303756
1400 2 144550999 -71.0195 42.4119
1400 2 144544206 -71.0456475 42.4346525
1400 2 144520687 -71.0973073 42.4214511
1400 2 144506137 -71.0094 42.4099
1400 2 144493746 -71.0243029 42.2740855
1400 2 144489085 -71.0716114 42.4306208
1400 2 144467667 -71.1385188 42.2923228
1400 2 144387811 -71.0118113 42.265965
1400 2 144360786 -71.1682754 42.2906545
1400 2 144271451 -71.0762751 42.4291002
1400 2 144250136 -71.1577645 42.2637419
1400 2 144146793 -71.0391166 42.3763469
1400 2 144145897 -71.0292313 42.4321616
1400 2 144042251 -71.1825135 42.3847416
1400 2 144001572 -71.093169 42.4151815
1400 2 143973350 -71.0790037 42.3292832
1400 2 143970687 -71.141413 42.349196
1400 2 143934059 -71.0313372 42.381338
1400 2 143925491 -71.001435 42.391739
1400 3 144581195 -71.078441 42.3060038
1400 3 144527017 -71.046193 42.4084417
1400 3 144405055 -71.0638 42.3971
1400 3 144394681 -71.0327063 42.3935776
1425 0 144353286 -71.0967198 42.3427772
1425 1 144488518 -71.1251612 42.3516091
1425 1 144447021 -71.1310029 42.3503453
1425 1 144349012 -71.1241884 42.3522468
1425 1 143901347 -71.1425072 42.3436895
1425 2 144525299 -71.0207664 42.2761801
1425 2 144369765 -71.1283568 42.3526098
1450 0 144586757 -71.1114156 42.3672358
1450 0 144527068 -71.102601 42.3432933
1450 0 144437391 -71.1492943 42.33864
1450 0 144424049 -71.0964953 42.3418344
1450 0 144407876 -71.0894641 42.3465404
1450 0 144353326 -71.147292 42.3656893
1450 0 144339557 -71.109288 42.345081
1450 0 144241973 -71.0987716 42.346989
1450 0 144229264 -71.0501279 42.3383726
1450 0 144206507 -71.0867648 42.3434555
1450 0 144101201 -71.0704525 42.4264647
1450 0 143933416 -71.0949121 42.3453486
1450 1 144617990 -71.1103001 42.4005436
1450 1 144602207 -71.1522978 42.3371699
1450 1 144523143 -71.1127004 42.4001
1450 1 144506152 -71.0501 42.3384
1450 1 144488538 -71.1492943 42.33864
1450 1 144457824 -71.1095917 42.3582865
1450 1 144419180 -71.1483667 42.3398964
1450 1 144355107 -71.0312001 42.3331926
1450 1 143952187 -71.130711 42.362208
1450 2 144548655 -71.0434237 42.4057069
1450 2 144531079 -71.027895 42.2758323
1450 2 144402928 -71.0626 42.4226
1450 2 144364619 -71.1363645 42.3504231
1450 2 144362614 -71.0461334 42.4335628
1450 2 144335952 -71.107571 42.422092
1450 2 144303933 -71.0832853 42.3874934
1450 2 144115678 -71.0820857 42.2999887
1450 2 143988846 -71.010774 42.412515
1450 2 143914504 -71.0456798 42.4124194
1450 3 144307672 -71.0646437 42.3085033
1450 3 144256738 -71.0542538 42.4124269
1450 3 144227242 -71.0404017 42.4062446
1450 3 144199595 -71.076076 42.307568
1450 3 144198987 -71.0712118 42.287721
1475 0 144164582 -71.0939302 42.3461586
1475 1 144599575 -71.101904 42.3879118
1475 1 144599087 -71.1034359 42.3884241
1475 1 144556057 -71.137287 42.346135
1475 1 144542134 -71.136661 42.346767
1475 1 144416697 -71.126544 42.350779
1475 1 144355621 -71.134699 42.346607
1475 1 144347076 -71.1320109 42.3496307
1475 1 144265696 -71.1402499 42.3486243
1475 1 144064178 -71.136904 42.347117
1475 1 143906088 -71.141413 42.349196
1475 2 144552348 -71.1356138 42.3462402
1475 2 144548611 -71.13823 42.347588
1475 2 144546811 -71.1320109 42.3496307
1475 2 144527087 -71.107296 42.422629
1475 3 143951783 -71.0784188 42.2952121
1500 0 144594444 -71.1141419 42.3710112
1500 0 144554996 -71.0949006 42.343827
1500 0 144542070 -71.095326 42.345231
1500 0 144502283 -71.09003 42.351006
1500 0 144499477 -71.090201 42.350643
1500 0 144425548 -71.082527 42.349343
1500 0 144403850 -71.0825 42.3493
1500 0 144389098 -71.0821951 42.3496958
1500 0 144387741 -71.1078229 42.3692184
1500 0 144376176 -71.1091781 42.3456149
1500 0 144369479 -71.0948082 42.3433978
1500 0 144366822 -71.0960725 42.3907692
1500 0 144334991 -71.0534 42.3667
1500 0 144308413 -71.1199964 42.3799985
1500 0 144271725 -71.1490561 42.2687
1500 0 144216756 -71.08995 42.3439609
1500 0 144167894 -71.0945633 42.3432035
1500 0 144147046 -71.1156066 42.3722152
1500 0 144000481 -71.085123 42.351753
1500 0 143999843 -71.0644 42.352
1500 1 144628875 -71.1027047 42.3951947
1500 1 144623112 -71.1247389 42.3542955
1500 1 144616896 -71.0995474 42.3956576
1500 1 144615692 -71.1429726 42.3437988
1500 1 144614636 -71.1419363 42.3432055
1500 1 144602640 -71.1011687 42.3932516
1500 1 144602360 -71.1044758 42.3926989
1500 1 144599518 -71.1534226 42.3491063
1500 1 144599320 -71.1146666 42.3919027
1500 1 144599275 -71.1131962 42.3910875
1500 1 144531653 -71.102632 42.396798
1500 1 144520096 -71.141581 42.3415067
1500 1 144506161 -71.0582 42.324
1500 1 144479250 -71.1309599 42.3398328
1500 1 144442997 -71.137215 42.3470531
1500 1 144440827 -71.1539677 42.347547
1500 1 144439789 -71.1458771 42.3417755
1500 1 144392849 -71.1562965 42.3394459
1500 1 144351868 -71.0374098 42.3355994
1500 1 144348326 -71.1359615 42.3479562
1500 1 144336708 -71.1261381 42.3542387
1500 1 144282150 -71.153786 42.347256
1500 1 144254280 -71.0678922 42.305536
1500 1 144239149 -71.157786 42.3396983
1500 1 144229349 -71.1301596 42.353588
1500 1 144145516 -71.1346849 42.3468469
1500 1 143956217 -71.059712 42.3766569
1500 2 144598937 -71.135229 42.419089
1500 2 144592322 -71.1148707 42.2979165
1500 2 144586869 -71.0863312 42.3880879
1500 2 144567151 -71.052751 42.405621
1500 2 144553304 -71.137215 42.3470531
1500 2 144488645 -71.0360735 42.3813548
1500 2 144467145 -71.1313859 42.4177715
1500 2 144455279 -71.0355958 42.368816
1500 2 144454919 -71.0629864 42.310837
1500 2 144453459 -71.1246315 42.2627629
1500 2 144408300 -71.036197 42.36894
1500 2 144396938 -71.1005931 42.392481
1500 2 144382621 -71.102632 42.396798
1500 2 144368807 -71.167784 42.3027135
1500 2 144332365 -71.0765791 42.4307046
1500 2 144262512 -71.1043575 42.3973673
1500 2 144254590 -71.0913139 42.391252
1500 2 144077957 -71.0347198 42.3682916
1500 2 144020764 -71.019539 42.425148
1500 2 144019013 -71.1790109 42.3540214
1500 2 143954364 -71.0864 42.3881
1500 3 144575906 -71.0371466 42.371292
1500 3 144574303 -71.0611347 42.4126832
1500 3 144536858 -71.0746717 42.2909916
1500 3 144248568 -71.0740479 42.3048747
1500 3 144123132 -71.0322789 42.39222
1500 3 144009646 -71.0611527 42.426173
1525 0 144443634 -71.1339168 42.3616005
1525 1 144439431 -71.1403261 42.3446192
1525 1 144392234 -71.1126821 42.3319554
1525 1 144074531 -71.1522 42.3389
1525 2 144530907 -71.1379168 42.4195296
1525 2 144498974 -71.1270505 42.3582244
1525 2 144479502 -71.1267782 42.358442
1525 2 144338321 -71.0364309 42.391798
1525 2 144093120 -71.056214 42.295206
1525 3 144399072 -71.0576834 42.4328584
1550 0 144531452 -71.101529 42.3353023
1550 0 144499306 -71.0893591 42.3410366
1550 0 144062894 -71.1163549 42.3738635
1550 0 143947447 -71.0910315 42.3424685
1550 1 144536688 -71.0941243 42.3924025
1550 1 144256531 -71.1480132 42.3749611
1550 1 144172767 -71.1327918 42.3555533
1550 1 143944425 -71.137674 42.348507
1550 2 144474862 -71.136661 42.346767
1550 2 144440314 -71.1321195 42.3530542
1550 2 144390842 -71.1027423 42.3066306
1550 3 144612025 -71.10033 42.4201917
1550 3 144480776 -71.131897 42.2711469
1550 3 144199171 -71.0895205 42.318008
1550 3 144171820 -71.0366586 42.3772448
1550 3 143960543 -71.07902 42.3104857
1550 3 143943242 -71.0786859 42.3248875
1575 0 144295028 -71.0867 42.3434
1575 0 143893668 -71.0735185 42.3472534
1575 1 144624202 -71.1747999 42.3377324
1575 1 144441959 -71.0859818 42.3886557
1575 1 144441958 -71.0859818 42.3886557
1575 1 144439967 -71.1753547 42.3372323
1575 1 144416221 -71.1050912 42.3860322
1575 1 144348056 -71.0308 42.273777
1575 1 144329762 -71.1068014 42.3866244
1600 0 144616448 -71.0835338 42.3524473
1600 0 144588853 -71.1192776 42.3865846
1600 0 144539838 -71.122108 42.3862646
1600 0 144518358 -71.1780841 42.3824831
1600 0 144409256 -71.0679704 42.3587284
1600 0 144337502 -71.0677344 42.3598861
1600 0 144256624 -71.0363597 42.3721573
1600 0 144221438 -71.089255 42.3468813
1600 0 144202208 -71.1276553 42.3408542
1600 0 144165058 -71.0659454 42.3524552
1600 0 144156422 -71.0939174 42.3488133
1600 0 143973109 -71.0847 42.3521
1600 0 143959750 -71.0701403 42.359494
1600 0 143957243 -71.0720748 42.3546509
1600 0 143940006 -71.0841442 42.3491617
1600 1 144615458 -71.0975907 42.3947381
1600 1 144614891 -71.1397405 42.3489871
1600 1 144602920 -71.0970462 42.3944598
1600 1 144600374 -71.0215432 42.3982333
1600 1 144581471 -71.111052 42.320329
1600 1 144547009 -71.1043575 42.3973673
1600 1 144512189 -71.1057254 42.3798455
1600 1 144429775 -71.1553184 42.2645469
1600 1 144360069 -71.1118546 42.3322502
1600 1 144352449 -71.1187938 42.3328541
1600 1 144348915 -71.0677306 42.3595461
1600 1 144336542 -71.12769 42.3458448
1600 1 144317889 -71.0551009 42.3634127
1600 1 144310048 -71.0857301 42.3433541
1600 1 144241456 -71.0899795 42.3714715
1600 1 144227282 -71.1251274 42.3498583
1600 1 144180805 -71.0974 42.3943
1600 1 144162880 -71.0913448 42.3433229
1600 1 144092878 -71.1255686 42.3489094
1600 1 144078173 -71.0894912 42.35085
1600 1 144042714 -71.1209308 42.333666
1600 2 144629249 -71.0837836 42.3687129
1600 2 144629042 -71.1043664 42.400605
1600 2 144625947 -71.08417 42.3878167
1600 2 144575636 -70.989458 42.398316
1600 2 144536841 -71.0314368 42.2731488
1600 2 144516166 -71.0576834 42.4328584
1600 2 144502300 -71.1509939 42.3484507
1600 2 144478242 -71.1453155 42.41696
1600 2 144473152 -71.1569541 42.2837099
1600 2 144445287 -71.1595298 42.3776467
1600 2 144405752 -71.141603 42.352066
1600 2 144386124 -71.0960083 42.4217801
1600 2 144346949 -71.08212 42.3685011
1600 2 144331120 -71.0178984 42.274152
1600 2 144278483 -71.0625074 42.2922049
1600 2 144241448 -71.1589739 42.3785131
1600 2 144205822 -71.1547798 42.3412099
1600 2 144173775 -71.0967184 42.3944519
1600 2 144092496 -71.1506071 42.3490529
1600 2 144057621 -71.161801 42.416991
1600 2 143971444 -71.137888 42.402265
1600 2 143921739 -71.1780841 42.3824831
1600 2 143908862 -71.1559504 42.3790288
1600 2 143899412 -71.1270477 42.3589096
1600 3 144539169 -71.0751103 42.280244
1600 3 144537132 -71.028782 42.39228
1600 3 144506180 -71.0031 42.2595
1600 3 144453390 -71.0791397 42.4115746
1600 3 144442304 -71.0336754 42.3768187
1600 3 144360823 -70.991107 42.417514
1600 3 144309161 -70.9920228 42.3970243
1600 3 143903917 -71.030515 42.3769936
1625 0 144418668 -71.0740889 42.4278328
1625 1 142621449 -71.0938 42.4055
1625 1 144602111 -71.1576664 42.2967692
1625 1 144480328 -71.1257399 42.4026244
1625 1 144454978 -71.0866201 42.3507339
1625 2 144506190 -71.1676 42.277
1625 2 144254807 -71.1746856 42.3582955
1650 0 144480875 -71.1076894 42.3678413
1650 0 144423850 -71.1298592 42.3867953
1650 0 144421027 -71.0645599 42.3523583
1650 0 144400629 -71.1070038 42.3674151
1650 1 144621293 -71.0908159 42.3465504
1650 1 144612113 -71.0933991 42.3925665
1650 1 144595558 -71.1127248 42.3318249
1650 1 144544491 -71.0780814 42.3373349
1650 1 144479338 -71.0907445 42.3443118
1650 1 144420920 -71.087429 42.3466445
1650 1 144405057 -71.1153 42.3419
1650 1 144393519 -71.117382 42.3418879
1650 1 144367394 -71.1012812 42.3419677
1650 1 144347154 -71.0953238 42.3730121
1650 1 144304635 -71.1263667 42.3523849
1650 1 144289444 -71.087 42.3504
1650 1 144114702 -71.0554635 42.3650232
1650 1 143954370 -71.1545 42.3524
1650 1 143924090 -71.100325 42.395987
1650 2 144619482 -71.0927496 42.4234636
1650 2 144611686 -71.1450426 42.3417217
1650 2 144587854 -71.0550287 42.2854094
1650 2 144439539 -71.1553184 42.2645469
1650 2 144424888 -71.0960399 42.3939436
1650 2 144419199 -71.0973184 42.3948376
1650 2 144417186 -71.0944105 42.3932298
1650 2 144407638 -71.0881941 42.3896204
1650 2 144382323 -71.1403856 42.3486966
1650 2 144337039 -71.0925584 42.4224091
1650 2 144294017 -71.0313012 42.2840161
1650 2 144195381 -71.0603873 42.4286683
1650 2 144172113 -71.060041 42.297681
1650 2 144171827 -71.0611516 42.3164787
1650 3 144496978 -71.0932517 42.3939709
1650 3 144133583 -71.0971381 42.3960022
1675 0 144384431 -71.0750541 42.335005
1675 1 142626418 -71.1169 42.3431
1675 1 144596054 -71.1117231 42.4187462
1675 1 144331090 -71.1447768 42.3397864
1675 2 144352526 -71.1314505 42.3511566
1675 4 143954359 -71.0036 42.388
1700 0 144506223 -71.1339 42.3399
1700 0 144487098 -71.1045713 42.3460426
1700 0 144394098 -71.0860549 42.3495702
1700 0 144354053 -71.1307607 42.3977803
1700 0 144331779 -71.1342723 42.3397713
1700 0 144198958 -71.074218 42.348578
1700 0 144132814 -71.0772519 42.3657665
1700 0 143969858 -71.085393 42.348749
1700 1 144622732 -71.0314605 42.2723474
1700 1 144616293 -71.1080274 42.3573748
1700 1 144524042 -71.1156066 42.3722152
1700 1 144520472 -71.1033053 42.347094
1700 1 144506227 -71.0372 42.3369
1700 1 144488167 -71.0837836 42.3687129
1700 1 144460645 -71.1092768 42.3966037
1700 1 144438077 -71.0871814 42.344342
1700 1 144415872 -71.1274146 42.3401764
1700 1 144367393 -71.0867648 42.3434555
1700 1 144354358 -71.1606348 42.3401298
1700 1 144338377 -71.1083587 42.3747032
1700 1 144325349 -71.1583027 42.3398302
1700 1 144305224 -71.0841442 42.3491617
1700 1 144268592 -71.0513919 42.3663795
1700 1 144265323 -71.1086165 42.372315
1700 1 144156315 -71.159756 42.3400627
1700 1 144093288 -71.1035172 42.3470175
1700 1 144069377 -71.1310028 42.3824266
1700 1 144058274 -71.051784 42.3649267
1700 1 144022356 -71.108479 42.3960999
1700 1 144001041 -71.0374415 42.3364673
1700 1 143982226 -71.1097367 42.3727677
1700 1 143908146 -71.108921 42.396102
1700 2 144617486 -71.1054273 42.3829972
1700 2 144612146 -71.140845 42.346403
1700 2 144537089 -71.050057 42.389681
1700 2 144524107 -71.0593892 42.3110397
1700 2 144506204 -71.06 42.2977
1700 2 144506203 -71.0555 42.3647
1700 2 144488894 -71.1193693 42.38446
1700 2 144467146 -71.108388 42.4095592
1700 2 144457331 -71.1564805 42.3490939
1700 2 144445002 -71.1121138 42.3320457
1700 2 144338073 -71.1148221 42.322673
1700 2 144333504 -71.154657 42.4192342
1700 2 144239967 -71.1604413 42.348916
1700 2 144199275 -71.1424703 42.413844
1700 2 144171626 -71.0505321 42.3902121
1700 2 144159312 -71.0788775 42.4044102
1700 2 144091257 -71.0819212 42.3217077
1700 2 144045275 -71.1647241 42.3521045
1700 2 143973361 -71.148633 42.3418055
1700 2 143944801 -71.1035722 42.3189686
1700 3 144619148 -71.081801 42.3452485
1700 3 144574066 -71.0959069 42.3269691
1700 3 144519740 -71.0676832 42.3015844
1700 3 144488361 -71.0617997 42.4003006
1700 3 144202082 -71.1424703 42.413844
1700 3 144070415 -71.0822525 42.3017086
1700 3 143912197 -71.0526979 42.4242352
1700 4 144165338 -71.0931684 42.279452
1725 0 144536626 -71.0535495 42.3665705
1725 0 144393579 -71.05335 42.366594
1725 1 144500285 -71.0944279 42.3460936
1725 2 144367743 -71.1547014 42.3413182
1725 2 144331827 -71.1533912 42.3381744
1725 2 143941488 -71.067489 42.352504
1725 3 144492109 -71.04252 42.3892297
1750 0 144620618 -71.1120087 42.3714527
1750 0 144591941 -71.1130852 42.3717339
1750 0 144500380 -71.0720538 42.4272078
1750 0 144488870 -71.0892857 42.3413978
1750 0 144348073 -71.12968 42.357091
1750 0 144295807 -71.0742913 42.4272867
1750 0 144156342 -71.1469795 42.3417861
1750 1 144596383 -71.1141419 42.3710112
1750 1 144591742 -71.041487 42.320331
1750 1 144546092 -71.0949177 42.344363
1750 1 144445971 -71.1169497 42.3446302
1750 1 144399043 -71.0946003 42.3434854
1750 1 144356736 -71.1084751 42.3180207
1750 1 144271223 -71.0970055 42.3428619
1750 1 144165160 -71.1069537 42.3650783
1750 1 144100892 -71.1469795 42.3417861
1750 1 143951412 -71.0973447 42.3415728
1750 2 144617561 -71.110061 42.4182812
1750 2 144599324 -71.1429726 42.3437988
1750 2 144596786 -71.115093 42.420228
1750 2 144544674 -71.1144891 42.3212341
1750 2 144506237 -71.1814 42.4229
1750 2 144464160 -71.1138 42.3148
1750 2 144409190 -71.1138604 42.299466
1750 2 144405522 -71.1208869 42.3309636
1750 2 144253774 -71.0965437 42.3448999
1750 2 144163512 -71.1003776 42.3083366
1750 3 144602240 -71.135892 42.418349
1750 3 144539403 -71.0544803 42.2959157
1750 3 144520709 -71.0626032 42.3523896
1750 3 144354688 -71.12968 42.357091
1775 1 144520443 -71.0660005 42.3611179
1775 1 144338242 -71.0974314 42.3428139
1775 1 143927358 -71.0890344 42.3431049
1775 2 144488829 -71.133765 42.35007
1775 2 144202155 -71.1495418 42.3395519
1800 0 144617085 -71.1043068 42.3438082
1800 0 144536903 -71.0946003 42.3434854
1800 0 144502219 -71.0643918 42.3522352
1800 0 144121520 -71.1250861 42.3418667
1800 0 143981675 -71.1110035 42.3451042
1800 0 143925582 -71.0615692 42.3554638
1800 1 144623877 -71.075237 42.3392003
1800 1 144618040 -71.1199964 42.3799985
1800 1 144609439 -71.108125 42.3649718
1800 1 144596594 -71.154 42.3029
1800 1 144539297 -71.1558473 42.3389373
1800 1 144527005 -71.1138708 42.3644852
1800 1 144510599 -71.1132139 42.3827119
1800 1 144505154 -71.1334094 42.3372162
1800 1 144493729 -71.1201875 42.3804239
1800 1 144489143 -71.1006967 42.3416624
1800 1 144488760 -71.1091781 42.3456149
1800 1 144481530 -71.1088307 42.3578263
1800 1 144407546 -71.1087758 42.3683838
1800 1 144396771 -71.087324 42.3420086
1800 1 144364617 -71.0745631 42.3396511
1800 1 144349419 -71.108351 42.368961
1800 1 144334362 -71.1082651 42.3663562
1800 1 144217090 -71.13533 42.339394
1800 1 144170079 -71.1088428 42.3578512
1800 1 144132096 -71.1098978 42.3454618
1800 1 143979610 -71.1036598 42.385526
1800 1 143946653 -71.08062 42.344319
1800 2 144622473 -71.1004184 42.3814667
1800 2 144619710 -71.1116474 42.3918666
1800 2 144615612 -71.1005493 42.3815073
1800 2 144614576 -71.1773408 42.423311
1800 2 144614298 -71.1469795 42.3417861
1800 2 144613270 -71.0771775 42.4082262
1800 2 144608604 -71.0970891 42.3650231
1800 2 144602892 -71.1524922 42.3385159
1800 2 144548681 -71.1424253 42.3403279
1800 2 144544337 -71.1411637 42.2812093
1800 2 144537083 -71.0801422 42.4088269
1800 2 144505560 -71.0965277 42.3665072
1800 2 144494064 -71.1268006 42.4060304
1800 2 144493743 -71.1407639 42.2743107
1800 2 144493299 -71.0989588 42.3291445
1800 2 144399029 -71.1031628 42.3194321
1800 2 144394547 -71.10915 42.323814
1800 2 144349368 -71.1109371 42.3820004
1800 2 144328363 -71.137198 42.3492767
1800 2 144324282 -71.0951964 42.4191815
1800 2 144313107 -71.1122572 42.3245414
1800 2 144302671 -71.1144481 42.3023163
1800 2 144267892 -71.1258499 42.4054495
1800 2 144255271 -71.0894331 42.3804249
1800 2 144216984 -71.1458771 42.3417755
1800 2 144205863 -71.129029 42.350878
1800 2 144205697 -71.0816877 42.4046856
1800 2 144181877 -71.1059 42.3047
1800 2 144171420 -71.0468829 42.3888277
1800 2 144146140 -71.0550059 42.3123244
1800 2 144131476 -71.1108627 42.3819424
1800 2 144093845 -71.1013465 42.3422797
1800 2 144070564 -71.0942816 42.346227
1800 3 144603150 -71.109351 42.4085707
1800 3 144521211 -71.096284 42.388304
1800 3 144497000 -71.1138627 42.4100092
1800 3 144454439 -71.1334697 42.289657
1800 3 144353277 -71.0163696 42.3998703
1800 3 144142078 -71.0616067 42.4324812
1800 4 144283463 -71.033274 42.369531
1825 1 144613132 -71.097189 42.3487704
1825 1 144581839 -71.1267978 42.3408084
1825 2 144553338 -71.1528469 42.3456541
1825 2 144510799 -71.1124128 42.3922125
1825 2 144369477 -71.1545391 42.3415533
1850 0 144439805 -71.101413 42.344161
1850 0 144411478 -71.155065 42.3386482
1850 0 144196214 -71.1220904 42.3796903
1850 0 144123693 -71.0663581 42.3595702
1850 0 144092522 -71.1241732 42.3789771
1850 1 144602149 -71.1175557 42.3852683
1850 1 144447805 -71.1351945 42.3392274
1850 1 144324020 -71.155065 42.3386482
1850 1 144268103 -71.1081545 42.3689491
1850 1 144241398 -71.0477261 42.3391506
1850 1 144228592 -71.1168927 42.3431323
1850 1 144164280 -71.0939302 42.3461586
1850 1 144063289 -71.1497694 42.3394151
1850 1 143998876 -71.0415657 42.336092
1850 2 144616574 -71.157786 42.3396983
1850 2 144421603 -71.1503314 42.3541985
1850 2 144421499 -71.1480132 42.3749611
1850 2 144368031 -71.1510333 42.336032
1850 2 144337682 -71.1236982 42.3265136
1850 2 144331052 -71.1273826 42.3537345
1850 2 144258759 -71.1535239 42.346851
1850 2 144256175 -71.1280363 42.353719
1850 2 144202369 -71.0822801 42.3873031
1850 2 144196245 -71.0585744 42.3217699
1850 2 144058923 -71.1061636 42.3334755
1850 2 144001329 -71.1402499 42.3486243
1850 2 143929342 -71.1289169 42.3506753
1850 2 143920857 -71.147518 42.355759
1850 3 144332222 -71.0357743 42.3799018
1850 3 144159773 -71.0822801 42.3873031
1850 4 144526454 -71.0713391 42.3055231
1850 4 144152873 -71.0357743 42.3799018
1875 1 138798868 -71.0767 42.4056
1875 1 144424929 -71.1290321 42.338487
1875 1 144350390 -71.0740889 42.4278328
1875 1 144267738 -71.1291704 42.3868279
1875 1 144221650 -71.1231241 42.3792927
1875 2 144596454 -71.13198 42.361241
1875 2 144582720 -71.1401077 42.351503
1875 2 144352221 -71.17062 42.350183
1875 3 144278502 -71.034393 42.3681401
1900 0 144427769 -71.1309599 42.3398328
1900 0 144354861 -71.0687366 42.3610811
1900 1 135076765 -71.0288 42.2945
1900 1 144627668 -71.1194048 42.3853736
1900 1 144610969 -71.0700311 42.3602702
1900 1 144610902 -71.076502 42.344827
1900 1 144596212 -71.1257427 42.379449
1900 1 144544616 -71.0612624 42.3495011
1900 1 144530550 -71.040646 42.31646
1900 1 144520747 -71.12377 42.3940694
1900 1 144493904 -71.0952323 42.3501207
1900 1 144489482 -71.0720538 42.4272078
1900 1 144470585 -71.102601 42.3432933
1900 1 144394994 -71.09003 42.351006
1900 1 144352917 -71.0492898 42.3378115
1900 1 144325730 -71.1232739 42.4127031
1900 1 143981513 -71.0770713 42.353915
1900 1 143972727 -71.0930167 42.3498727
1900 1 143943529 -71.0668515 42.3595628
1900 2 144620474 -71.1414434 42.3459391
1900 2 144618356 -71.1238201 42.4128941
1900 2 144505943 -71.1342199 42.3488258
1900 2 144407551 -71.0249659 42.3331189
1900 2 144401878 -71.1419341 42.3447311
1900 2 144400891 -71.123771 42.41286
1900 2 144366086 -71.1387912 42.3811736
1900 2 144354662 -71.1568465 42.372039
1900 2 144352211 -71.1309599 42.3398328
1900 2 144306952 -71.0400727 42.3177866
1900 2 144304601 -71.0622932 42.2929571
1900 2 144265242 -71.1217948 42.4115459
1900 2 144185287 -71.1582391 42.3400665
1900 2 144132742 -71.1513886 42.340426
1900 2 144115437 -71.0889832 42.329416
1900 2 144047825 -71.0952837 42.3835274
1900 2 143928289 -71.139804 42.345093
1900 2 143928288 -71.139804 42.345093
1900 3 144515703 -71.0965604 42.3262086
1900 3 144515702 -71.0965604 42.3262086
1900 3 144440948 -71.1037663 42.3223627
1900 3 144338063 -71.1075792 42.4043405
1900 3 144222958 -71.1232739 42.4127031
1900 3 144133513 -71.163093 42.349041
1900 3 143969978 -71.0692287 42.3214975
1900 4 144546290 -71.11574 42.296118
1900 4 143956546 -71.077767 42.31046
1925 1 104207915 -71.0578 42.4309
1925 1 144000211 -71.1202357 42.3425568
1925 2 144394610 -71.1436074 42.3594948
1925 2 144113996 -71.1300186 42.3492099
1925 3 144372310 -71.1573465 42.3569635
1925 3 143907745 -71.13198 42.361241
1950 0 144511918 -71.1087758 42.3683838
1950 1 121182984 -71.1478 42.4105
1950 1 144590050 -71.0965 42.3422
1950 1 144585070 -71.126712 42.3264611
1950 1 144583297 -71.1248201 42.3380376
1950 1 144536962 -71.0550442 42.3658653
1950 1 144515626 -71.1194815 42.3952825
1950 1 144502280 -71.1277641 42.3404818
1950 1 144453683 -71.0740144 42.3532185
1950 1 144392344 -71.1276333 42.3277767
1950 1 144388431 -71.146017 42.340209
1950 1 144384374 -71.0566203 42.3638635
1950 1 144361635 -71.095326 42.345231
1950 1 144333564 -71.1195909 42.3953308
1950 1 144202217 -71.040034 42.3171262
1950 1 143950197 -71.0545495 42.365526
1950 1 143911994 -71.0964953 42.3418344
1950 1 143910496 -71.1236274 42.3250148
1950 2 144575967 -71.0367735 42.3657216
1950 2 144506730 -71.0633 42.4199
1950 2 144490123 -71.0669147 42.3603284
1950 2 144488541 -71.0364957 42.3655752
1950 2 144444938 -71.126544 42.350779
1950 2 144443806 -70.9918583 42.4084729
1950 2 144428292 -71.150168 42.3360952
1950 2 144421038 -71.1359615 42.3479562
1950 2 144417448 -71.1301596 42.353588
1950 2 144355218 -71.1503643 42.3368118
1950 2 144355182 -71.1215166 42.3504206
1950 2 144333453 -71.0367095 42.3656916
1950 2 144308745 -71.1251612 42.3516091
1950 2 144282293 -71.1241884 42.3522468
1950 2 144228001 -71.0289379 42.3776897
1950 2 144080321 -71.0618 42.3788
1950 3 144529819 -71.0926566 42.3862203
1950 3 144268657 -71.052574 42.31623
1975 0 144591737 -71.1056533 42.3935244
1975 1 144284059 -71.0617922 42.3787094
1975 2 142621450 -71.0938 42.4055
1975 2 144619794 -71.0951682 42.398915
1975 2 144546791 -71.1248881 42.3516285
1975 2 144540107 -71.0964067 42.3975646
1975 2 144208074 -71.13533 42.339394
1975 3 144546816 -71.1301596 42.353588
1975 3 144173673 -71.1457882 42.3614969
2000 0 144612683 -71.0745757 42.3423878
2000 0 144436965 -71.108851 42.369059
2000 0 144416600 -71.0735785 42.3453208
2000 0 144401974 -71.074872 42.345105
2000 0 144401952 -71.0691023 42.3466011
2000 0 144310852 -71.0677999 42.3603102
2000 0 144262440 -71.0732545 42.3691842
2000 1 138801155 -71.0407 42.319
2000 1 79114394 -71.0657 42.3656
2000 1 144614714 -71.1207476 42.3971105
2000 1 144591702 -71.1216975 42.3974881
2000 1 144573148 -71.0737605 42.342822
2000 1 144499078 -71.1222752 42.3448041
2000 1 144480583 -71.1254726 42.3742927
2000 1 144446239 -71.0745757 42.3423878
2000 1 144423743 -71.0891084 42.350057
2000 1 144328804 -71.147681 42.348958
2000 1 144265109 -71.1096223 42.3708078
2000 1 144216777 -71.08995 42.3439609
2000 1 144196169 -71.1275791 42.3406037
2000 1 144142046 -71.1068748 42.3700303
2000 1 143937082 -71.0703675 42.3818007
2000 2 144627498 -71.1695758 42.345884
2000 2 144623129 -71.0971301 42.3842948
2000 2 144616895 -71.1814779 42.4225739
2000 2 144602118 -71.108921 42.396102
2000 2 144599431 -71.0904226 42.3465636
2000 2 144596230 -71.0810204 42.385075
2000 2 144592875 -71.1445402 42.3799709
2000 2 144525863 -71.1387761 42.3466294
2000 2 144506291 -71.0642 42.2804
2000 2 144506288 -71.1596 42.3742
2000 2 144491655 -71.0554635 42.3650232
2000 2 144421761 -71.1583961 42.376152
2000 2 144397369 -71.1570744 42.3490825
2000 2 144367232 -71.117171 42.3352145
2000 2 144353210 -71.0867738 42.3897258
2000 2 144348193 -71.1017777 42.3177623
2000 2 144332327 -71.1394075 42.2740511
2000 2 144310090 -71.112258 42.323906
2000 2 144271736 -71.147681 42.348958
2000 2 144254781 -71.0897472 42.3446707
2000 2 144250517 -71.1382664 42.3441339
2000 2 144144798 -71.0559562 42.3654997
2000 2 144070191 -71.0558299 42.3321131
2000 2 143983035 -71.108479 42.3960999
2000 2 143934964 -71.1081545 42.3689491
2000 3 144615037 -71.1096316 42.4091692
2000 3 144592361 -71.0481102 42.2877298
2000 3 144437457 -71.0810204 42.385075
2000 3 144427616 -71.1173307 42.4048722
2000 3 144367234 -71.0345669 42.4024673
2000 3 144347149 -71.0137926 42.2782927
2000 4 144615127 -71.0935303 42.4167951
2025 1 130639468 -71.1294 42.3867
2025 1 144599182 -71.12048 42.3957101
2025 1 144347209 -71.0781319 42.3517142
2025 1 144182621 -71.0791 42.3512
2025 1 143925030 -71.122313 42.3964982
2025 2 144541977 -71.095326 42.345231
2050 0 144418175 -71.06377 42.3633116
2050 0 144358665 -71.1572169 42.4189785
2050 1 131744600 -71.1559 42.2992
2050 1 144445988 -71.137275 42.3536093
2050 1 144152558 -71.062663 42.351789
2050 2 144453499 -71.122313 42.3964982
2050 2 144418510 -71.1799383 42.3884637
2050 2 144393952 -71.1162002 42.320825
2050 2 144047921 -71.1378479 42.3541199
2075 1 144193131 -71.1177 42.3474
2075 1 144068388 -71.1230807 42.3417657
2075 2 144329954 -71.1156689 42.3471685
2100 0 144198930 -71.1726067 42.3217875
2100 0 143979379 -71.111074 42.341239
2100 1 142626428 -71.1201 42.3809
2100 1 144620840 -71.116953 42.3825845
2100 1 144613438 -71.0904226 42.3465636
2100 1 144512126 -71.1298592 42.3867953
2100 1 144481756 -71.0892857 42.3413978
2100 1 144446701 -71.0901851 42.3466577
2100 1 144396543 -71.0825773 42.3505074
2100 1 144337665 -71.0892823 42.3462991
2100 1 144229634 -71.117775 42.38185
2100 1 143955535 -71.089764 42.348591
2100 2 144617971 -71.0984079 42.3407834
2100 2 144617892 -71.1093 42.3188
2100 2 144614395 -71.1149866 42.3914194
2100 2 144602328 -71.1169497 42.3446302
2100 2 144588139 -71.0909566 42.3677356
2100 2 144480858 -71.1005336 42.3734774
2100 2 144420940 -71.1092768 42.3966037
2100 2 144417603 -71.0857301 42.3433541
2100 2 144362191 -71.1256905 42.3902236
2100 2 144314658 -71.1010932 42.3760694
2100 2 144205493 -71.1101642 42.3700096
2100 2 144118910 -71.1188503 42.3401224
2100 2 144062620 -71.118843 42.3371179
2100 3 144564976 -71.1285 42.3588
2100 3 144461249 -71.1692643 42.4154444
2100 3 144457306 -71.095408 42.399399
2100 3 144446352 -71.1085216 42.3315026
2100 3 144443112 -71.1083786 42.3318407
2100 3 144348052 -71.1539677 42.347547
2100 3 144155847 -71.116276 42.2960737
2100 3 144022435 -71.0953658 42.3997629
2150 1 144458272 -71.0664976 42.338482
2150 1 144416256 -71.116323 42.3815739
2150 1 144323332 -71.0901194 42.3432435
2150 1 144290426 -71.0845 42.3454
2150 1 144224439 -71.1179483 42.3816703
2150 2 144629616 -71.1087126 42.3801915
2150 2 144615466 -71.0787265 42.33689
2150 2 144392677 -71.0873767 42.3894356
2150 2 144365925 -71.1126169 42.3239017
2150 2 144347641 -71.10763 42.3809877
2150 2 144265809 -71.1078652 42.380812
2150 2 143965704 -71.163918 42.3233969
2150 3 144336677 -71.162138 42.348989
2150 3 143998238 -71.1313485 42.3560486
2175 0 144587901 -71.0638352 42.3611579
2175 1 144295019 -71.0854 42.3458
2175 2 142626410 -71.1169 42.3431
2175 2 144351936 -71.1351945 42.3392274
2175 2 143917575 -71.0868792 42.3719282
2200 0 144045253 -71.055341 42.366328
2200 1 79124913 -71.0809 42.4029
2200 1 144623891 -71.0750541 42.335005
2200 1 144596593 -71.0892 42.3455
2200 1 144547361 -71.1107321 42.3691651
2200 1 144546895 -71.0690014 42.3588384
2200 1 144511394 -71.0549848 42.3659532
2200 1 144497191 -71.0979 42.3426
2200 1 144443458 -71.1209106 42.3816165
2200 1 144424555 -71.0995947 42.3431052
2200 1 144413740 -71.0848 42.3456
2200 1 144394950 -71.0770265 42.3364517
2200 1 144347863 -71.0841674 42.3454959
2200 1 144331974 -71.1219523 42.3813692
2200 1 144323175 -71.0699272 42.3304001
2200 1 144198941 -71.0663429 42.3593227
2200 1 144157130 -71.0414439 42.3321868
2200 2 144619527 -71.1120087 42.3714527
2200 2 144619224 -71.1219599 42.346998
2200 2 144619038 -71.1133091 42.3703863
2200 2 144616450 -71.1123625 42.3848564
2200 2 144591470 -71.0908159 42.3465504
2200 2 144573058 -71.1048331 42.3340413
2200 2 144548711 -71.1081336 42.3778924
2200 2 144547142 -71.126009 42.3878866
2200 2 144547141 -71.126009 42.3878866
2200 2 144541892 -71.075237 42.3392003
2200 2 144496996 -71.1327 42.3452
2200 2 144480810 -71.1445207 42.3373922
2200 2 144460472 -71.0976503 42.3117204
2200 2 144443321 -71.1450084 42.3370071
2200 2 144441343 -71.1129759 42.3613847
2200 2 144421010 -71.0804447 42.3393118
2200 2 144404136 -71.1292802 42.3526067
2200 2 144374142 -71.1468152 42.3414406
2200 2 144338287 -71.1303564 42.3446009
2200 2 144338065 -71.1063684 42.3783007
2200 2 144332566 -71.1298409 42.3507694
2200 2 144310087 -71.1119461 42.3191
2200 2 144267885 -71.1118671 42.384602
2200 2 144164297 -71.1210565 42.3414777
2200 2 144131797 -71.1130852 42.3717339
2200 2 144070806 -71.1134373 42.3692817
2200 2 144062456 -71.0887753 42.3730046
2200 2 144059240 -71.1087758 42.3683838
2200 2 143924639 -71.1085044 42.3800187
2200 2 143924638 -71.1085044 42.3800187
2200 3 144616661 -71.1436074 42.3594948
2200 3 144586498 -71.1047115 42.3340939
2200 3 144574082 -71.1118753 42.2975215
2200 3 144508335 -71.16118 42.350736
2200 3 144499300 -71.0998189 42.3812384
2200 3 144452306 -71.1524102 42.3393044
2200 3 144440462 -71.0934951 42.2589167
2200 3 144423972 -71.124046 42.290676
2200 3 144348543 -71.1018212 42.3147176
2200 3 144228798 -71.1669068 42.3420386
2200 3 144161452 -71.1253096 42.4062563
2200 3 143960109 -71.0532119 42.3190386
2200 4 144628841 -71.0998189 42.3812384
2200 4 144620310 -71.1096316 42.4091692
2200 4 144507452 -71.0877731 42.3894517
2200 4 144458318 -71.1304149 42.3619816
2200 4 144171902 -71.012974 42.2984831
2200 5 143979945 -71.0825259 42.3003814
2225 0 144381587 -71.0735807 42.3701802
2225 1 144571707 -71.1177137 42.3398569
2225 1 144410345 -71.0762841 42.3369628
2225 1 144081528 -71.0849 42.3458
2225 1 143886179 -71.1088 42.3691
2225 2 144317739 -71.0756138 42.3374512
2225 2 144229812 -71.1307439 42.3421412
2250 0 144374575 -71.0408 42.3477
2250 1 142633057 -71.1574 42.4186
2250 1 144586735 -71.0821951 42.3496958
2250 1 144582852 -71.1182646 42.3383434
2250 1 144546890 -71.0720748 42.3546509
2250 1 144390885 -71.0831527 42.3516576
2250 1 144355255 -71.1221097 42.3427193
2250 1 144335163 -71.0854911 42.3519192
2250 1 144202105 -71.0965071 42.348978
2250 1 144154229 -71.0554776 42.366161
2250 1 144082649 -71.0866 42.3459
2250 1 144062621 -71.0808485 42.3522854
2250 1 143969845 -71.0815294 42.3501701
2250 2 144620048 -71.1492943 42.33864
2250 2 144530895 -71.119668 42.3817339
2250 2 144457510 -71.1314226 42.3383555
2250 2 144421950 -71.141953 42.3376518
2250 3 144617361 -71.1717718 42.3522818
2250 3 144479308 -71.1075509 42.3908066
2250 3 144437049 -71.1402499 42.3486243
2250 3 144424014 -71.133714 42.28473
2250 3 144407127 -71.1391 42.3527
2250 3 144156183 -71.1131364 42.4117501
2275 1 144616750 -71.1220904 42.3796903
2275 1 144604172 -71.1218211 42.3805318
2275 1 144603069 -71.1199026 42.3808528
2275 1 144078312 -71.1215337 42.3797822
2275 1 144010507 -71.108851 42.369059
2275 2 142626452 -71.1201 42.3809
2275 2 144439388 -71.1753547 42.3372323
2275 3 144498889 -71.00507 42.25697
2300 0 144510981 -71.1118617 42.3695763
2300 0 144375366 -71.1102689 42.3689976
2300 1 121281334 -71.1308 42.3399
2300 1 144627502 -71.0811254 42.3388825
2300 1 144618198 -71.1102689 42.3689976
2300 1 144601087 -71.0755303 42.4091445
2300 1 144583391 -71.0785 42.3842
2300 1 144572851 -71.0887 42.3458
2300 1 144515287 -71.0564814 42.3670627
2300 1 144422599 -71.0620065 42.3565137
2300 1 144354010 -71.0605223 42.3554714
2300 1 144348229 -71.0650638 42.3588398
2300 1 144265657 -71.074872 42.345105
2300 1 144205230 -71.072746 42.3456679
2300 1 144051979 -71.069091 42.359284
2300 1 144020923 -71.064383 42.3593513
2300 2 135076769 -71.0288 42.2945
2300 2 144608596 -71.108125 42.3649718
2300 2 144603629 -71.1138708 42.3644852
2300 2 144591292 -71.1162108 42.3825802
2300 2 144505846 -71.095569 42.342519
2300 2 144489084 -71.1146641 42.3048519
2300 2 144441632 -71.13231 42.3481182
2300 2 144422630 -71.113985 42.3825644
2300 2 144347106 -71.1207544 42.4011146
2300 2 144347064 -71.13117 42.348667
2300 2 144304900 -71.0394596 42.3190795
2300 2 144293143 -71.1257011 42.4004351
2300 2 144292260 -71.1372 42.3384
2300 2 144221702 -71.1041287 42.3469555
2300 2 144131781 -71.1090057 42.3648934
2300 2 144082650 -71.1196 42.3404
2300 2 144039567 -71.1056418 42.3324137
2300 2 143973107 -71.0891 42.3445
2300 3 144612650 -71.10345 42.3772443
2300 3 144599596 -71.1144514 42.302167
2300 3 144598995 -71.1144481 42.3023163
2300 3 144490026 -71.1786176 42.3800045
2300 3 144394499 -71.1410925 42.4048403
2300 3 144363596 -71.1351396 42.3589723
2300 3 144347598 -71.1146816 42.3054208
2300 3 144329270 -71.1440931 42.342282
2300 3 144255412 -71.0979282 42.3932951
2300 3 144153643 -71.141581 42.3415067
2300 3 144045335 -71.1043446 42.3766409
2325 1 144185523 -71.0625712 42.3099143
2325 2 144199348 -71.043033 42.318856
2325 3 144395357 -71.121782 42.411544
2325 3 144045790 -71.1217948 42.4115459
2350 0 144431674 -71.1199026 42.3808528
2350 0 144351214 -71.0686746 42.3568756
2350 1 144599913 -71.0805916 42.4037239
2350 1 144539152 -71.068341 42.3371649
2350 1 144532298 -71.0798 42.3398
2350 1 144520865 -71.1183108 42.347456
2350 1 144356930 -71.0784809 42.3842257
2350 1 144352886 -71.068686 42.337218
2350 1 143965456 -71.0864 42.346
2350 1 143943502 -71.0653671 42.3426863
2350 1 143915874 -71.0666616 42.3383461
2350 2 144524016 -71.1277641 42.3404818
2350 2 144165105 -71.0545257 42.3308406
2350 2 144000066 -71.0663771 42.3603353
2350 2 143938993 -71.1192097 42.385843
2350 3 144104552 -71.1331545 42.3530794
2350 5 144312150 -71.0888041 42.3140153
2375 1 144602141 -71.119668 42.3817339
2375 2 131744602 -71.1559 42.2992
2375 2 144611445 -71.114359 42.3651468
2375 2 144198913 -71.0440296 42.3208239
2400 0 143950180 -71.0717088 42.3587773
2400 1 144622828 -71.069324 42.3484359
2400 1 144618326 -71.1193215 42.386594
2400 1 144488589 -71.081653 42.338751
2400 1 144488350 -71.0732454 42.344933
2400 1 144480749 -71.0742889 42.340122
2400 1 144454264 -71.079168 42.3446801
2400 1 144423987 -71.0819944 42.338417
2400 1 144360519 -71.0658097 42.3587931
2400 1 144358068 -71.0870672 42.3459322
2400 1 144349813 -71.0632865 42.3639803
2400 1 144311262 -71.0678709 42.3611009
2400 1 144228819 -71.0862087 42.3441327
2400 1 144025090 -71.0802819 42.3511255
2400 1 143971352 -71.0615692 42.3554638
2400 2 144617547 -71.1103001 42.4005436
2400 2 144612019 -71.1199964 42.3799985
2400 2 144610351 -71.0981488 42.3733786
2400 2 144521662 -71.1397405 42.3489871
2400 2 144510499 -71.0700311 42.3602702
2400 2 144502745 -71.1200893 42.3802062
2400 2 144419822 -71.137275 42.3536093
2400 2 144328258 -71.0668515 42.3595628
2400 2 144312227 -71.1019082 42.3683399
2400 2 144184540 -71.1131428 42.3046626
2400 2 144142149 -71.069871 42.3425792
2400 2 144082651 -71.0497 42.3394
2400 2 143999870 -71.1026889 42.3686228
2400 3 144617366 -71.1107763 42.4010082
2400 3 144602486 -71.1276755 42.4063661
2400 3 144602211 -71.1458771 42.3417755
2400 3 144602107 -71.0974561 42.3743533
2400 3 144599069 -71.1023059 42.3946886
2400 3 144599044 -71.088763 42.3919161
2400 3 144531605 -71.0985545 42.3780216
2400 3 144512272 -71.1513886 42.340426
2400 3 144498719 -71.1051932 42.378545
2400 3 144446180 -71.086457 42.3935981
2400 3 144427118 -71.156919 42.350896
2400 3 144394564 -71.1310029 42.3503453
2400 3 144369861 -71.1505206 42.3410327
2400 3 144325514 -71.1401077 42.351503
2400 3 144271827 -71.1510333 42.336032
2400 3 144271081 -71.1570744 42.3490825
2400 3 144265691 -71.1463914 42.3430725
2400 3 144165263 -71.1124851 42.385797
2400 3 144131255 -71.1261181 42.2851616
2400 3 144094322 -71.056795 42.322502
2400 3 144093405 -71.1039395 42.3470221
2400 3 144051219 -71.1303482 42.2843921
2400 3 143903348 -71.0352104 42.3677287
2400 4 144618156 -71.0985545 42.3780216
2400 4 144489043 -71.0187786 42.3831646
2400 4 144457375 -71.1468152 42.3414406
2400 4 144258890 -71.086125 42.422785
2400 4 144203095 -71.1373037 42.2933433
2400 4 144156196 -71.148633 42.3418055
2400 4 144142198 -71.1328289 42.3600981
2400 4 143939343 -71.1216289 42.4175854
2425 1 144077658 -71.106915 42.3935812
2425 2 138801634 -71.1605 42.3169
2450 0 144550981 -71.0826 42.3485
2450 1 144437133 -71.0777329 42.3509007
2450 1 144422494 -71.0517969 42.362194
2450 1 144351891 -71.0519567 42.3616738
2450 1 144115599 -71.0798837 42.3511498
2450 1 143959352 -71.0518 42.3622
2450 1 143954349 -71.0676305 42.3565972
2450 2 130639467 -71.1294 42.3867
2450 2 144625915 -71.0866941 42.3370338
2450 2 144613130 -71.1186057 42.3948999
2450 2 144609065 -71.1194815 42.3952825
2450 2 144489081 -71.0783846 42.4053262
2450 2 144271304 -71.1232827 42.3433998
2450 2 144133866 -71.1195909 42.3953308
2450 3 144304738 -71.137674 42.348507
2450 3 144064637 -71.114 42.3137
2450 4 144331225 -71.1436296 42.3432268
2450 4 144021099 -71.1451376 42.344124
2450 5 143989666 -71.0653518 42.4170128
2475 2 144501864 -71.0755303 42.4091445
2475 2 144441831 -71.1175348 42.3409611
2475 2 144227330 -71.1291704 42.3868279
2500 0 144488621 -71.0825486 42.3655033
2500 0 144279143 -71.0535197 42.3754628
2500 0 144104375 -71.0831527 42.3516576
2500 1 144587248 -71.0638352 42.3611579
2500 1 144560401 -71.0532 42.3752
2500 1 144515633 -71.067489 42.352504
2500 1 144510430 -71.0606567 42.3651197
2500 1 144394569 -71.0535197 42.3754628
2500 1 144336456 -71.066186 42.373657
2500 1 144262733 -71.0554779 42.3652045
2500 1 144101553 -71.0719618 42.3374968
2500 1 143940484 -71.0712454 42.3700926
2500 2 144635962 -71.1248 42.3948856
2500 2 144612022 -71.1254579 42.395453
2500 2 144573047 -71.095788 42.36619
2500 2 144540463 -71.0737605 42.342822
2500 2 144530388 -71.121655 42.3975639
2500 2 144510546 -71.1036598 42.385526
2500 2 144499743 -71.1165968 42.3419631
2500 2 144497211 -71.1558 42.3389
2500 2 144496196 -71.1210496 42.3902584
2500 2 144447335 -71.174273 42.3689192
2500 2 144337400 -71.0414439 42.3321868
2500 2 144307677 -71.038758 42.3185079
2500 2 144279615 -71.0292664 42.3374232
2500 2 144265500 -71.122611 42.397993
2500 2 144216278 -71.1222263 42.3966762
2500 2 144147359 -71.1028025 42.361398
2500 2 144121598 -71.1800881 42.3673325
2500 2 144083651 -71.1014 42.364
2500 2 144068900 -71.1051287 42.3466764
2500 2 144051341 -71.054418 42.3307735
2500 2 144041545 -71.0546655 42.3355775
2500 2 143935002 -71.1129306 42.3701052
2500 3 144616996 -71.1382664 42.3441339
2500 3 144613261 -71.1285049 42.402733
2500 3 144602214 -71.1064074 42.3924542
2500 3 144597038 -71.121655 42.3975639
2500 3 144586240 -71.1036598 42.385526
2500 3 144581311 -71.095788 42.36619
2500 3 144523029 -71.1276129 42.4034575
2500 3 144437814 -71.1468152 42.3414406
2500 3 144418574 -71.1353097 42.3484713
2500 3 144362566 -71.1133091 42.3703863
2500 3 144355126 -71.1151648 42.3980049
2500 3 144114663 -71.1254579 42.395453
2500 3 144032824 -71.0551869 42.3189094
2500 3 144001885 -71.1157201 42.3971845
2500 3 143956813 -71.1331131 42.3935136
2500 3 143915469 -71.0708 42.4147559
2500 4 144337000 -71.0971381 42.3960022
2500 4 144241722 -71.1680051 42.3510724
2500 5 144612399 -71.0607826 42.2901291
2525 1 144331424 -71.1209497 42.3807474
2525 2 144354801 -71.109166 42.3632112
2525 3 143951760 -71.109166 42.3632112
2550 1 144564940 -71.0578 42.3644
2550 1 144058743 -71.1572169 42.4189785
2550 2 144522169 -71.0742913 42.4272867
2550 2 144511584 -71.1381365 42.3815822
2550 3 144620893 -71.0965187 42.3917521
2550 3 144613338 -71.1478093 42.344247
2550 3 144497214 -71.151 42.3462
2550 3 144249706 -71.1280363 42.353719
2550 3 144196173 -71.0978677 42.3898405
2550 3 144117895 -71.0952754 42.3935424
2550 3 144073795 -71.132518 42.350666
2550 4 144181867 -71.086 42.4233
2575 2 144525790 -71.0720538 42.4272078
2575 2 144513356 -71.0740889 42.4278328
2600 0 144524033 -71.0718493 42.3438425
2600 1 144619500 -71.1056533 42.3935244
2600 1 144618084 -71.0709446 42.3469842
2600 1 144602589 -71.0802619 42.3453569
2600 1 144545993 -71.0748013 42.3548058
2600 1 144541155 -71.074736 42.344827
2600 1 144398393 -71.0804447 42.3393118
2600 1 144387465 -71.0626563 42.3579334
2600 1 144338340 -71.0816894 42.3498455
2600 1 144184713 -71.073106 42.3463963
2600 1 144093368 -71.0661846 42.359374
2600 1 144000999 -71.0901936 42.3690499
2600 2 104207914 -71.0578 42.4309
2600 2 144599521 -71.0983021 42.3816555
2600 2 144572852 -71.0988 42.3265
2600 2 144497216 -71.0266 42.2976
2600 2 144488554 -71.0742889 42.340122
2600 2 144460027 -71.0891084 42.350057
2600 2 144422596 -71.0620065 42.3565137
2600 2 144409452 -71.0928753 42.3499418
2600 2 144383398 -71.0668183 42.3601708
2600 2 144290427 -71.1015 42.3623
2600 2 144146415 -71.0972212 42.3810447
2600 2 144009716 -71.110405 42.3166783
2600 2 143920592 -71.0745631 42.3396511
2600 3 144612467 -71.1150872 42.4020669
2600 3 144602417 -71.159756 42.3400627
2600 3 144596634 -71.0841948 42.3845586
2600 3 144541315 -71.11948 42.3881742
2600 3 144523552 -71.1411637 42.2812093
2600 3 144497107 -71.1598 42.3392
2600 3 144443411 -71.1005074 42.3298474
2600 3 144436889 -71.1697819 42.3513405
2600 3 144338441 -71.150168 42.3360952
2600 3 144295342 -71.0623429 42.3811014
2600 3 144282153 -71.0750541 42.335005
2600 4 144478746 -71.136142 42.3507807
2600 4 144052803 -71.104939 42.3771368
2600 4 143931817 -71.1264896 42.3579691
2600 5 144599121 -71.1131585 42.4145334
2600 6 144283978 -71.0608703 42.4295956
2625 1 79669134 -71.082 42.3453
2625 1 144093181 -71.0692578 42.3642187
2650 1 144511295 -71.074108 42.343558
2650 1 144091389 -71.0510453 42.3637649
2650 1 144009872 -71.0686058 42.364016
2650 2 138801156 -71.0407 42.319
2650 2 144402623 -71.124512 42.3527879
2650 2 144353657 -71.1198241 42.3432199
2650 2 144326536 -71.0217901 42.2640749
2675 1 144510341 -71.1017114 42.3624262
2675 1 144480420 -71.0687 42.3645
2675 1 144425513 -71.06377 42.3633116
2675 2 144539850 -71.1215337 42.3797822
2675 3 144554967 -71.1533912 42.3381744
2675 3 144167675 -71.1557347 42.340236
2675 4 144555847 -71.1547014 42.3413182
2675 4 144368882 -71.1526258 42.3406218
2700 1 144583349 -71.0757 42.3465
2700 1 144583224 -71.06343 42.3644659
2700 1 144482904 -71.07124 42.34388
2700 1 144425551 -71.1047115 42.3340939
2700 1 144422249 -71.080817 42.348156
2700 1 144417641 -71.0718493 42.3438425
2700 1 144362052 -71.0510044 42.3770377
2700 1 144355640 -71.0752389 42.3458606
2700 1 144337012 -71.0632555 42.3642778
2700 1 144271188 -71.0736 42.3702
2700 1 144132493 -71.0817077 42.3453555
2700 2 144619217 -71.130226 42.3974464
2700 2 144608605 -71.0987804 42.3338715
2700 2 144583868 -71.119623 42.3833643
2700 2 144583394 -71.0626 42.3099
2700 2 144537023 -71.0564814 42.3670627
2700 2 144525351 -71.040646 42.31646
2700 2 144457976 -71.0949177 42.344363
2700 2 144453015 -71.1572169 42.4189785
2700 2 144405771 -71.1579173 42.4164324
2700 2 144359828 -71.0895249 42.3454124
2700 2 144354676 -71.0605223 42.3554714
2700 2 144336930 -71.0762006 42.3532324
2700 2 144145841 -71.1315654 42.3984495
2700 2 144141499 -71.1217711 42.3826739
2700 2 144001136 -71.1307607 42.3977803
2700 2 143956254 -71.1176538 42.3363511
2700 3 144622536 -71.1084465 42.3713306
2700 3 144610966 -71.114359 42.3651468
2700 3 144602481 -71.1072017 42.3789547
2700 3 144591864 -71.1019952 42.371419
2700 3 144457337 -71.119399 42.401052
2700 3 144444934 -71.1497523 42.348189
2700 3 144423754 -71.107295 42.3212925
2700 3 144408783 -71.1537 42.3403
2700 3 144386414 -71.1512489 42.3458019
2700 3 144365323 -71.0732254 42.3364734
2700 3 144267873 -71.1064064 42.379131
2700 3 144253925 -71.1091281 42.3715559
2700 3 144170174 -71.1170972 42.3363774
2700 3 144156564 -71.1146299 42.3870702
2700 3 144088167 -71.1012532 42.3737855
2700 4 144552408 -71.1424253 42.3403279
2700 4 144523274 -71.07417 42.35531
2700 4 144516050 -71.1337918 42.362292
2700 4 144477312 -71.1462768 42.3531563
2700 4 144256794 -71.1448566 42.3408872
2700 4 143999982 -71.1321195 42.3530542
2725 1 144461147 -71.1022 42.3609
2750 1 144077998 -71.080768 42.3491696
2750 1 143930001 -71.0518 42.3423
2750 2 121182983 -71.1478 42.4105
2750 2 142633058 -71.1574 42.4186
2750 2 144497217 -71.1255 42.331
2750 2 144332105 -71.125488 42.331008
2750 2 144118933 -71.1240283 42.3401964
2750 2 143961062 -71.0540662 42.3630794
2750 2 143913884 -71.0615692 42.3554638
2750 3 144227234 -71.0289379 42.3776897
2750 3 144072214 -71.137215 42.3470531
2750 4 144519933 -71.1331545 42.3530794
2750 4 144454012 -71.1390292 42.3446313
2775 1 114776582 -71.0397 42.3489
2775 1 144572857 -71.0836 42.364
2800 1 118847875 -71.053 42.3539
2800 1 144478764 -71.076762 42.3436885
2800 1 144428074 -71.0753457 42.3419829
2800 1 144350447 -71.0670778 42.3656293
2800 1 144265731 -71.1175911 42.340982
2800 1 144121560 -71.071312 42.3557488
2800 2 144616430 -71.0979073 42.3425508
2800 2 144614318 -71.1219984 42.3855236
2800 2 144612355 -71.1213754 42.3844647
2800 2 144612029 -71.1209497 42.3807474
2800 2 144598953 -71.1194688 42.3848386
2800 2 144575188 -71.064669 42.3438299
2800 2 144547143 -71.1107321 42.3691651
2800 2 144505125 -71.1068748 42.3700303
2800 2 144457443 -71.0995947 42.3431052
2800 2 144374080 -71.0964953 42.3418344
2800 2 144361840 -71.0574074 42.3655496
2800 2 144355376 -71.0643091 42.3434714
2800 2 144354195 -71.1183108 42.347456
2800 2 144339624 -71.0515675 42.366228
2800 2 144334070 -71.1709001 42.3784976
2800 2 144333113 -71.0717555 42.3168345
2800 2 144248150 -71.13804 42.3362909
2800 2 144012122 -71.1096223 42.3708078
2800 2 143997607 -71.0539326 42.3408022
2800 2 143936643 -71.0659976 42.343949
2800 3 144615082 -71.1565967 42.391839
2800 3 144521413 -71.1167947 42.345606
2800 3 144348307 -71.1194085 42.3475237
2800 3 144332948 -71.1519271 42.3516416
2800 3 144216996 -71.157786 42.3396983
2800 3 144216139 -71.1360143 42.3397667
2800 3 144121864 -71.1154116 42.3389137
2800 3 144063843 -71.0964953 42.3418344
2800 4 144602915 -71.1463256 42.3554558
2800 4 144537276 -71.1176803 42.4133909
2800 4 144506704 -71.1106217 42.412058
2800 4 144502463 -71.1199467 42.4142935
2800 4 144447443 -71.1654165 42.350274
2800 4 144444117 -71.1053842 42.3189386
2800 4 144424837 -71.0759278 42.4271814
2800 4 144395110 -71.1134945 42.3131451
2800 4 144361410 -71.1505206 42.3410327
2800 4 144339022 -71.0694126 42.417128
2800 4 144284005 -71.1151648 42.3980049
2800 4 144133786 -71.1457882 42.3614969
2800 4 144133767 -71.1217948 42.4115459
2800 4 144062153 -71.1157201 42.3971845
2800 4 144029344 -71.1113 42.3123
2800 4 143931376 -71.0625441 42.3430142
2800 5 144057404 -71.1671603 42.2809296
2825 1 137160138 -71.0499 42.3777
2825 1 144612469 -71.0444034 42.3379945
2825 1 144422138 -71.082371 42.3657326
2825 1 144412932 -71.0503 42.3772
2825 2 138798881 -71.0767 42.4056
2825 2 79124914 -71.0809 42.4029
2825 2 144615878 -71.1220904 42.3796903
2825 3 142626455 -71.1201 42.3809
2825 3 142626426 -71.1169 42.3431
2850 2 142621442 -71.0987 42.3339
2850 2 144618575 -71.107523 42.365996
2850 2 144617522 -71.0802619 42.3453569
2850 2 144612463 -71.1552583 42.3404442
2850 2 144582284 -71.0784421 42.3719869
2850 2 144581118 -71.1066079 42.365378
2850 2 144519703 -71.1075075 42.355893
2850 2 144215241 -71.1542443 42.3807563
2850 2 144090712 -71.0677306 42.3595461
2850 2 143984406 -71.0686085 42.3592813
2850 2 143962796 -71.107399 42.355444
2850 3 144598987 -71.1286661 42.406105
2850 3 144521364 -71.1368093 42.3364501
2850 3 144161799 -71.1296313 42.404711
2875 2 144616531 -71.1218211 42.3805318
2875 2 144355186 -71.0828204 42.3432252
2875 2 144093282 -71.068055 42.3608144
2900 0 144078043 -71.0772091 42.3547485
2900 1 144599705 -71.0838894 42.3630085
2900 1 144581034 -71.0645599 42.3523583
2900 1 144350957 -71.0578224 42.3588325
2900 1 144347615 -71.0868157 42.3454254
2900 1 144142760 -71.0632255 42.3577002
2900 2 121281333 -71.1308 42.3399
2900 2 144615987 -71.1024328 42.3628727
2900 2 144608595 -71.0867648 42.3434555
2900 2 144583351 -71.0784 42.3842
2900 2 144415928 -71.081653 42.338751
2900 2 144402415 -71.095284 42.34995
2900 2 144353587 -71.1001927 42.3623846
2900 2 144349370 -71.07753 42.3718069
2900 2 144266667 -71.1378809 42.3896899
2900 2 144000995 -71.129619 42.3979766
2900 2 143989981 -71.100887 42.334192
2900 3 144277709 -71.0292664 42.3374232
2900 3 144101449 -71.1351945 42.3392274
2900 4 144481232 -71.1062986 42.4015945
2900 4 144417404 -71.1043575 42.3973673
2900 4 144351002 -71.101743 42.3309739
2900 4 144217243 -71.141953 42.3376518
2900 6 144141426 -71.0233474 42.4337378
2925 2 144608166 -71.116953 42.3825845
2925 2 144480742 -71.087154 42.3592426
2950 1 80256083 -71.111 42.3412
2950 1 144615890 -71.1024657 42.3603595
2950 2 144490426 -71.1091781 42.3456149
2950 2 144430758 -71.1051749 42.3644779
2950 2 144420934 -71.12442 42.34148
2950 2 144355565 -71.0784809 42.3842257
2950 2 144256067 -71.0813208 42.371927
2950 2 144227410 -71.0664976 42.338482
2950 2 144217569 -71.1095466 42.3455648
2950 2 143973097 -71.0667 42.3387
2950 2 143930146 -71.068686 42.337218
2950 2 143907085 -71.0666794 42.3387081
2950 3 144609060 -71.09555 42.3340689
2950 3 144499544 -71.0868792 42.3719282
2950 3 144474925 -71.1241665 42.3738169
2950 3 144250548 -71.1409899 42.3871478
2950 4 143905993 -71.1085216 42.3315026
2975 2 144617961 -71.1056533 42.3935244
2975 2 144597077 -71.1326959 42.3902715
2975 2 144540443 -71.1318419 42.390126
2975 2 144425277 -71.084439 42.3659971
2975 3 131744595 -71.1559 42.2992
2975 3 144602491 -71.1038849 42.3699609
3000 0 144121570 -71.0808485 42.3522854
3000 1 144623642 -71.0815491 42.3442742
3000 1 144479940 -71.0771804 42.3442851
3000 1 144455174 -71.0785013 42.3451746
3000 1 144310096 -71.0851123 42.3511282
3000 1 144268493 -71.0497988 42.3580114
3000 1 144211873 -71.0860549 42.3495702
3000 1 144174134 -71.0887024 42.3492718
3000 1 144161222 -71.0622338 42.310794
3000 2 144600264 -71.0792213 42.3681147
3000 2 144540404 -71.0793841 42.3674401
3000 2 144454844 -71.0798769 42.3653113
3000 2 144453184 -71.0780814 42.3373349
3000 2 144415892 -71.1247725 42.3387168
3000 2 144397393 -71.0830883 42.3274373
3000 2 144246667 -71.0792983 42.367718
3000 2 144205679 -71.1236241 42.3413759
3000 2 144118047 -71.0498168 42.3512349
3000 2 144078683 -71.0670135 42.360766
3000 2 144010532 -71.1220696 42.374595
3000 2 143942960 -71.1165858 42.3210058
3000 3 144619400 -71.0573918 42.365297
3000 3 144609474 -71.131574 42.3820099
3000 3 144604450 -71.1229375 42.401646
3000 3 144586606 -71.0643091 42.3434714
3000 3 144511366 -71.0529296 42.3655805
3000 3 144488879 -71.1627798 42.366843
3000 3 144398333 -71.1096028 42.3331873
3000 3 144393216 -71.122225 42.401458
3000 3 144360983 -71.0574074 42.3655496
3000 3 144298087 -71.1202357 42.3425568
3000 3 144250680 -71.1184025 42.3495708
3000 3 144194826 -71.055356 42.3304299
3000 3 144070748 -71.1067193 42.346033
3000 3 144068459 -71.1044664 42.3453035
3000 3 143924762 -71.173427 42.417545
3000 4 144599580 -71.1200808 42.4024652
3000 4 144417290 -71.1693383 42.346759
3000 4 144336877 -71.1604237 42.378279
3000 4 144058497 -71.1125379 42.4033008
3000 5 144185648 -71.0568084 42.3215667
3000 5 144114035 -71.1458948 42.2824479
3025 1 144629104 -71.1018776 42.3608311
3025 1 144566872 -71.0839 42.363
3050 2 144526938 -71.1199026 42.3808528
3050 3 144020940 -71.1109742 42.3842609
3075 1 144510441 -71.1001927 42.3623846
3075 1 144170169 -71.1145958 42.3406112
3100 1 144542346 -71.079884 42.3503136
3100 2 140264535 -71.0499 42.3777
3100 2 144146724 -71.0632865 42.3639803
3100 3 88926304 -71.1431 42.3596
3100 3 144388744 -71.1186647 42.3328693
3100 3 144363205 -71.1189663 42.3327764
3100 4 144615020 -71.1135603 42.400367
3100 4 144461399 -71.0311377 42.3659527
3125 1 144523260 -71.082201 42.3661526
3125 2 114776579 -71.0397 42.3489
3125 2 144602911 -71.082201 42.3661526
3150 2 144352231 -71.0870672 42.3459322
3150 2 144295020 -71.0853 42.3456
3150 2 144239553 -71.0841674 42.3454959
3150 3 142621444 -71.0987 42.3339
3175 1 138801641 -71.1605 42.3169
3200 0 144257251 -71.0525945 42.3541445
3200 1 79127793 -71.054 42.3615
3200 2 144591689 -71.106915 42.3935812
3200 2 144425759 -71.1123201 42.364622
3200 2 144407128 -71.1123 42.3651
3200 2 144400483 -71.0782985 42.3701977
3200 2 144389621 -71.0835338 42.3524473
3200 2 144362032 -71.1122497 42.3651475
3200 2 144358695 -71.0973979 42.3437041
3200 2 144309470 -71.1045978 42.3196624
3200 2 144159485 -71.1122457 42.3651609
3200 2 144104790 -71.0678959 42.3280117
3200 2 144068802 -71.0870126 42.3515258
3200 2 144039555 -71.0821976 42.3437519
3200 2 144019027 -71.0555093 42.3418247
3200 2 143989105 -71.08313 42.352036
3200 2 143974217 -71.1123 42.358
3200 2 143973099 -71.0687 42.3372
3200 2 143959689 -71.1211521 42.3133798
3200 3 144366407 -71.1200724 42.3356156
3200 3 144282029 -71.1463794 42.3506304
3200 3 143990885 -71.1045978 42.3196624
3200 3 143979177 -71.1241884 42.3522468
3200 3 143961716 -71.1251612 42.3516091
3200 4 144595990 -71.1492158 42.3403243
3200 4 144489993 -71.153 42.3451
3200 4 144419780 -71.1302242 42.3541364
3200 4 144412009 -71.1470798 42.3365862
3200 4 144409324 -71.1273826 42.3537345
3200 4 144333372 -71.1085966 42.3987019
3200 4 144331728 -71.1270477 42.3589096
3200 4 144331536 -71.1280363 42.353719
3200 4 144272526 -71.1301709 42.3528302
3200 4 144215360 -71.1267782 42.358442
3200 4 144152424 -71.1498421 42.3376713
3200 4 144070582 -71.1489784 42.3371822
3200 4 144000241 -71.1301596 42.353588
3200 4 143972739 -71.1079697 42.3984966
3225 1 144619411 -71.1017053 42.3599185
3250 1 144594295 -71.057811 42.358274
3250 1 144564941 -71.0772 42.3429
3250 1 144531358 -71.1219013 42.3744326
3250 1 144331484 -71.0775319 42.3434762
3250 1 144263652 -71.1223424 42.3748674
3250 1 144080001 -71.0778669 42.3437243
3250 2 144623493 -71.0887024 42.3492718
3250 2 144539167 -71.0653671 42.3426863
3250 2 144492487 -71.0574345 42.3506523
3250 2 144311392 -71.0535495 42.3665705
3250 2 144311391 -71.0535495 42.3665705
3250 2 144129993 -71.0533 42.3666
3250 2 144034721 -71.0579849 42.3523482
3250 2 144018963 -71.0421396 42.3461921
3250 3 138798870 -71.0767 42.4056
3250 3 144520579 -71.1198969 42.4009084
3250 4 144547124 -71.1253539 42.3319624
3250 4 144367259 -71.1244852 42.3317701
3250 4 144188003 -71.1184 42.3508
3275 2 144617407 -71.1219013 42.3744326
3275 2 144613494 -71.1078229 42.3692184
3275 2 144530327 -71.1223424 42.3748674
3300 0 144612468 -71.0901936 42.3690499
3300 0 144423790 -71.105577 42.3319341
3300 1 144602935 -71.100771 42.3618755
3300 1 144520986 -71.099117 42.343923
3300 1 144488381 -71.070295 42.3577756
3300 2 144592245 -71.1047115 42.3340939
3300 2 144589208 -71.0638352 42.3611579
3300 2 144361130 -71.0723393 42.3687726
3300 2 144311034 -71.0901194 42.3432435
3300 3 138801154 -71.0407 42.319
3300 3 144307803 -71.1212202 42.3474108
3300 3 144180804 -71.1056 42.3319
3300 3 144049325 -71.1045449 42.3455545
3300 3 143951693 -71.1086502 42.3312121
3300 4 144525786 -71.1513886 42.340426
3300 4 144504815 -71.1429726 42.3437988
3300 4 144481985 -71.139804 42.345093
3300 4 144361640 -71.1387761 42.3466294
3300 4 144307440 -71.1537534 42.3408585
3300 5 144032881 -71.1034094 42.3824407
3350 1 144595937 -71.0825486 42.3655033
3350 2 144071164 -71.0711343 42.3457825
3350 3 144159483 -71.0678147 42.3589796
3350 3 143983732 -71.1161724 42.3492979
3375 1 144461181 -71.1012 42.36
3400 1 144586410 -71.111074 42.341239
3400 1 144354644 -71.097831 42.3445655
3400 1 144202733 -71.101413 42.344161
3400 1 144132045 -71.0639031 42.3537237
3400 2 144583377 -71.0542 42.3578
3400 2 144581160 -71.0827615 42.3650926
3400 2 144570426 -71.1100875 42.3363743
3400 2 144480466 -71.0645577 42.3611403
3400 2 144461396 -71.0726541 42.3380736
3400 2 144045470 -71.0663429 42.3593227
3400 3 141401410 -71.1605 42.3169
3400 3 144310056 -71.111052 42.320329
3400 3 144306578 -71.1243702 42.3484975
3400 3 144152151 -71.1051287 42.3466764
3400 4 144587125 -71.1055226 42.379312
3400 4 144409687 -71.141603 42.352066
3400 4 144302928 -71.1251612 42.3516091
3400 4 144196203 -71.1422866 42.3518257
3400 4 144000834 -71.1064064 42.379131
3400 4 143942218 -71.137275 42.3536093
3400 4 143941768 -71.1430234 42.3516684
3425 3 144162239 -71.0784809 42.3842257
3450 3 144131169 -71.1387777 42.3383373
3475 3 140265059 -71.0809 42.4029
3500 1 144611509 -71.0798069 42.3421569
3500 1 144583370 -71.0799 42.3459
3500 1 144426346 -71.0787025 42.3528671
3500 2 144592968 -71.1206131 42.3940936
3500 2 144541720 -71.0658408 42.342322
3500 2 144458114 -71.08995 42.3439609
3500 2 144452607 -71.0781319 42.3517142
3500 2 144329268 -71.0812783 42.3530547
3500 2 144262685 -71.0787025 42.3528671
3500 2 144077777 -71.0726782 42.3439449
3500 2 144063743 -71.1403455 42.3105157
3500 2 143965858 -71.072977 42.343708
3500 2 143917506 -71.0765612 42.3534452
3500 3 144599222 -71.1068344 42.3716172
3500 3 144495399 -71.0564814 42.3670627
3500 3 144440648 -71.0553214 42.3654291
3500 3 144363501 -71.1075904 42.3622872
3500 3 144218235 -71.0627643 42.374493
3500 3 144076957 -71.1076 42.3627
3500 3 143944727 -71.0333435 42.3356628
3500 4 144621938 -71.1213602 42.4034299
3500 4 144357142 -71.0991484 42.3735099
3500 4 144131907 -71.1297936 42.3033246
3500 5 144499961 -71.1580165 42.429643
3500 5 144457457 -71.1620245 42.3540736
3500 5 144438914 -71.131347 42.358011
3500 5 144354779 -71.157864 42.430785
3500 5 144347211 -71.161864 42.3547286
3500 6 144481850 -71.1375987 42.356506
3500 6 144443173 -71.127129 42.415067
3500 6 144418379 -71.1292405 42.3598919
3525 2 144421580 -71.082371 42.3657326
3550 2 144588159 -71.101413 42.344161
3550 2 144324354 -71.068296 42.3418741
3550 4 144499120 -71.0961941 42.369925
3550 4 144062197 -71.0964473 42.3694601
3600 1 144152682 -71.0625313 42.3532468
3600 2 144355290 -71.0687366 42.3610811
3600 2 144323190 -71.0686977 42.3602946
3600 2 144322475 -71.117382 42.3418879
3600 2 144258205 -71.0685 42.3644
3600 2 144011935 -71.1154794 42.330304
3600 3 144528710 -71.1122 42.3652
3600 3 144417215 -71.0995947 42.3431052
3600 3 144345176 -71.0901194 42.3432435
3600 3 144335186 -71.1584068 42.3547925
3600 4 144615168 -71.1189614 42.3914726
3600 4 144588841 -71.1187644 42.3913154
3600 4 144567152 -71.1071447 42.391389
3600 4 144215481 -71.1294977 42.3485093
3600 4 143917350 -71.1292802 42.3526067
3600 5 144407130 -71.157 42.3501
3600 6 144167878 -71.137674 42.348507
3625 2 144386138 -71.1017114 42.3624262
3650 2 144170470 -71.1534066 42.3652859
3650 3 144385682 -71.1230718 42.3346591
3700 2 144628905 -71.1079342 42.3795746
3700 2 144591275 -71.0848203 42.3426949
3700 2 144421507 -71.1036774 42.368976
3700 2 144407548 -71.0606567 42.3651197
3700 2 144349822 -71.06377 42.3633116
3700 2 144222409 -71.139478 42.339357
3700 2 144121480 -71.0582708 42.3643737
3700 2 144063114 -71.1444057 42.3384483
3700 2 144011977 -71.0525687 42.3422707
3700 2 143990934 -71.052577 42.3573337
3700 2 143942778 -71.085076 42.3510948
3700 3 144599046 -71.135626 42.3619002
3700 3 144385573 -71.1085453 42.3614328
3700 3 144222757 -71.08995 42.3439609
3700 5 144152436 -71.1294977 42.3485093
3750 2 144617105 -71.100771 42.3618755
3750 2 144392118 -71.1018776 42.3608311
3750 3 144596172 -71.0867648 42.3434555
3750 3 144536578 -71.1327918 42.3555533
3775 2 144360512 -71.1217686 42.3742822
3800 0 144121574 -71.1051287 42.3466764
3800 2 144382303 -71.0817133 42.3406401
3800 2 144353138 -71.0795833 42.3459002
3800 2 144316746 -71.0701403 42.359494
3800 2 144294184 -71.0660005 42.3611179
3800 2 144093271 -71.1102689 42.3689976
3800 2 144069064 -71.0513118 42.3578879
3800 3 144388811 -71.067381 42.365568
3800 3 144388810 -71.067381 42.365568
3800 3 144355222 -71.0902789 42.3426276
3800 3 144292269 -71.1043 42.346
3800 3 144164668 -71.0870672 42.3459322
3800 3 144087207 -71.1043 42.3459
3800 3 143973108 -71.085 42.3455
3800 4 144502013 -71.1161724 42.3492979
3800 4 144501834 -71.0829756 42.372147
3800 5 144020812 -71.137674 42.348507
3800 6 144203031 -71.1270477 42.3589096
3825 2 144602188 -71.1024657 42.3603595
3850 4 144050654 -71.108231 42.3638059
3875 2 144473255 -71.0803517 42.3463748
3900 2 79127795 -71.054 42.3615
3900 2 144583218 -71.0645599 42.3523583
3900 2 144582869 -71.0769435 42.3542222
3900 2 144059912 -71.0510453 42.3637649
3900 3 144634622 -71.0860549 42.3495702
3900 3 144396679 -71.0800094 42.3703214
3900 3 144142229 -71.0831527 42.3516576
3900 4 144619454 -71.1286661 42.406105
3900 4 144292259 -71.1285 42.3379
3900 4 143999776 -71.0860549 42.3495702
3900 6 144094905 -71.1272686 42.3552401
3950 2 79669133 -71.082 42.3453
3975 3 144615157 -71.1056533 42.3935244
4000 2 144618322 -71.0748013 42.3548058
4000 2 144547126 -71.0688077 42.3579994
4000 2 144348065 -71.0578224 42.3588325
4000 2 144058841 -71.0507611 42.3566736
4000 2 144024988 -71.1341899 42.339426
4000 3 144406050 -71.074247 42.369547
4000 3 144156853 -71.0367311 42.3372448
4000 4 144623366 -71.069324 42.3484359
4000 4 144596104 -71.1524922 42.3385159
4000 4 144589653 -71.0643091 42.3434714
4000 4 144347148 -71.0525063 42.3644559
4000 4 144092489 -71.1096028 42.3331873
4000 5 144512076 -71.1513886 42.340426
4000 5 144335774 -71.150513 42.413675
4000 6 144256540 -71.1262215 42.3550846
4000 7 144133454 -71.1467519 42.352288
4050 2 144217182 -71.1196495 42.3937005
4100 1 144145343 -71.0772091 42.3547485
4100 3 144427910 -71.1098925 42.364832
4100 3 144133654 -71.110172 42.366683
4125 2 144056428 -71.0692578 42.3642187
4125 5 144120127 -71.1387101 42.3522807
4150 2 144599120 -71.057811 42.358274
4150 5 144152325 -71.1389949 42.3530125
4175 2 144600788 -71.0838894 42.3630085
4200 1 144256493 -71.0525945 42.3541445
4200 2 144589427 -71.0724506 42.3554656
4200 2 144403853 -71.0578 42.3583
4200 3 143913266 -71.1111955 42.3404487
4200 4 144166685 -71.105577 42.3319341
4200 4 144100850 -71.1232827 42.3433998
4200 5 144596905 -71.1096028 42.3331873
4200 6 144480750 -71.139804 42.345093
4200 6 144000180 -71.1301596 42.353588
4225 3 144362976 -71.0973979 42.3437041
4250 2 144600303 -71.0792549 42.3456824
4250 4 144392227 -71.137674 42.348507
4300 2 144330774 -71.102601 42.3432933
4300 4 144611012 -71.0333032 42.3339822
4300 5 144603551 -71.11948 42.3881742
4300 5 144602202 -71.1314505 42.3511566
4325 2 80256084 -71.111 42.3412
4350 2 144171453 -71.0535197 42.3754628
4400 2 144501577 -71.0709446 42.3469842
4400 2 144356677 -71.097831 42.3445655
4400 3 144412125 -71.0756 42.3465
4400 3 144352012 -71.075842 42.345361
4400 3 144304640 -71.1263728 42.3958396
4400 3 144096096 -71.1271 42.3957
4400 3 144062295 -71.0506356 42.3475731
4400 3 143904577 -71.1070457 42.3478447
4400 4 144616571 -71.1115765 42.3629279
4400 4 143928329 -71.0882349 42.3464094
4450 2 144333772 -71.0444034 42.3379945
4500 0 143934600 -71.0660298 42.3508573
4500 2 144583214 -71.0860549 42.3495702
4500 2 144581333 -71.0825773 42.3505074
4500 2 144062548 -71.0866201 42.3507339
4500 2 143930009 -71.0845499 42.3499751
4500 3 144552353 -71.0525783 42.3620086
4500 4 144358622 -71.110172 42.366683
4500 4 144356141 -71.1100367 42.3659122
4500 4 144009934 -71.1138044 42.3861048
4500 6 144363144 -71.1265833 42.4043383
4525 2 118847867 -71.053 42.3539
4575 2 88926310 -71.1431 42.3596
4600 1 144612170 -71.0743535 42.348941
4600 4 144443161 -71.1030891 42.330528
4600 5 143922458 -71.1187684 42.3111815
4600 6 144364438 -71.1272773 42.4033029
4600 6 144361808 -71.1267284 42.4041244
4600 6 144052598 -71.1266242 42.4040658
4600 6 144050104 -71.1266 42.4041
4625 3 79669136 -71.082 42.3453
4650 6 144461701 -71.0311377 42.3659527
4700 3 144257799 -71.06377 42.3633116
4700 6 144222640 -71.1294977 42.3485093
4750 0 144521522 -71.100887 42.334192
4750 0 144115560 -71.0909548 42.348831
4750 2 143995242 -71.0928292 42.3488369
4750 4 144586897 -71.101997 42.369704
4800 1 144456706 -71.0642373 42.3533878
4800 3 144133510 -71.0933376 42.349872
4800 4 144447028 -71.1080271 42.3317519
4800 4 144445233 -71.1070712 42.3332465
4800 4 144407661 -71.0525094 42.3671848
4800 4 144132080 -71.0527802 42.366227
4800 4 143966449 -71.0528475 42.3658295
4800 6 144354349 -71.1339168 42.3616005
4900 1 144550993 -71.0821 42.3487
4900 2 144617079 -71.0834749 42.3638393
4900 3 144564949 -71.0818 42.3453
4900 7 144070555 -71.147106 42.339389
4950 3 144471484 -71.0528475 42.3658295
5000 1 144173956 -71.0848203 42.3426949
5000 2 144230224 -71.0760072 42.3522874
5000 3 143952222 -71.0632865 42.3639803
5000 4 144165901 -71.1681071 42.3506594
5075 3 144327743 -71.1112567 42.3351694
5100 3 144593052 -71.0638352 42.3611579
5100 4 144272654 -71.1070457 42.3478447
5250 6 143916059 -71.130517 42.3547836
5250 7 144257250 -71.1252543 42.3605071
5300 5 143920092 -71.128124 42.3463721
5300 7 144242625 -71.1319792 42.3558405
5325 2 144255863 -71.1000215 42.343973
5400 2 144357176 -71.0510044 42.3770377
5500 2 144477634 -71.0805 42.3502
5500 2 144387562 -71.0790937 42.345762
5500 2 144328796 -71.064383 42.3593513
5500 2 144243394 -71.079884 42.3503136
5500 2 144068578 -71.097776 42.337053
5500 3 144570754 -71.0825 42.3655
5500 3 144502146 -71.0825486 42.3655033
5500 3 144477637 -71.0674 42.3656
5600 7 144597119 -71.1513886 42.340426
5650 1 144068843 -71.0769113 42.3492941
5675 3 124262258 -71.0397 42.3489
5700 2 144323551 -71.0697236 42.3496558
5750 2 144613968 -71.1017053 42.3599185
5750 4 144470620 -71.0780693 42.3405216
5750 4 143942365 -71.0892838 42.3503875
5900 1 144494394 -71.0845499 42.3499751
5900 3 144443296 -71.101413 42.344161
5900 3 144196494 -71.0795833 42.3459002
5950 7 144401539 -71.1271067 42.3546145
6000 2 144440358 -71.0741553 42.3485513
6000 2 144412925 -71.0742 42.3486
6000 2 144295709 -71.0714019 42.3416988
6000 2 144217231 -71.0772091 42.3547485
6000 2 144063839 -71.0507847 42.3570386
6000 2 144023359 -71.0731496 42.343155
6000 2 144000823 -71.0790707 42.3536459
6000 2 143973101 -71.0779 42.3447
6000 3 79127794 -71.054 42.3615
6000 3 144619232 -71.0788332 42.3401192
6000 3 144595870 -71.0983021 42.3816555
6000 3 144587752 -71.080466 42.3416186
6000 3 144432161 -71.0785186 42.3432039
6000 3 144363348 -71.1214881 42.3503716
6000 3 144264437 -71.0977947 42.3816661
6000 3 144258508 -71.0525945 42.3541445
6000 3 144080384 -71.0511 42.3659
6000 3 144057612 -71.0510453 42.3637649
6000 4 120595725 -71.111 42.3412
6000 4 144353390 -71.1250728 42.3443536
6000 4 144155894 -71.0798069 42.3421569
6000 5 144323577 -71.13753 42.32993
6000 5 144205204 -71.1299146 42.3369967
6000 5 144024997 -71.1540151 42.30575
