125 2 246692306 -71.0832103 42.3821895
125 2 246852702 -71.058938 42.28521
150 2 246852700 -71.084072 42.351662
200 3 246852701 -71.0649775 42.2996944
300 1 246887453 -71.071525 42.3381492
600 0 246690793 -71.034508 42.336271
800 1 246694228 -71.086367 42.273176
800 1 243359724 -71.1422 42.3416
900 1 243359717 -71.1547 42.3394
975 0 243330669 -71.1355 42.3607
975 1 243129678 -71.1402 42.347
1000 3 246822536 -71.153097 42.266914
1100 0 246113739 -71.1025 42.3751
1100 0 246112784 -71.1031 42.3756
1100 1 246809862 -71.137 42.287
1175 0 246490434 -71.1075 42.3726
1200 0 244504066 -71.0707 42.4278
1200 0 246772402 -71.0579168 42.2980282
1200 0 245641160 -71.1072 42.3315
1200 1 246870239 -71.0825225 42.3693473
1250 1 246690794 -71.062194 42.425446
1250 2 246851322 -70.986745 42.3713057
1300 0 244371521 -71.1606 42.3499
1300 0 244718625 -71.144 42.3431
1300 0 245259346 -71.1409 42.3441
1300 0 244841423 -71.1407 42.3489
1300 0 244717001 -71.1409 42.3441
1300 1 246879154 -71.0764 42.3239
1300 1 244843087 -71.0702 42.3297
1325 0 242261584 -71.0568 42.2843
1325 0 246857935 -71.1358845 42.3459311
1350 0 246248779 -71.1283 42.3524
1350 0 242749651 -71.1353 42.3473
1350 0 246685841 -71.1309 42.3531
1350 0 246256419 -71.1366 42.347
1350 1 245641857 -71.1318 42.353
1350 1 246191289 -71.1275 42.3522
1350 1 246807038 -71.023841 42.2751779
1350 1 246776824 -71.0776639 42.4195521
1375 0 246287080 -71.1372 42.3466
1375 0 246287075 -71.14 42.3497
1375 0 246290159 -71.1317 42.3489
1375 0 237821645 -71.1385 42.3479
1375 1 246642157 -71.0376 42.3706
1375 1 246796010 -71.1112857 42.4194138
1400 0 246885423 -71.1095 42.3452
1400 0 246285698 -71.1116 42.3315
1400 0 241353908 -71.0939 42.3482
1400 0 240730359 -71.1308 42.3498
1400 0 240146180 -71.1307 42.3497
1400 0 245933976 -71.1039 42.3463
1400 0 240730311 -71.1304 42.3499
1400 0 246873912 -71.137749 42.3484226
1400 0 246834853 -71.1602509 42.3584638
1400 1 246848462 -71.1522 42.3384
1400 1 246190946 -71.1507 42.3376
1400 1 246804064 -71.0899 42.3181
1400 1 246666827 -71.1459 42.4091
1400 1 244394812 -71.1458 42.4088
1400 1 243797919 -71.1084 42.4005
1425 0 246619782 -71.148 42.3372
1450 0 246641383 -71.135 42.3466
1450 0 246685662 -71.0974 42.3428
1450 1 246887414 -71.1385597 42.3467273
1450 1 244398960 -71.1545 42.349
1450 1 246294600 -71.1765 42.3681
1450 1 245746607 -71.0937 42.3283
1450 1 239813421 -71.1324 42.351
1450 1 244536136 -70.9876 42.3976
1450 1 245063123 -71.1537 42.3679
1450 1 246056461 -71.0937 42.3283
1450 1 240243520 -71.1368 42.3489
1450 1 235376918 -71.1447 42.3424
1450 1 233113033 -71.1485 42.3418
1475 0 246685875 -71.1287 42.3508
1475 0 246598258 -71.1258 42.3507
1475 0 244427364 -71.1253 42.3514
1475 0 246717671 -71.1292 42.3509
1475 1 246787646 -71.0301 42.2839
1475 1 246455820 -71.152 42.3552
1475 1 246772392 -71.146652 42.342533
1475 1 206040895 -71.0968 42.2766
1500 0 246797987 -71.1401 42.3477
1500 0 246235207 -71.1359 42.3477
1500 0 241311401 -71.1548 42.3413
1500 0 245056205 -71.1438 42.3441
1500 0 245056204 -71.1434 42.344
1500 0 240721238 -71.1681 42.3506
1500 0 246287077 -71.1302 42.3532
1500 0 245315538 -71.0959 42.3434
1500 1 243330663 -71.1361 42.3504
1500 1 244372119 -71.1527 42.3382
1500 1 243331397 -71.1376 42.3473
1500 1 240977162 -71.1406 42.3526
1500 1 243670272 -71.148 42.355
1500 1 245310239 -71.0393 42.3769
1500 1 246111850 -71.1075 42.3722
1500 1 246597894 -71.0391 42.3742
1500 1 245473817 -71.1072 42.3677
1500 2 246804988 -71.158 42.4099
1500 2 246344725 -71.0298 42.2705
1500 2 244243765 -71.0861 42.4117
1525 0 235542099 -71.1446 42.3451
1525 0 243846927 -71.1358 42.3478
1525 0 243907475 -71.1444 42.3445
1525 0 246584097 -71.1353 42.348
1525 0 246236132 -71.1563 42.3393
1525 0 245476160 -71.1355 42.3484
1525 1 246382655 -71.1369 42.3484
1525 1 244089543 -71.1253 42.351
1525 1 245987379 -71.0568 42.2843
1525 1 239810793 -71.1401 42.3453
1525 1 246685846 -71.1097 42.3503
1525 2 246285697 -71.1137 42.2996
1550 0 245595881 -71.0832 42.3412
1550 0 245263563 -71.1004 42.3419
1550 0 233114298 -71.1358 42.3477
1550 0 244995228 -71.1723 42.3196
1550 1 246849603 -71.132 42.3552
1550 1 240734557 -71.1309 42.3537
1550 1 239811045 -71.1464 42.3423
1550 1 233473275 -71.1372 42.3525
1550 1 233970009 -71.146 42.3425
1550 1 234809306 -71.1465 42.3424
1550 1 245999159 -71.1384 42.2779
1550 1 233643449 -71.1371 42.3523
1550 1 233644015 -71.083 42.3265
1550 2 245591193 -71.1237 42.2904
1575 0 245933969 -71.0713 42.3484
1575 0 245933987 -71.0996 42.3419
1575 0 243851545 -71.0995 42.3421
1575 0 240485904 -71.0976 42.3428
1575 0 239810812 -71.1352 42.3481
1575 0 239858482 -71.0905 42.3471
1575 1 246827468 -71.1346 42.3549
1575 1 246886227 -71.1646 42.2773
1575 1 243008281 -71.1376 42.3486
1575 1 240195202 -71.158 42.3398
1600 0 246805475 -71.071 42.3592
1600 0 240720492 -71.0786 42.3384
1600 0 245820534 -71.1237 42.3834
1600 0 246685715 -71.1037 42.3343
1600 0 246093747 -71.0961 42.3703
1600 0 246424945 -71.0785 42.3384
1600 0 245901608 -71.0671 42.3593
1600 0 245056210 -71.15 42.3396
1600 0 246384566 -71.1017 42.3424
1600 0 246424598 -71.0785 42.338
1600 0 246112785 -71.121 42.3785
1600 0 246112577 -71.1027 42.3705
1600 0 246858615 -71.0883776 42.3414667
1600 1 246874184 -71.057975 42.366893
1600 1 246328520 -71.0206 42.399
1600 1 245063138 -71.1511 42.3374
1600 1 244761911 -71.1479 42.3403
1600 1 246236131 -71.1456 42.3422
1600 1 245824084 -71.0843 42.3354
1600 1 246384607 -71.1379 42.3472
1600 1 240070854 -71.1451 42.3373
1600 1 241099208 -71.1538 42.3406
1600 1 244030331 -71.1319 42.3545
1600 1 244094545 -71.1512 42.3503
1600 1 246384624 -71.1281 42.3613
1600 1 246108839 -71.1129 42.3874
1600 1 246256909 -71.1283 42.3612
1600 1 241849928 -71.1506 42.3366
1600 1 245747984 -71.1286 42.3613
1600 1 246290074 -71.1324 42.3538
1600 1 246002996 -71.0843 42.3354
1600 1 246114415 -71.1058 42.3842
1600 1 244326687 -71.0572 42.3657
1600 1 246700557 -71.0859432 42.3489221
1600 1 243359711 -71.1458 42.3421
1600 1 246110938 -71.0964 42.3784
1600 1 246114621 -71.1062 42.3716
1600 2 246887115 -71.1521182 42.26556
1600 2 246887479 -71.0546234 42.4240043
1600 2 246847796 -71.1370023 42.3917486
1600 2 246191290 -71.1275 42.3522
1600 2 246110941 -71.0917 42.3838
1600 2 246113730 -71.09 42.3791
1600 2 245473830 -71.0818 42.3685
1600 2 246749371 -71.058863 42.289568
1600 3 246436392 -71.0624 42.4107
1625 1 246619786 -71.1115 42.3331
1625 1 246235203 -71.1238 42.352
1625 1 241849435 -71.1433 42.3425
1625 1 239819224 -71.1354 42.3466
1625 1 246619829 -71.1386 42.3477
1625 1 245402831 -71.0574 42.4053
1625 1 245641682 -71.1385 42.3475
1625 2 243880521 -71.1255 42.3512
1650 0 246787092 -71.1247 42.3934
1650 0 246886091 -71.0898 42.3508
1650 0 246797982 -71.088 42.3434
1650 0 246848877 -71.0895 42.3456
1650 0 246003656 -71.0983 42.3425
1650 0 245592796 -71.097 42.342
1650 0 241354222 -71.1047 42.3434
1650 0 245056450 -71.1499 42.3397
1650 0 246597668 -71.088 42.3434
1650 0 245519240 -71.0898 42.3508
1650 1 246884332 -71.1554 42.3482
1650 1 239813556 -71.1459 42.3424
1650 1 233969941 -71.1351 42.3548
1650 1 243417231 -71.1381 42.3527
1650 1 243763370 -71.1512 42.3397
1650 1 240197628 -71.1397 42.35
1650 1 225489198 -71.1358 42.3477
1650 1 239819533 -71.1403 42.3502
1650 1 246235576 -71.1406 42.3463
1650 1 243417246 -71.1495 42.3396
1650 1 243331074 -71.15 42.3472
1650 1 245261928 -71.1116 42.333
1650 1 242136722 -71.1563 42.3393
1650 1 244371887 -71.1501 42.3409
1650 1 244372122 -71.1527 42.3379
1650 1 239811063 -71.135 42.3549
1650 1 246384591 -71.1369 42.3524
1650 1 246114237 -71.0823 42.3708
1650 1 241459394 -71.1462 42.3372
1650 1 246235993 -71.1474 42.341
1650 1 239810652 -71.1321 42.3507
1650 1 240821438 -71.1321 42.3538
1650 1 246384587 -71.1346 42.3549
1650 1 239819534 -71.1401 42.3503
1650 1 246641138 -71.1366 42.3526
1650 1 241849460 -71.1475 42.3442
1650 1 246834962 -71.1440948 42.3440831
1650 1 228142955 -71.1346 42.3465
1650 1 228348773 -71.0298 42.3944
1650 1 245521267 -71.1388 42.349
1650 1 246423276 -71.1389 42.353
1650 1 243059629 -71.1299 42.3536
1650 1 244759389 -71.1359 42.3382
1650 1 234809953 -71.1354 42.3544
1650 1 228376640 -71.1353 42.3541
1650 1 246384547 -71.0935 42.3466
1650 1 246256420 -71.1358 42.3464
1650 1 246732385 -71.1072 42.373
1650 1 246110899 -71.0965 42.3742
1650 1 237822829 -71.1355 42.3547
1650 1 246114465 -71.1021 42.3752
1650 2 246887476 -71.054228 42.313182
1650 2 244945242 -71.1816 42.3797
1650 2 243417201 -71.1404 42.3452
1650 2 246817955 -71.0399225 42.407433
1650 2 244916549 -71.1566 42.368
1675 0 228348739 -71.0298 42.3944
1675 1 246886072 -71.1368 42.3463
1675 1 246804276 -71.1737 42.3515
1675 1 241849555 -71.1428 42.3428
1675 1 245746945 -71.1258 42.3507
1675 1 239813525 -71.1347 42.3466
1675 1 243762835 -71.1503 42.3415
1675 1 246287086 -71.1372 42.3473
1675 1 240722708 -71.132 42.3539
1675 1 246804257 -71.1737 42.3515
1675 1 246287083 -71.1259 42.3506
1675 1 244505185 -71.1028 42.3165
1675 1 246694216 -71.1385515 42.3380814
1675 1 246110790 -71.1332 42.3735
1675 2 246787647 -71.0301 42.2839
1675 2 245126822 -71.148 42.3372
1700 0 245593481 -71.0784 42.3536
1700 0 245877471 -71.1265 42.342
1700 0 246557147 -71.0857 42.3505
1700 0 246383422 -71.0935 42.3469
1700 0 246384555 -71.0942 42.3461
1700 0 241230223 -71.0677 42.3599
1700 0 245934295 -71.0566 42.3639
1700 0 243797646 -71.1145 42.3318
1700 0 244840959 -71.0941 42.3464
1700 0 246738282 -71.0857 42.3516
1700 0 246489984 -71.1063 42.3448
1700 0 246473027 -71.1211 42.3781
1700 0 246685648 -71.0892 42.3414
1700 0 240354112 -71.0784 42.3536
1700 1 246886236 -71.16 42.3494
1700 1 246871812 -71.1117 42.3334
1700 1 235789222 -71.1459 42.3419
1700 1 241145557 -71.1282 42.3527
1700 1 228143135 -71.1384 42.346
1700 1 243907504 -71.1531 42.3451
1700 1 246514373 -71.1738 42.3516
1700 1 233114359 -71.1434 42.344
1700 1 246763956 -71.0963 42.3979
1700 1 240720756 -71.1348 42.3465
1700 1 240146082 -71.1433 42.3441
1700 1 246003010 -71.1068 42.3983
1700 1 246685515 -71.1455 42.3428
1700 1 246235373 -71.1303 42.3494
1700 1 241018226 -71.144 42.3411
1700 1 243256038 -71.1338 42.3393
1700 1 245747889 -71.1471 42.3422
1700 1 244326846 -71.1389 42.3543
1700 1 240722617 -71.1479 42.3541
1700 1 245877857 -71.0768 42.3437
1700 1 246764015 -71.0298 42.3944
1700 1 243797627 -71.0873 42.3711
1700 1 246684725 -71.1258 42.351
1700 1 244681464 -71.1492 42.3392
1700 1 246617853 -71.116 42.3871
1700 1 245666736 -71.15 42.3398
1700 1 236763904 -71.0566 42.3639
1700 1 246857944 -71.175665 42.38131
1700 1 240723945 -71.0832 42.3355
1700 1 246847761 -71.1507823 42.3377903
1700 1 243331580 -71.1505 42.3415
1700 1 246847821 -71.0472561 42.3374066
1700 1 246858629 -71.1759552 42.3810862
1700 1 246738288 -71.1296 42.351
1700 2 246790857 -71.1561 42.3386
1700 2 246619789 -71.1003 42.3961
1700 2 246887484 -70.9940642 42.4072992
1700 2 244459319 -71.1579 42.3458
1700 2 246598217 -71.149 42.2859
1700 2 246670393 -71.1492 42.3572
1700 2 243797363 -71.1579 42.3458
1700 2 246455674 -71.1804 42.3768
1700 2 244460917 -71.1157 42.3027
1700 2 243762843 -71.1488 42.347
1700 2 245261159 -71.1143 42.2895
1700 2 244944803 -71.1596 42.372
1700 2 243721766 -71.1669 42.3484
1700 2 246641378 -71.1292 42.2739
1700 2 245747882 -71.1677 42.3472
1700 2 244371481 -71.1401 42.3592
1700 2 246847775 -71.134711 42.291044
1700 3 246001791 -71.1543 42.3659
1700 3 246686388 -71.1247 42.4157
1700 3 240821448 -71.15 42.341
1725 0 246885446 -71.0828 42.3497
1725 0 246849435 -71.0983 42.3415
1725 0 246884900 -71.0983 42.3415
1725 0 246513282 -71.0828 42.3497
1725 1 246827498 -71.1727 42.3516
1725 1 246849423 -71.1298 42.3536
1725 1 239813541 -71.151 42.3398
1725 1 246235643 -71.1394 42.3492
1725 1 235542164 -71.1438 42.3441
1725 1 233209372 -71.1434 42.3442
1725 1 233643830 -71.1433 42.3441
1725 1 239813547 -71.1352 42.3465
1725 1 245235556 -71.1081 42.416
1725 1 239812095 -71.1302 42.3577
1725 1 243417192 -71.1402 42.3481
1725 1 246772433 -71.028042 42.33513
1750 0 246797702 -71.0984 42.3414
1750 0 244326732 -71.0999 42.3422
1750 0 245063354 -71.0901 42.3504
1750 0 245260378 -71.0372 42.3711
1750 0 244372027 -71.0679 42.3596
1750 0 246554257 -71.0831 42.3427
1750 0 240821287 -71.0723 42.3548
1750 0 246684745 -71.1189 42.3412
1750 0 245933816 -71.0723 42.3548
1750 0 241311665 -71.0731 42.3469
1750 1 246872002 -71.1356 42.3484
1750 1 246790726 -71.1434 42.3436
1750 1 246805374 -71.107 42.3033
1750 1 240821469 -71.1529 42.3381
1750 1 246054978 -71.106 42.333
1750 1 244847382 -71.0692 42.4281
1750 1 245056508 -71.1455 42.3415
1750 1 246775349 -71.1449 42.3416
1750 1 246738482 -71.1449 42.3416
1750 1 233316578 -71.136 42.3479
1750 1 246425031 -71.0568 42.3638
1750 1 246669207 -71.1035 42.3693
1750 1 246382921 -71.0963 42.3439
1750 1 246295809 -71.0568 42.3638
1750 1 246555001 -71.1105 42.3952
1750 1 246657703 -71.1288 42.3534
1750 1 244279904 -71.1049 42.3769
1750 1 240547619 -71.1358 42.3528
1750 1 246853842 -71.1523872 42.3383204
1750 2 246886087 -71.1136 42.3883
1750 2 245147425 -71.1677 42.3472
1750 2 244160287 -71.0928 42.3861
1750 2 246738412 -71.1573 42.3496
1750 2 244243762 -71.0581 42.407
1750 2 246514613 -71.148 42.2707
1750 2 246456016 -71.1369 42.3484
1750 2 242037313 -71.1725 42.3633
1750 2 246870255 -71.015058 42.265316
1750 2 244326858 -71.1712 42.3497
1750 2 245361524 -71.1713 42.3498
1750 2 246455394 -71.1524 42.3402
1750 2 239758946 -71.1459 42.3419
1750 2 246641915 -71.1499 42.3396
1750 2 243671228 -71.1367 42.3473
1750 2 246113742 -71.0878 42.3739
1775 0 246797706 -71.0976 42.342
1775 0 243255730 -71.0661 42.3602
1775 1 240942616 -71.1444 42.3445
1775 1 245824302 -71.1361 42.3508
1775 1 246384537 -71.1499 42.3397
1775 1 240942652 -71.1478 42.3404
1775 1 239822198 -71.1442 42.343
1775 1 239813430 -71.1441 42.3414
1775 1 235788821 -71.1481 42.3402
1775 1 233111952 -71.1515 42.3406
1775 1 245056497 -71.1446 42.3451
1775 2 243059556 -71.1456 42.3422
1800 0 246884329 -71.0851 42.3488
1800 0 245641055 -71.0862 42.3418
1800 0 243460039 -71.0731 42.3469
1800 0 245934845 -71.0658 42.3588
1800 0 226429261 -71.131 42.3398
1800 0 243670298 -71.0566 42.3654
1800 0 245474057 -71.0356 42.3973
1800 0 246054706 -71.0862 42.3418
1800 0 246817957 -71.0855855 42.3490266
1800 0 239743568 -71.074 42.3365
1800 1 246887154 -71.128834 42.353433
1800 1 246805310 -71.1585 42.34
1800 1 246797708 -71.0945 42.3461
1800 1 246805440 -71.1586 42.3402
1800 1 233209987 -71.144 42.3431
1800 1 239813429 -71.1358 42.3485
1800 1 239810798 -71.1289 42.3507
1800 1 245398747 -71.1039 42.3464
1800 1 245056472 -71.1442 42.3429
1800 1 246383421 -71.056 42.365
1800 1 245260223 -71.1241 42.3417
1800 1 244801326 -71.148 42.3403
1800 1 241850213 -71.1492 42.3573
1800 1 246384525 -71.0943 42.3458
1800 1 245820581 -71.1131 42.3833
1800 1 243417242 -71.1304 42.3575
1800 1 243532989 -70.9917 42.412
1800 1 245668020 -71.1402 42.3452
1800 1 245745356 -71.0679 42.3611
1800 1 245563042 -71.0996 42.399
1800 1 241354277 -71.1345 42.3613
1800 1 246490449 -71.1126 42.3058
1800 1 246384532 -71.1241 42.3411
1800 1 244916053 -71.1299 42.3383
1800 1 246383188 -71.056 42.365
1800 1 244427444 -71.0654 42.3576
1800 1 246598057 -71.1059 42.3049
1800 1 246853984 -71.0928762 42.3682961
1800 1 240724014 -71.074 42.3365
1800 1 246110648 -71.1093 42.3731
1800 1 246111607 -71.0916 42.3726
1800 2 246827516 -71.1346 42.3549
1800 2 246848342 -71.1666 42.303
1800 2 244801508 -71.1813 42.3754
1800 2 241849944 -71.1614 42.3516
1800 2 246425678 -71.113 42.3133
1800 2 243671526 -71.1686 42.3526
1800 2 246480272 -71.0315 42.3963
1800 2 246359508 -71.1495 42.3467
1800 2 246805477 -71.1666 42.303
1800 2 244058208 -71.1492 42.3573
1800 2 246514616 -71.1616 42.2928
1800 2 245640356 -71.1313 42.3589
1800 2 244285304 -71.1692 42.3527
1800 2 245473689 -71.1211 42.3261
1800 2 246805470 -71.1668 42.303
1800 2 243570797 -71.1658 42.3761
1800 2 244371587 -71.182 42.3766
1800 2 246671906 -71.1585 42.3465
1800 2 239825108 -71.1337 42.3502
1800 2 246717992 -71.1625 42.3693
1800 2 243255449 -71.1687 42.3526
1800 2 244371578 -71.1605 42.3468
1800 2 243417198 -71.1349 42.3499
1800 2 246658058 -71.0607 42.4167
1800 2 245912195 -71.0877 42.3978
1800 2 244579862 -71.108 42.3994
1800 2 245261277 -71.1068 42.3983
1800 2 246382958 -71.0906 42.3456
1800 2 241265386 -71.1586 42.3514
1800 2 243060014 -71.1416 42.3603
1800 2 243330662 -71.1397 42.35
1800 2 244285225 -71.1009 42.3287
1800 2 241265350 -71.1238 42.3273
1800 2 244398656 -71.1423 42.3419
1800 2 244540615 -71.1479 42.354
1800 2 246044495 -71.1692 42.3527
1800 2 242037364 -71.1468 42.3437
1800 2 244030485 -71.1093 42.3185
1800 2 242372060 -71.0858 42.3821
1800 2 243331551 -71.1418 42.3605
1800 2 246110900 -71.0994 42.3746
1800 2 246721040 -71.1340161 42.414135
1800 2 224596398 -71.1553 42.3484
1800 3 246804167 -71.0942 42.4247
1800 3 246738307 -71.1316 42.3597
1800 3 244913162 -71.0933 42.2847
1800 3 245560688 -71.0763 42.2733
1800 3 245045001 -71.0555 42.4152
1800 4 246423106 -71.0737 42.3232
1825 0 245593962 -71.0651 42.3593
1825 0 240978011 -71.0653 42.3592
1825 1 240197005 -71.135 42.3481
1825 1 242472584 -71.1357 42.3484
1825 1 246054370 -71.1357 42.3379
1825 1 245056444 -71.1352 42.3481
1825 1 246110552 -71.0783 42.386
1825 1 244235684 -71.1499 42.3396
1825 1 239981639 -71.1294 42.3411
1850 0 243255786 -71.0643 42.3597
1850 0 246003079 -71.0994 42.3379
1850 1 241264917 -71.1295 42.3483
1850 1 243797689 -71.0919 42.3723
1850 1 245056451 -71.1499 42.3397
1850 1 243762876 -71.0877 42.3456
1850 1 246346462 -71.1546 42.35
1850 1 243936649 -71.1116 42.3242
1850 1 244372023 -71.0832 42.3413
1850 1 241035444 -71.1067 42.3466
1850 1 245595883 -71.0827 42.3415
1850 1 244131861 -71.0838 42.3686
1850 1 246384533 -71.1612 42.3403
1850 1 246641166 -71.1095 42.3456
1850 1 245934135 -71.0831 42.3412
1850 1 243217749 -71.0682 42.3594
1850 1 245877876 -71.1088 42.345
1850 1 244801349 -71.0984 42.3408
1850 1 242271509 -71.1222 42.3295
1850 1 244199004 -71.1052 42.3619
1850 1 246870067 -71.0654667 42.377025
1850 2 246828197 -71.1271 42.3582
1850 2 239811081 -71.1348 42.3542
1850 2 246738342 -71.1498 42.268
1850 2 246383988 -71.1352 42.3496
1850 2 244945225 -71.1703 42.3659
1850 2 243532988 -70.9917 42.412
1850 2 240146159 -71.1352 42.3469
1850 2 244131859 -71.0906 42.3806
1850 2 244371594 -71.1622 42.3233
1850 2 233643961 -71.1407 42.3491
1850 2 243217718 -71.1593 42.3398
1850 2 246595755 -71.1346 42.3549
1850 2 240730145 -71.1269 42.3582
1850 3 244545814 -71.0966 42.3259
1850 3 246381713 -71.0436 42.2867
1875 1 243851458 -71.0964 42.3429
1875 1 243217747 -71.1387 42.3491
1875 1 245056213 -71.1503 42.3398
1875 1 246685173 -71.1456 42.3406
1875 1 241667990 -71.0971 42.3421
1875 1 243217756 -71.1302 42.3383
1875 1 229148119 -71.0953 42.3436
1875 2 246887447 -71.1092904 42.3846012
1875 2 246849602 -71.132 42.3552
1875 2 244398691 -71.1636 42.3567
1875 2 246250452 -71.0308 42.2843
1875 2 245048008 -71.0957 42.3824
1875 2 243936848 -71.0931 42.3783
1875 2 243331595 -71.1582 42.3494
1875 2 246110640 -71.1053 42.3773
1875 3 246849540 -71.073 42.2821
1875 3 244398559 -71.1492 42.3541
1900 0 246886076 -71.0873 42.3426
1900 0 246884559 -71.068 42.3589
1900 0 246885472 -71.0873 42.3426
1900 0 246093763 -71.0723 42.3466
1900 0 246295736 -71.0696 42.3606
1900 0 246298899 -71.0944 42.3497
1900 0 246346694 -71.068 42.3589
1900 1 246805216 -71.088 42.3454
1900 1 246490668 -71.0785 42.3384
1900 1 245745375 -71.1569 42.3692
1900 1 246348160 -71.1202 42.3803
1900 1 246111069 -71.1205 42.3905
1900 1 245361625 -71.1636 42.3567
1900 1 244398733 -71.1269 42.3514
1900 1 243936606 -71.1314 42.3983
1900 1 245866554 -71.1688 42.3397
1900 1 246384606 -71.095 42.3502
1900 1 246110627 -71.0919 42.3724
1900 1 245260305 -71.0751 42.3452
1900 1 245311343 -71.057 42.3658
1900 1 243762884 -71.1282 42.3363
1900 1 245933990 -71.0971 42.3429
1900 1 243255585 -71.1166 42.3867
1900 1 245822974 -71.1283 42.3378
1900 1 245561003 -71.0949 42.3502
1900 1 245823469 -71.1253 42.3803
1900 1 237985902 -71.097 42.3431
1900 1 246110964 -71.1166 42.3867
1900 1 246110904 -71.1192 42.3904
1900 2 246686436 -71.0305 42.2847
1900 2 246658293 -71.1292 42.3543
1900 2 244847381 -71.0692 42.4281
1900 2 244326755 -71.1356 42.3462
1900 2 246110940 -71.1112 42.3952
1900 2 241145090 -71.1296 42.351
1900 2 246719620 -71.1289 42.3507
1900 2 243417232 -71.1351 42.3548
1900 2 246490592 -71.1275 42.3522
1900 2 246347111 -71.1164 42.3456
1900 2 235376066 -71.1366 42.3466
1900 2 246641318 -71.1729 42.3668
1900 2 244995240 -71.1719 42.3201
1900 2 245820385 -71.153 42.3492
1900 2 244398773 -71.149 42.3388
1900 2 246384569 -71.1356 42.3464
1900 2 246111890 -71.103 42.3962
1900 2 244371606 -71.1556 42.3734
1900 2 246093871 -71.113 42.3054
1900 2 239981382 -71.1367 42.3495
1900 2 244459724 -71.1567 42.3911
1900 2 241459395 -71.1462 42.3372
1900 2 242271517 -71.1643 42.3463
1900 2 236553168 -70.9921 42.4101
1900 2 246236044 -71.1352 42.3465
1900 2 243128910 -71.1326 42.3985
1900 2 242372065 -71.0912 42.3804
1900 2 246295628 -71.1004 42.385
1900 2 244371621 -71.0783 42.3711
1900 2 244371447 -71.1162 42.331
1900 2 243936962 -71.0894 42.3891
1900 2 244916056 -71.1462 42.3265
1900 2 244285660 -71.103 42.3962
1900 2 244371752 -71.1417 42.3416
1900 2 242371583 -71.1488 42.3538
1900 2 246847827 -71.1279042 42.2825865
1900 2 246455979 -71.1546 42.376
1900 2 245641062 -71.1035 42.3073
1900 2 246093933 -71.0382 42.3799
1900 2 244371603 -71.1558 42.3735
1900 2 237818716 -71.1368 42.3534
1900 3 244916472 -71.1528 42.3739
1925 1 246805519 -71.0961 42.3429
1925 1 243851497 -71.0976 42.3428
1925 1 243851484 -71.1 42.341
1925 1 243763116 -71.0965 42.3428
1925 1 243851296 -71.1004 42.3428
1925 1 245933988 -71.0973 42.3425
1925 1 244235777 -71.1236 42.3488
1925 1 239812384 -71.0965 42.3428
1925 1 241673168 -71.1004 42.3428
1925 2 246886025 -71.1291 42.3542
1925 2 239810802 -71.129 42.3497
1925 2 241099278 -71.1585 42.34
1925 2 245433175 -71.1385 42.3465
1925 2 245056442 -71.1343 42.347
1925 3 242372145 -71.095 42.3893
1950 0 245594054 -71.0736 42.3465
1950 0 245398796 -71.0855 42.3504
1950 0 246072518 -71.0669 42.3657
1950 0 246641989 -71.0997 42.342
1950 1 246883283 -71.1286 42.3403
1950 1 246804211 -71.0936 42.3499
1950 1 243798051 -71.1004 42.3428
1950 1 246424952 -71.1003 42.3422
1950 1 245933989 -71.0976 42.3428
1950 1 246709144 -71.1343 42.3742
1950 1 245398800 -71.0549 42.3656
1950 1 245315732 -71.1037 42.3343
1950 1 243155308 -71.0761 42.3355
1950 1 240354553 -71.1315 42.3386
1950 1 245263417 -71.0962 42.3428
1950 1 241850897 -71.0973 42.3425
1950 1 244402348 -71.0481 42.3316
1950 1 243763108 -71.0967 42.3428
1950 1 246804619 -71.0891 42.3441
1950 1 245745524 -71.0682 42.361
1950 1 246093879 -71.1217 42.3877
1950 1 241265353 -71.1209 42.3439
1950 1 243671194 -71.0525 42.3764
1950 1 246715770 -71.1238 42.3784
1950 1 245473714 -71.0698 42.3607
1950 1 240729203 -71.1396 42.346
1950 1 246641030 -71.1281 42.3447
1950 2 244285727 -71.0965 42.3252
1950 2 244846913 -71.1658 42.3761
1950 2 244398586 -71.1692 42.3445
1950 2 246709747 -71.1686 42.3457
1950 2 246583977 -71.1585 42.34
1950 2 246235246 -71.1433 42.3438
1950 2 240729194 -71.1359 42.3484
1950 2 240729574 -71.1294 42.3503
1950 2 244371629 -71.1796 42.3613
1950 2 246887489 -71.0962744 42.3178775
1950 2 234810518 -71.1398 42.3451
1950 2 240722412 -71.1394 42.3451
1950 2 239811104 -71.1397 42.3448
1950 2 234279225 -71.1398 42.3451
1950 2 246609965 -71.127 42.3511
1950 2 236553411 -70.9923 42.4093
1950 2 233836893 -71.14 42.3451
1950 3 243497307 -71.1457 42.3433
1950 3 244540999 -71.1045 42.3215
1950 3 246455713 -71.0688 42.4182
1975 0 240724636 -71.0651 42.3593
1975 1 244916094 -71.1414 42.3362
1975 1 244802169 -71.1037 42.3343
1975 1 243851551 -71.0995 42.3421
1975 1 243851693 -71.0999 42.342
1975 1 246805427 -71.1037 42.3343
1975 1 239814162 -71.1161 42.3831
1975 2 243533628 -71.1478 42.3404
1975 2 241264865 -71.1446 42.341
1975 2 246236101 -71.1352 42.346
1975 2 234279331 -71.1364 42.3469
1975 2 246584138 -71.1313 42.3489
1975 2 245056219 -71.135 42.3466
1975 2 233111731 -71.1365 42.3466
1975 2 230085077 -71.1475 42.3447
1975 3 243059901 -71.168 42.3709
2000 0 246829981 -71.078 42.3846
2000 0 243936643 -71.1148 42.3715
2000 0 243721213 -71.0526 42.3652
2000 0 229799327 -71.085 42.3458
2000 0 243217878 -71.0813 42.3419
2000 0 245692666 -71.078 42.3846
2000 0 236734485 -71.0928 42.4084
2000 1 245681741 -71.0526 42.3646
2000 1 246775374 -71.1478 42.3392
2000 1 246848185 -71.1201 42.3803
2000 1 241521238 -71.0981 42.367
2000 1 246717488 -71.1473 42.3389
2000 1 245595410 -71.089 42.3466
2000 1 240354540 -71.1169 42.3431
2000 1 241229980 -71.1088 42.3578
2000 1 244945049 -71.0943 42.3263
2000 1 243763470 -71.0526 42.3652
2000 1 243459839 -71.1593 42.3714
2000 1 243762878 -71.0889 42.3455
2000 1 245824372 -71.0831 42.3497
2000 1 246109334 -71.1073 42.3983
2000 1 243460469 -71.0786 42.3344
2000 1 246709262 -71.149 42.365
2000 1 246472957 -71.1203 42.3847
2000 1 243936652 -71.0888 42.3453
2000 1 246109322 -71.12 42.3802
2000 1 244131814 -71.0762 42.3348
2000 1 244945134 -71.1171 42.3486
2000 1 246384521 -71.1194 42.3804
2000 1 243295309 -71.1273 42.3803
2000 1 244199015 -71.137 42.3938
2000 1 246113733 -71.109 42.3655
2000 1 243671183 -71.0986 42.3266
2000 1 245493449 -71.1478 42.3392
2000 1 246642568 -71.0561 42.3642
2000 1 245819904 -71.0653 42.3583
2000 1 243459853 -71.1234 42.3364
2000 1 246709446 -71.1177 42.3402
2000 1 246110791 -71.0847 42.3716
2000 1 246296569 -71.1235 42.3835
2000 2 246668108 -71.0399 42.3727
2000 2 246668099 -71.0519 42.3657
2000 2 246804292 -71.0892 42.3864
2000 2 242271565 -71.1084 42.3165
2000 2 245640764 -71.1353 42.3626
2000 2 246715713 -71.1544 42.3519
2000 2 246456090 -71.1484 42.3508
2000 2 246670650 -71.1494 42.3541
2000 2 246715710 -71.1603 42.3566
2000 2 246669785 -71.154 42.3406
2000 2 241354232 -71.1145 42.322
2000 2 241265397 -71.1471 42.3453
2000 2 246111892 -71.1338 42.4043
2000 2 242371609 -71.1524 42.3383
2000 2 246641343 -71.1484 42.3766
2000 2 241099259 -71.1444 42.3445
2000 2 245606258 -71.1473 42.3413
2000 2 228368683 -71.1268 42.3548
2000 2 243129661 -71.1399 42.3462
2000 2 243936650 -71.1336 42.3841
2000 2 243217959 -71.1727 42.363
2000 2 246110591 -71.086 42.3853
2000 2 243907674 -71.1721 42.319
2000 2 245747114 -71.0964 42.3929
2000 2 246456776 -71.1008 42.3141
2000 2 246023188 -71.0401 42.337
2000 2 244801186 -71.1645 42.3687
2000 2 245063207 -71.1269 42.3514
2000 2 246598860 -71.1082 42.3853
2000 2 239815501 -71.1423 42.3438
2000 2 246022364 -71.1543 42.2885
2000 2 242472389 -71.1688 42.344
2000 2 245063221 -71.1815 42.3793
2000 2 246595754 -71.15 42.3398
2000 2 246295773 -71.0519 42.3657
2000 2 245259874 -71.1554 42.3768
2000 2 246490426 -71.1037 42.313
2000 2 245362044 -71.1547 42.3762
2000 2 243670342 -71.0919 42.3723
2000 2 245911313 -71.0964 42.3929
2000 2 244371634 -71.1276 42.3432
2000 2 246455934 -71.1133 42.3232
2000 2 240721916 -71.0865 42.3848
2000 2 246772431 -71.0302715 42.3329671
2000 2 245361743 -71.1551 42.3767
2000 2 243217781 -71.1225 42.3255
2000 2 246619836 -71.1535 42.3468
2000 2 243797971 -71.0957 42.3781
2000 2 246595752 -71.1403 42.3455
2000 2 243460504 -71.0964 42.3784
2000 2 239825191 -71.0861 42.396
2000 2 246111887 -71.1079 42.368
2000 3 243217723 -71.0051 42.3892
2000 3 245398332 -71.18 42.3592
2000 3 244846740 -71.16 42.3717
2000 3 241018188 -71.1652 42.3517
2000 3 244054403 -71.1456 42.3415
2000 3 246456814 -71.0786 42.3696
2025 0 246804224 -71.0633 42.3637
2025 0 244681460 -71.1269 42.3409
2025 0 245998767 -71.0644 42.3522
2025 1 241229795 -71.1467 42.3405
2025 2 233316803 -71.135 42.3462
2025 2 234639084 -71.1432 42.3428
2025 2 239816500 -71.1441 42.3414
2025 2 235789572 -71.1354 42.3461
2025 2 234279432 -71.1354 42.346
2025 2 244801622 -71.1504 42.3366
2050 0 246804802 -71.0645 42.3636
2050 0 243295267 -71.0731 42.3553
2050 0 245592691 -71.0892 42.3497
2050 1 246886214 -71.1498 42.3394
2050 1 246684934 -71.1263 42.3414
2050 1 243936520 -71.0356 42.3972
2050 1 243256331 -71.1227 42.3363
2050 1 243851399 -71.0488 42.3326
2050 1 245823499 -71.1284 42.3797
2050 1 246348822 -71.122 42.3797
2050 2 243008492 -71.1488 42.3398
2050 2 239820783 -71.1295 42.348
2050 2 246669767 -71.1267 42.3538
2050 2 239816514 -71.1583 42.3547
2050 2 233111985 -71.1386 42.3461
2050 2 233210123 -71.1431 42.3427
2050 2 244372126 -71.15 42.3546
2050 2 240722604 -71.1383 42.3459
2050 2 246108822 -71.0985 42.3741
2050 2 243607786 -71.095 42.3893
2050 2 246094117 -71.1387 42.3462
2050 2 246718400 -71.0901 42.3271
2050 2 243846928 -71.1379 42.3457
2050 2 246143657 -71.1353 42.3378
2050 2 246658291 -71.135 42.3377
2050 2 246348458 -71.1568 42.3471
2050 2 246684768 -71.1002 42.3282
2050 2 244326545 -71.1568 42.3471
2050 2 246684864 -71.1568 42.3471
2050 2 243417228 -71.1481 42.3401
2050 2 246595750 -71.0603 42.4284
2050 2 240070877 -71.1388 42.346
2050 2 240070861 -71.1292 42.3479
2050 2 246772592 -71.0902165 42.3271978
2075 1 241521886 -71.0933 42.3471
2075 1 243420258 -71.0938 42.3467
2075 1 244459779 -71.119 42.3388
2075 1 244840873 -71.0938 42.3467
2075 2 243187860 -71.093 42.3278
2075 2 246684705 -71.148 42.3403
2075 2 226126217 -71.1439 42.341
2075 2 240146157 -71.1428 42.3428
2075 2 245056466 -71.144 42.3431
2075 2 234279677 -71.144 42.3411
2075 2 245056459 -71.1437 42.3431
2075 2 245056202 -71.1427 42.3429
2075 2 240721907 -71.1418 42.3426
2075 2 245056470 -71.1442 42.343
2075 2 233836439 -71.1477 42.3406
2075 2 240721271 -71.1434 42.3427
2075 2 245056521 -71.143 42.3432
2075 2 235788812 -71.1482 42.34
2100 0 246829858 -71.0644 42.3522
2100 0 246783633 -71.0894 42.3439
2100 0 243419006 -71.0803 42.345
2100 0 243936783 -71.0796 42.3481
2100 0 243670301 -71.0697 42.3589
2100 0 245313948 -71.0789 42.3538
2100 0 246383379 -71.0727 42.3467
2100 0 244030704 -71.0934 42.3488
2100 0 240725764 -71.0803 42.345
2100 0 245605546 -71.0827 42.3493
2100 0 246293494 -71.041 42.3672
2100 1 246886332 -71.0527 42.334
2100 1 246831074 -71.0891 42.3431
2100 1 246849201 -71.1379 42.3536
2100 1 243295280 -71.0892 42.3508
2100 1 246628604 -71.0849 42.3492
2100 1 243670282 -71.0878 42.3429
2100 1 245823582 -71.1098 42.3712
2100 1 244160259 -71.1234 42.3941
2100 1 246110163 -71.0966 42.3815
2100 1 244398628 -71.0852 42.3517
2100 1 242271692 -71.1335 42.3946
2100 1 245595972 -71.0934 42.3488
2100 1 246109405 -71.0918 42.3726
2100 1 246719635 -71.12 42.3404
2100 1 243256336 -71.1196 42.3404
2100 1 246110939 -71.1336 42.3948
2100 1 243419009 -71.0647 42.3589
2100 1 244540813 -71.1064 42.3136
2100 1 246718098 -71.0958 42.3442
2100 1 239982059 -71.0975 42.3662
2100 1 241099402 -71.0819 42.3436
2100 1 239981614 -71.0647 42.3589
2100 1 243670353 -71.0627 42.38
2100 1 245819897 -71.1063 42.3448
2100 1 239981051 -71.1328 42.3852
2100 1 246291584 -71.0994 42.3379
2100 1 243496874 -71.0915 42.343
2100 1 246834959 -71.1262975 42.3452833
2100 1 243008098 -71.1149 42.3419
2100 1 246455382 -71.0548 42.3401
2100 1 244427430 -71.0852 42.3517
2100 1 246772287 -71.1270522 42.4076493
2100 1 246776831 -71.1197361 42.3402397
2100 2 246848494 -71.1111 42.3238
2100 2 246850018 -71.1114 42.3326
2100 2 246593805 -71.0689 42.3606
2100 2 244503959 -71.1222 42.3521
2100 2 233209741 -71.151 42.3398
2100 2 245822437 -71.0968 42.381
2100 2 243418021 -71.1433 42.3425
2100 2 243330651 -71.1371 42.3487
2100 2 244615560 -71.1122 42.3249
2100 2 246001637 -71.1689 42.3532
2100 2 246382689 -71.1768 42.3687
2100 2 243008461 -71.1511 42.3401
2100 2 240146080 -71.1446 42.3451
2100 2 228377030 -71.1695 42.3445
2100 2 245824755 -71.108 42.3272
2100 2 245934202 -71.0934 42.3488
2100 2 244160278 -71.0885 42.3967
2100 2 246764039 -71.0393 42.4034
2100 2 233642995 -71.1401 42.3515
2100 2 243851854 -71.1492 42.3369
2100 2 237536162 -71.1606 42.3466
2100 2 245820805 -71.1441 42.3812
2100 2 246775352 -71.1114 42.3326
2100 2 246109406 -71.136 42.3864
2100 2 245912089 -71.1016 42.3835
2100 2 234279939 -71.1453 42.3265
2100 2 243255913 -71.1654 42.3681
2100 2 244540493 -71.1188 42.3086
2100 2 243417462 -71.1465 42.34
2100 2 245075293 -71.1124 42.3313
2100 2 233470114 -71.15 42.3396
2100 2 240461130 -71.1042 42.3928
2100 2 245819902 -71.1276 42.3432
2100 2 246164217 -71.0701 42.3376
2100 2 245641468 -71.1627 42.3484
2100 2 246056678 -71.1689 42.3532
2100 2 246712072 -71.1801 42.3842
2100 2 243007849 -71.1193 42.3412
2100 2 233970327 -71.1447 42.3266
2100 2 244427435 -71.1501 42.3463
2100 2 246094334 -71.1697 42.3562
2100 2 241390438 -71.0956 42.3731
2100 2 233969850 -71.1448 42.3265
2100 2 243331559 -71.1453 42.3429
2100 2 244427431 -71.1143 42.3244
2100 2 245999177 -71.1202 42.3102
2100 3 246887458 -71.101219 42.308729
2100 3 244503856 -71.132 42.3508
2100 3 246361914 -71.1674 42.3465
2100 3 246670674 -71.1556 42.3649
2100 3 243907703 -71.1614 42.3516
2100 3 246480274 -71.1651 42.3507
2100 3 240724856 -71.1673 42.3467
2100 3 246711521 -71.1272 42.3335
2100 3 244160288 -71.0886 42.3939
2100 3 241585599 -71.1621 42.3488
2100 3 243060025 -71.1426 42.3509
2100 3 243007832 -71.1522 42.3389
2100 3 243722799 -71.0932 42.3119
2100 3 243670313 -71.1597 42.3557
2100 3 245747644 -71.1589 42.3419
2100 3 243907708 -71.1489 42.3538
2100 3 246679113 -71.1338 42.2893
2100 3 244459590 -71.1065 42.4042
2100 3 243571094 -71.0051 42.3892
2125 0 243295284 -71.0815 42.3524
2125 1 246110099 -71.1221 42.3796
2150 1 246755120 -71.1119 42.3691
2150 1 245433287 -71.079 42.3503
2150 1 243670360 -71.0664 42.3602
2150 1 246514627 -71.0622 42.3739
2150 1 245473960 -71.036 42.3982
2150 1 243762886 -71.0882 42.3505
2150 1 243459895 -71.0691 42.3597
2150 1 246595747 -71.1168 42.3473
2150 1 242371617 -71.124 42.3403
2150 2 244540594 -71.1023 42.3139
2150 2 246619794 -71.1385 42.3479
2150 2 244459343 -71.1478 42.3414
2150 2 245519338 -71.1044 42.3301
2150 2 241354192 -71.1355 42.3409
2150 2 246641314 -71.1143 42.3646
2150 2 246658252 -71.1356 42.3379
2150 2 242371622 -71.1484 42.3399
2150 2 240243970 -71.1485 42.3393
2150 2 246110431 -71.1089 42.3961
2150 3 243358960 -71.1193 42.2944
2150 3 246686679 -71.0332 42.4344
2150 3 244058128 -71.1817 42.3771
2150 3 244503942 -71.1143 42.2895
2175 0 246884574 -71.0709 42.3558
2175 0 246115889 -71.0811 42.4021
2175 1 245745531 -71.0352 42.3969
2175 1 246110501 -71.0985 42.3794
2175 1 244615920 -71.0692 42.3602
2175 2 244615617 -71.1085 42.3165
2175 3 243359705 -71.1644 42.3507
2200 0 245592183 -71.0658 42.3583
2200 0 245260539 -71.0741 42.355
2200 1 246804994 -71.0654 42.3606
2200 1 243418335 -71.0658 42.3583
2200 1 245593183 -71.0684 42.3592
2200 1 243607748 -71.0693 42.3604
2200 1 245562581 -71.0734 42.3433
2200 1 245433410 -71.0711 42.3571
2200 1 246738516 -71.0963 42.3441
2200 1 243762895 -71.0835 42.3529
2200 1 245261553 -71.14 42.389
2200 1 243762904 -71.066 42.3602
2200 1 245824015 -71.1447 42.3402
2200 1 245986983 -71.1257 42.3431
2200 1 243421344 -71.0941 42.3464
2200 1 246804952 -71.0651 42.3606
2200 1 245934036 -71.0823 42.3431
2200 1 245746811 -71.1123 42.358
2200 1 241521803 -71.0734 42.3463
2200 1 243670369 -71.0828 42.3526
2200 1 244913529 -71.0811 42.4018
2200 1 243256022 -71.1043 42.3467
2200 1 246850024 -71.0889 42.3431
2200 1 246686046 -71.0963 42.3441
2200 1 245385426 -71.0738 42.3467
2200 1 234280100 -71.1214 42.3468
2200 1 243762977 -71.1069 42.3485
2200 1 243570972 -71.0821 42.3528
2200 1 246163907 -71.0662 42.3509
2200 1 240724059 -71.0823 42.3431
2200 1 245667171 -71.0532 42.3634
2200 1 245142930 -71.0891 42.3431
2200 1 236767454 -71.0843 42.3484
2200 1 246110490 -71.1034 42.3689
2200 1 245877792 -71.0892 42.3414
2200 2 246668074 -71.0905 42.373
2200 2 246887166 -71.1315672 42.3508869
2200 2 246850021 -71.1181 42.3311
2200 2 246809865 -71.1513 42.3364
2200 2 246887409 -71.1386867 42.3491283
2200 2 246850027 -71.1381 42.3364
2200 2 246847787 -71.12952 42.393707
2200 2 246848855 -71.0905 42.373
2200 2 245933860 -71.0693 42.3604
2200 2 243570872 -71.1766 42.3701
2200 2 246109408 -71.1072 42.386
2200 2 245912125 -71.1047 42.3896
2200 2 245935246 -71.0892 42.3414
2200 2 245668011 -71.1507 42.3391
2200 2 241521319 -71.1544 42.3679
2200 2 244235784 -71.1363 42.3948
2200 2 243295453 -71.1303 42.3494
2200 2 245594053 -71.0797 42.3391
2200 2 246712016 -71.1674 42.4211
2200 2 246349711 -71.0844 42.3757
2200 2 244030345 -71.1291 42.4004
2200 2 239819539 -71.136 42.3466
2200 2 243986434 -71.085 42.3724
2200 2 246110902 -71.1067 42.36
2200 2 246584032 -71.1407 42.3524
2200 2 246110898 -71.1049 42.3945
2200 2 244427484 -71.116 42.3109
2200 2 240242922 -71.1205 42.3258
2200 2 245311412 -71.0561 42.3647
2200 2 246109446 -71.0982 42.3646
2200 2 243497385 -71.1317 42.3485
2200 2 246738476 -71.1188 42.3291
2200 2 246641272 -71.1188 42.3313
2200 2 239858358 -71.173 42.3666
2200 2 240720608 -71.1369 42.3467
2200 2 241311345 -71.1384 42.3473
2200 2 244540781 -71.1084 42.3124
2200 2 246359495 -71.1378 42.3389
2200 2 241390437 -71.1419 42.3802
2200 2 240725346 -71.1341 42.3523
2200 2 244541594 -71.1112 42.3184
2200 2 245260644 -71.1206 42.3481
2200 2 243497504 -71.1339 42.3508
2200 2 244995267 -71.1809 42.3551
2200 2 245139768 -71.1517 42.3683
2200 2 243851877 -71.0698 42.3467
2200 2 244945169 -71.1529 42.3741
2200 2 243851389 -71.093 42.3499
2200 2 246110188 -71.0796 42.3846
2200 2 243986432 -71.1025 42.3702
2200 2 243671109 -71.1155 42.3319
2200 2 244198805 -71.1457 42.3396
2200 2 245433207 -71.1508 42.3378
2200 2 243459985 -71.1659 42.3747
2200 2 246715767 -71.0967 42.3666
2200 2 241464506 -71.1249 42.4053
2200 2 245823598 -71.0884 42.3721
2200 2 246718513 -71.1314 42.351
2200 2 241145569 -71.14 42.3499
2200 2 246684893 -71.1321 42.3619
2200 2 241229777 -71.1279 42.3541
2200 2 246348192 -71.1202 42.3803
2200 2 246772393 -71.0642301 42.2803815
2200 2 243331059 -71.0561 42.3642
2200 2 245520200 -71.0734 42.3433
2200 2 246110789 -71.125 42.3909
2200 3 246885847 -71.0346 42.3757
2200 3 246848171 -71.1332 42.3523
2200 3 246849615 -71.0262 42.2766
2200 3 246870243 -71.1106077 42.3774476
2200 3 246747924 -71.0298 42.2705
2200 3 240720876 -71.1496 42.3467
2200 3 243851388 -71.1642 42.3743
2200 3 246526656 -71.0315 42.3963
2200 3 241585605 -71.1501 42.346
2200 3 241196415 -71.1559 42.3533
2200 3 244398487 -71.148 42.3532
2200 3 243937067 -71.0481 42.2877
2200 3 243762938 -71.1493 42.3459
2200 3 241145573 -71.1561 42.3386
2200 3 239754112 -71.1311 42.3553
2200 3 246455692 -71.1601 42.3771
2200 3 243055316 -71.1156 42.3046
2200 3 241585778 -71.1556 42.3532
2200 3 241585618 -71.1484 42.3515
2200 3 243762955 -71.1339 42.3508
2200 3 246110561 -71.1069 42.3834
2200 4 246109335 -71.096 42.3954
2225 1 246850029 -71.1176 42.3474
2225 1 243671406 -71.1047 42.3434
2225 1 245474006 -71.0356 42.3978
2225 1 245592695 -71.0816 42.35
2225 1 244801384 -71.1561 42.3003
2225 1 245461279 -71.1539 42.2991
2225 2 245322037 -71.1003 42.3422
2225 2 244285290 -71.0941 42.3464
2250 0 245593280 -71.0815 42.3497
2250 0 243418414 -71.0896 42.3495
2250 1 246405957 -71.0639 42.3522
2250 1 246880548 -71.0984 42.3414
2250 1 246874158 -71.0812354 42.349711
2250 1 246800065 -71.1027 42.3472
2250 1 245997646 -71.0685 42.3487
2250 1 241099375 -71.0865 42.346
2250 1 246715768 -71.1044 42.3714
2250 1 246805103 -71.0812 42.3497
2250 1 243419824 -71.0814 42.3497
2250 1 246001875 -71.0674 42.3495
2250 1 245934854 -71.0853 42.3458
2250 1 244716926 -71.0963 42.3424
2250 1 243419011 -71.0813 42.3497
2250 1 244094556 -71.073 42.3456
2250 1 243460115 -71.0827 42.3432
2250 1 246720971 -71.1179283 42.3412721
2250 2 239812221 -71.1356 42.3462
2250 2 243937099 -71.1386 42.3486
2250 2 246190993 -71.127 42.3511
2250 2 246110793 -71.1303 42.4006
2250 2 246110644 -71.1485 42.3902
2250 2 242749774 -71.1287 42.3508
2250 2 245935241 -71.0858 42.3496
2250 2 246641808 -71.0858 42.3496
2250 2 244094026 -71.1381 42.3464
2250 2 243670373 -71.1116 42.3612
2250 2 238826715 -71.1412 42.3381
2250 3 246850031 -71.1601 42.3402
2250 3 245607114 -71.1606 42.3513
2250 3 239816925 -71.1487 42.345
2250 3 243417222 -71.1287 42.3591
2250 3 239820741 -71.1485 42.3449
2250 3 234280166 -71.1614 42.3531
2250 3 246110592 -71.0971 42.3892
2250 3 233970301 -71.1615 42.3535
2250 3 233969804 -71.1616 42.3531
2250 3 246584034 -71.1411 42.3526
2250 3 242873682 -71.1234 42.3266
2275 0 240483262 -71.0827 42.3493
2275 1 246884305 -71.1216 42.3431
2275 1 246850041 -71.1191 42.3388
2275 1 243256329 -71.118 42.3392
2275 1 244057862 -71.0686 42.3819
2275 1 246115888 -71.1563 42.3004
2275 2 246715745 -71.1231 42.3391
2275 2 239423137 -71.1493 42.379
2275 2 246641028 -71.1231 42.3391
2300 0 230219661 -71.0723 42.3468
2300 0 240725309 -71.082 42.3442
2300 0 244841235 -71.0723 42.3466
2300 0 245072731 -71.1033 42.3471
2300 1 245681757 -71.0561 42.3642
2300 1 246886115 -71.1449 42.34
2300 1 246887474 -71.0791659 42.3387392
2300 1 246457011 -71.0785 42.3384
2300 1 244427367 -71.107 42.3719
2300 1 245286310 -71.0674 42.3656
2300 1 228825566 -71.0845 42.3454
2300 1 245605941 -71.035 42.3973
2300 1 239811061 -71.1215 42.3467
2300 1 246526673 -71.1554 42.3388
2300 1 246348227 -71.1201 42.3802
2300 1 243217825 -71.1234 42.3368
2300 1 244459384 -71.125 42.3269
2300 1 246708408 -71.1233 42.3836
2300 1 244030589 -71.1153 42.3615
2300 1 243762985 -71.0931 42.3492
2300 1 243607627 -71.0973 42.3439
2300 1 245605473 -71.0658 42.3655
2300 1 243671086 -71.0811 42.4021
2300 1 246191314 -71.1449 42.34
2300 1 246054673 -71.0713 42.344
2300 1 245433160 -71.0547 42.3758
2300 1 240724656 -71.0747 42.3543
2300 1 243722780 -71.0644 42.3602
2300 1 246111902 -71.1031 42.3711
2300 1 243671097 -71.0551 42.3631
2300 2 246886240 -71.1028 42.3838
2300 2 243986498 -71.0994 42.3712
2300 2 243008113 -71.1463 42.3589
2300 2 246113741 -71.0822 42.388
2300 2 243670307 -71.1144 42.3897
2300 2 241310534 -71.1606 42.3513
2300 2 244459561 -71.1116 42.3975
2300 2 246717559 -71.1777 42.3179
2300 2 244058179 -71.0827 42.3415
2300 2 243851474 -71.0974 42.3428
2300 2 241165528 -71.1081 42.3479
2300 2 245139988 -71.125 42.3269
2300 2 243880499 -71.1392 42.3491
2300 2 246235853 -71.15 42.3387
2300 2 246348857 -71.128 42.3855
2300 2 246191269 -71.1309 42.3856
2300 2 246190931 -71.1346 42.3846
2300 2 244945227 -71.0765 42.3381
2300 2 246684734 -71.1047 42.3297
2300 2 246109420 -71.0982 42.3734
2300 2 246111888 -71.0867 42.3717
2300 2 245322040 -71.1001 42.3412
2300 2 246111889 -71.112 42.3977
2300 2 245235555 -71.0234 42.403
2300 2 244160270 -71.1115 42.3985
2300 2 246109550 -71.0979 42.3741
2300 2 245933991 -71.0967 42.3432
2300 2 243880246 -71.1491 42.3899
2300 2 246641880 -71.0765 42.3381
2300 2 243008006 -71.1376 42.3356
2300 2 246764035 -71.1474 42.3455
2300 2 244459360 -71.1377 42.3389
2300 2 245398804 -71.1183 42.3253
2300 2 246109572 -71.1024 42.3851
2300 2 246847755 -71.1535789 42.375659
2300 3 239813350 -71.1407 42.3601
2300 3 243418154 -71.15 42.3472
2300 3 240821368 -71.1413 42.3587
2300 3 244398453 -71.1472 42.3535
2300 3 243722797 -71.0586 42.3104
2300 3 243497428 -71.1452 42.3434
2300 3 243417207 -71.1615 42.3498
2300 3 245035192 -71.0181 42.4121
2300 3 246684748 -71.1292 42.3536
2300 3 241265360 -71.1453 42.3265
2300 3 241585626 -71.1453 42.3266
2300 3 246670664 -71.154 42.3506
2300 3 243218231 -71.1646 42.3659
2300 3 240197618 -71.1666 42.3494
2300 3 244503876 -71.1526 42.3738
2300 3 243255623 -71.1645 42.3661
2300 3 232083376 -71.1606 42.3509
2300 3 244615960 -71.1559 42.3532
2300 3 245652328 -71.1234 42.4126
2300 3 243055778 -71.1108 42.2984
2300 3 244616243 -71.168 42.3438
2300 3 225337157 -71.1612 42.352
2300 3 244580564 -71.168 42.3438
2300 3 226430522 -71.1501 42.3476
2300 3 243331569 -71.1266 42.3586
2300 3 246763996 -71.1292 42.3536
2325 1 245933943 -71.0801 42.395
2325 1 243671087 -71.041 42.3672
2350 0 246164052 -71.0651 42.3643
2350 0 244615466 -71.1461 42.392
2350 1 246800061 -71.1027 42.3472
2350 1 246874143 -71.0801231 42.4037542
2350 1 240070031 -71.0735 42.354
2350 1 245593522 -71.0847 42.3457
2350 1 246110471 -71.1035 42.3836
2350 1 208869522 -71.0928 42.4084
2350 1 246721041 -71.0815499 42.352717
2350 2 246884302 -71.0443 42.338
2350 2 246593950 -71.0964 42.3429
2350 2 234810473 -71.1352 42.3523
2350 2 243421225 -71.0937 42.3468
2350 2 243936494 -71.1452 42.3385
2350 2 239811088 -71.1351 42.3525
2350 2 243421934 -71.1015 42.385
2350 2 246235813 -71.1738 42.3516
2350 2 243936511 -71.1161 42.3408
2350 2 243851627 -71.0394 42.4027
2350 3 244058140 -71.167 42.3479
2350 3 243851394 -71.1601 42.3685
2350 3 244326193 -71.1535 42.3408
2350 3 246164338 -71.1324 42.3538
2350 3 244089610 -71.1144 42.3026
2350 3 233970252 -71.1458 42.3524
2350 4 246849485 -71.1439 42.3411
2350 4 245667607 -71.1438 42.3411
2350 4 243763455 -71.1207 42.2836
2350 4 245361372 -71.1438 42.3411
2375 1 241311678 -71.0853 42.3455
2375 1 246738479 -71.0896 42.3495
2375 2 246108816 -71.1133 42.3718
2375 2 224329056 -71.1511 42.3372
2375 2 243060030 -71.1384 42.3353
2375 2 246838573 -71.1302922 42.3838576
2375 2 230994675 -71.0971 42.3421
2375 3 243851658 -71.1115 42.4111
2400 0 246791488 -71.0805 42.3483
2400 0 246804243 -71.0786 42.3541
2400 0 243419247 -71.0634 42.3545
2400 0 243671067 -71.1107 42.3283
2400 0 244681453 -71.0831 42.365
2400 0 243671062 -71.064 42.3511
2400 0 240460939 -71.0634 42.3545
2400 0 211791622 -71.0509 42.3506
2400 1 245681734 -71.0515 42.3658
2400 1 246850052 -71.1308 42.3395
2400 1 245933788 -71.0675 42.3487
2400 1 245433165 -71.1176 42.3987
2400 1 246110466 -71.1055 42.3703
2400 1 245933800 -71.0736 42.3465
2400 1 239816211 -71.0827 42.3493
2400 1 243936907 -71.0908 42.3468
2400 1 232082002 -71.0854 42.3456
2400 1 245997635 -71.0884 42.3464
2400 1 244460860 -71.0887 42.3458
2400 1 243421585 -71.0688 42.3598
2400 1 228825656 -71.085 42.3458
2400 1 246055388 -71.0515 42.3658
2400 1 246001883 -71.077 42.3459
2400 1 240183192 -71.1179 42.3817
2400 1 244759442 -71.0586 42.3764
2400 1 246115887 -71.1537 42.2991
2400 1 245877557 -71.0995 42.3378
2400 2 246858587 -71.1196028 42.3801636
2400 2 246514239 -71.1027 42.3472
2400 2 245868481 -71.127 42.3477
2400 2 245934234 -71.0799 42.3398
2400 2 241036021 -71.1244 42.348
2400 2 243721587 -71.1336 42.3387
2400 2 245746480 -71.111 42.3647
2400 2 246076903 -71.0981 42.4173
2400 2 243295659 -71.1211 42.3387
2400 2 243496986 -71.0875 42.341
2400 2 244541192 -71.1465 42.3406
2400 2 246709343 -71.1208 42.3456
2400 2 244945180 -71.1815 42.3677
2400 2 241018199 -71.1365 42.34
2400 2 244459694 -71.0838 42.3713
2400 2 245474660 -71.1399 42.3832
2400 2 246709258 -71.1576 42.3731
2400 2 246715771 -71.137 42.3817
2400 2 246109489 -71.0977 42.3675
2400 2 246359352 -71.1301 42.3489
2400 2 244459417 -71.1187 42.3387
2400 2 239811084 -71.1303 42.3534
2400 2 246715708 -71.1513 42.3364
2400 2 244540624 -71.1149 42.3207
2400 2 246112365 -71.1005 42.3824
2400 2 246718551 -71.0534 42.3653
2400 2 241311390 -71.1331 42.3517
2400 2 244807008 -71.0782 42.3847
2400 2 244459406 -71.1185 42.3377
2400 2 246110394 -71.1334 42.3844
2400 2 242271656 -71.1465 42.3381
2400 2 246003054 -71.0995 42.3378
2400 2 246110164 -71.0879 42.3824
2400 2 246110503 -71.1106 42.3853
2400 2 246740975 -71.0889167 42.3918234
2400 3 246850046 -71.1373 42.3458
2400 3 246828199 -71.1271 42.3582
2400 3 243667400 -71.0891 42.3939
2400 3 239819535 -71.1666 42.3497
2400 3 245259286 -71.1595 42.2595
2400 3 239816985 -71.1665 42.3497
2400 3 243497571 -71.1456 42.3527
2400 3 244094394 -71.1789 42.3799
2400 3 244398451 -71.1457 42.3526
2400 3 246455928 -71.1313 42.3589
2400 3 241390448 -71.1591 42.3417
2400 3 246235490 -71.1456 42.3543
2400 3 244541188 -71.1109 42.2982
2400 3 246717985 -71.0891 42.3863
2400 3 235946969 -71.1609 42.3516
2400 3 243417221 -71.1313 42.3556
2400 3 239816906 -71.1664 42.3494
2400 3 243715075 -71.1356 42.3582
2400 3 242873787 -71.1385 42.3435
2400 3 245508788 -71.158 42.3763
2400 3 233837121 -71.1495 42.3467
2400 3 226125342 -71.1311 42.3597
2400 3 246709102 -71.1335 42.3531
2400 3 239813351 -71.1384 42.346
2400 3 245879019 -71.1292 42.3543
2400 3 243721875 -71.0891 42.3939
2400 3 241390449 -71.1746 42.351
2400 3 241354182 -71.1696 42.3445
2400 3 244540614 -71.1479 42.354
2400 3 244459568 -71.1231 42.3306
2400 3 243417223 -71.1318 42.361
2400 3 246671158 -71.162 42.3515
2400 3 241585649 -71.1688 42.344
2400 3 246709112 -71.1579 42.3561
2400 3 246111896 -71.1308 42.3918
2400 3 245878898 -71.1444 42.3406
2400 3 246191287 -71.1275 42.3522
2400 3 241673432 -71.1628 42.3482
2400 3 239752875 -71.1318 42.3553
2400 3 244371638 -71.1428 42.2877
2400 3 243359696 -71.1422 42.3588
2400 4 244616075 -71.0999 42.314
2400 4 243255636 -71.1645 42.3661
2400 4 241265237 -71.1646 42.3659
2400 4 246700506 -71.087467 42.384279
2425 0 243671041 -71.0492 42.3402
2425 1 243187864 -71.1539 42.2991
2425 2 246747954 -71.1249 42.3415
2425 2 241229988 -71.1541 42.2957
2425 3 246849619 -71.1091 42.3662
2425 3 246110372 -71.0955 42.3958
2450 1 245681683 -71.0836 42.339
2450 1 243607825 -71.0745 42.3711
2450 1 240722884 -71.07 42.3373
2450 1 241018405 -71.0915 42.3475
2450 1 235788715 -71.1291 42.3868
2450 2 246755119 -71.1201 42.3814
2450 2 246850054 -71.0987 42.3313
2450 2 245138706 -71.0701 42.3417
2450 2 243420581 -71.0962 42.3428
2450 2 244285719 -71.0937 42.3699
2450 2 244326134 -71.1258 42.3507
2450 2 242564499 -71.0937 42.37
2450 2 243937061 -71.0586 42.326
2450 2 244326191 -71.1189 42.3419
2450 2 246717479 -71.1385 42.3471
2450 2 243421615 -71.0707 42.3603
2450 2 243217845 -71.0813 42.3419
2450 2 230476290 -71.0962 42.3431
2450 2 245886167 -71.0987 42.3313
2450 2 240720074 -71.1632 42.3213
2450 2 246709453 -71.1376 42.3356
2450 2 241673178 -71.0962 42.3428
2450 2 245876648 -71.0497 42.3331
2450 3 244199079 -71.1023 42.3225
2450 3 243460430 -71.1538 42.3405
2450 3 246684731 -71.1258 42.3421
2450 3 240196031 -71.1344 42.3619
2450 3 244579727 -71.126 42.3422
2475 0 246719890 -71.0833616 42.3492278
2475 0 246718694 -71.0843 42.3455
2475 1 246878498 -71.1429063 42.3943101
2475 1 246848250 -71.0843 42.3455
2475 1 245592762 -71.0747 42.3543
2475 1 239815140 -71.0849 42.3455
2475 1 246109367 -71.1149 42.372
2475 1 246295244 -71.0786 42.3384
2475 2 243985859 -71.1325 42.3975
2475 3 246684582 -71.1296 42.3504
2500 0 244371950 -71.1297 42.3633
2500 0 243670988 -71.0757 42.3465
2500 1 246849426 -71.0748 42.3455
2500 1 246514630 -71.0778 42.3718
2500 1 246805449 -71.0753 42.3363
2500 1 245064358 -71.1152 42.3084
2500 1 243419825 -71.0833 42.3432
2500 1 244718465 -71.1418 42.3373
2500 1 235788437 -71.1235 42.3419
2500 1 245593920 -71.0756 42.3544
2500 1 244398414 -71.0549 42.3655
2500 1 246847828 -71.0514625 42.365082
2500 1 244388292 -71.0518 42.3748
2500 1 246694395 -71.0669 42.3657
2500 1 246889096 -71.0721633 42.2957003
2500 1 244840527 -71.0742 42.3486
2500 1 245847887 -71.0872 42.3713
2500 1 240734563 -71.0833 42.3432
2500 1 245934206 -71.0692 42.358
2500 1 244945022 -71.0685 42.3603
2500 1 246109305 -71.112 42.3598
2500 2 245681681 -71.0526 42.3646
2500 2 246790878 -71.1169 42.3431
2500 2 246805518 -71.0694 42.3594
2500 2 240194778 -71.1191 42.3388
2500 2 246805109 -71.0777 42.3369
2500 2 240720742 -71.1386 42.3458
2500 2 225489202 -71.1338 42.3393
2500 2 242371661 -71.1428 42.3375
2500 2 239815366 -71.0533 42.367
2500 2 244459420 -71.1244 42.348
2500 2 243497401 -71.157 42.3507
2500 2 246717486 -71.1583 42.3398
2500 2 246711520 -71.1418 42.3373
2500 2 246712100 -71.1708 42.3834
2500 2 246514629 -71.0983 42.3726
2500 2 243985877 -71.0987 42.3695
2500 2 243607741 -71.058 42.3665
2500 2 240244878 -71.1631 42.3215
2500 2 243128952 -71.1388 42.3357
2500 2 246110410 -71.1084 42.369
2500 2 245263101 -71.0265 42.2948
2500 2 244540499 -71.125 42.3032
2500 2 246684733 -71.1047 42.3298
2500 2 245640566 -71.0673 42.3779
2500 2 246359386 -71.0998 42.343
2500 2 246641381 -71.1112 42.3704
2500 2 243417234 -71.1178 42.3448
2500 2 246349708 -71.0977 42.3743
2500 2 243985870 -71.1262 42.3433
2500 2 243128942 -71.1245 42.3389
2500 2 246109325 -71.1078 42.3679
2500 2 246110430 -71.137 42.3925
2500 2 246109449 -71.1123 42.3608
2500 2 246110195 -71.1079 42.3763
2500 2 246110643 -71.112 42.3714
2500 2 246514632 -71.1253 42.3803
2500 2 226429383 -71.1535 42.3408
2500 2 246382690 -71.0901 42.3903
2500 2 243986441 -71.1051 42.3865
2500 2 246170554 -71.0701 42.3484
2500 2 246003067 -71.1218 42.3989
2500 2 240942893 -71.0393 42.3361
2500 2 246383381 -71.1371 42.3825
2500 2 244541389 -71.1418 42.3373
2500 2 245508761 -71.1559 42.3754
2500 2 239824714 -71.0859 42.3453
2500 2 246772388 -71.1314963 42.3384797
2500 2 240423961 -71.1236 42.3513
2500 2 243670917 -71.0526 42.3646
2500 2 246110470 -71.1009 42.3757
2500 3 246849981 -71.0977 42.3319
2500 3 244160286 -71.0894 42.3854
2500 3 239816863 -71.1642 42.3521
2500 3 228139837 -71.1366 42.3585
2500 3 244809596 -71.125 42.4138
2500 3 246709114 -71.1561 42.3411
2500 3 245822177 -71.0691 42.2845
2500 3 246870240 -71.167983 42.370555
2500 3 244398696 -71.173 42.3498
2500 3 246001995 -71.1738 42.3638
2500 3 243880273 -71.1226 42.3264
2500 3 244371649 -71.157 42.3507
2500 3 244160267 -71.103 42.385
2500 3 245667914 -71.1435 42.3619
2500 3 246554735 -71.0918 42.3297
2500 3 236184344 -71.1404 42.3591
2500 3 244553388 -71.0538 42.2926
2500 3 246236107 -71.1617 42.349
2500 3 243937080 -71.0509 42.2935
2500 3 241145525 -71.1023 42.3331
2500 3 246383563 -71.0917 42.3298
2500 3 243008730 -71.1367 42.3454
2500 3 241311848 -71.108 42.322
2500 3 241390445 -71.1603 42.3461
2500 3 246715776 -71.1675 42.4184
2500 3 243331254 -71.1226 42.3264
2500 3 226132847 -71.1311 42.3599
2500 3 241673452 -71.125 42.3269
2500 3 245261330 -71.1179 42.3964
2500 3 243218190 -71.092 42.3939
2500 3 244093933 -71.1514 42.3753
2500 3 246455718 -71.1575 42.3917
2500 3 233643275 -71.1324 42.3493
2500 3 246595351 -71.0919 42.3297
2500 3 240725554 -71.1696 42.356
2500 3 241673510 -71.1508 42.3523
2500 3 246598747 -71.1734 42.3635
2500 3 246717607 -71.1735 42.3637
2500 3 246772421 -71.1508377 42.3489853
2500 3 246110153 -71.1004 42.392
2500 3 231954563 -71.1098 42.3234
2500 4 246041362 -71.0134 42.4259
2500 4 243722809 -71.0972 42.3124
2500 4 244326155 -71.063 42.2969
2500 4 240977116 -71.1436 42.3605
2500 4 243096884 -71.0644 42.2997
2500 4 242749763 -71.138 42.353
2500 4 243128861 -71.1502 42.3408
2525 1 245934442 -71.0846 42.3454
2525 2 240354555 -71.1554 42.2999
2525 2 239817785 -71.121 42.3958
2550 1 246805044 -71.0719 42.3436
2550 1 246109276 -71.1077 42.3646
2550 1 245593550 -71.056 42.3657
2550 1 244459681 -71.1303 42.3399
2550 1 243721031 -71.0497 42.3487
2550 1 240424324 -71.056 42.3657
2550 2 245681677 -71.0651 42.3606
2550 2 246359487 -71.1173 42.3447
2550 2 246804821 -71.0651 42.3606
2550 2 240354552 -71.1313 42.3395
2550 2 243798124 -71.085 42.3368
2550 2 240721692 -71.1337 42.3471
2550 2 240721924 -71.1444 42.3374
2550 2 243880524 -71.029 42.3322
2550 2 244766931 -71.1619 42.3621
2550 2 243797945 -71.1188 42.3952
2550 2 240461122 -71.1074 42.3815
2550 2 236764346 -71.0687 42.3607
2550 3 243417518 -71.1334 42.3494
2550 3 239813358 -71.1322 42.3594
2550 3 246489696 -71.1293 42.3545
2550 3 241849886 -71.1662 42.3753
2550 3 239817611 -71.1321 42.3595
2550 3 239744350 -71.1318 42.3592
2550 3 226300240 -71.1316 42.3612
2550 4 244131866 -71.1111 42.3954
2575 0 246706850 -71.0503 42.3772
2575 0 246788719 -71.1018 42.3625
2575 1 245681651 -71.0644 42.3522
2575 1 246788718 -71.1018 42.3625
2575 2 246850063 -71.1214 42.3398
2575 2 246597512 -71.0884 42.388
2575 3 246110468 -71.0958 42.3915
2600 0 245821069 -71.0812 42.3386
2600 0 245847871 -71.0598 42.3656
2600 1 245729371 -71.1022 42.3609
2600 1 246804937 -71.0722 42.3533
2600 1 243418579 -71.0815 42.3385
2600 1 245934441 -71.077 42.3459
2600 1 246887442 -71.0773976 42.350652
2600 1 245545190 -71.1031 42.3343
2600 1 245071357 -71.0932 42.3494
2600 1 246805188 -71.0722 42.3533
2600 1 245593290 -71.0803 42.345
2600 1 240242678 -71.121 42.3439
2600 1 244541277 -71.0713 42.344
2600 1 245933755 -71.0841 42.352
2600 1 243417972 -71.0767 42.3511
2600 1 246797989 -71.1065 42.3464
2600 1 243418762 -71.0682 42.3443
2600 1 244579876 -71.0834 42.3496
2600 1 246054365 -71.0644 42.3522
2600 1 244423630 -71.1217 42.385
2600 1 240723949 -71.0682 42.3443
2600 1 246709447 -71.1236 42.3495
2600 1 246108688 -71.1218 42.3852
2600 2 246884579 -71.1076 42.3702
2600 2 246804081 -71.1257 42.3431
2600 2 246887408 -71.1009282 42.3935812
2600 2 244616379 -71.1012 42.3419
2600 2 243986312 -71.0856 42.3719
2600 2 244504342 -71.1013 42.342
2600 2 245508759 -71.1733 42.3825
2600 2 224454592 -71.1115 42.3312
2600 2 245248950 -71.067 42.3608
2600 2 243060228 -71.0699 42.3372
2600 2 245912094 -71.1432 42.3756
2600 2 246110556 -71.1293 42.3938
2600 2 246359389 -71.1152 42.3406
2600 2 243460147 -71.0729 42.3451
2600 2 246715701 -71.1252 42.3601
2600 2 241145578 -71.1253 42.3504
2600 2 241230198 -71.1504 42.3386
2600 2 246359486 -71.1291 42.3404
2600 2 241145594 -71.1512 42.3431
2600 2 246110465 -71.1065 42.3577
2600 2 240722693 -71.1507 42.3431
2600 2 243007973 -71.143 42.3404
2600 2 245746903 -71.0801 42.3452
2600 2 246457087 -71.1167 42.3493
2600 2 243059985 -71.0699 42.3372
2600 2 245147436 -71.1328 42.348
2600 2 245747225 -71.0665 42.3593
2600 2 246110486 -71.0774 42.3684
2600 2 246109932 -71.0989 42.3721
2600 2 241018518 -71.0892 42.3508
2600 2 246796040 -71.05054 42.3367625
2600 2 244579653 -71.0678 42.3603
2600 2 240942727 -71.1204 42.3826
2600 3 243907600 -71.1321 42.3604
2600 3 245071292 -71.1267 42.3546
2600 3 246709263 -71.1661 42.3742
2600 3 246359503 -71.1362 42.35
2600 3 243008673 -71.1698 42.3564
2600 3 241195925 -71.1388 42.3531
2600 3 226430534 -71.162 42.3492
2600 3 224329137 -71.1279 42.3522
2600 3 246361757 -71.1473 42.3364
2600 3 246709105 -71.1604 42.3416
2600 3 246670303 -71.129 42.3497
2600 3 234809118 -71.1618 42.3492
2600 3 243851455 -71.1562 42.3556
2600 3 246670218 -71.139 42.3443
2600 3 246455965 -71.134 42.3611
2600 3 245401425 -71.1801 42.3559
2600 3 233643673 -71.1616 42.3492
2600 3 246848040 -71.1457 42.3265
2600 3 240720782 -71.1366 42.349
2600 3 246112367 -71.1038 42.3835
2600 3 244995935 -71.1162 42.2935
2600 3 243607801 -71.0956 42.3826
2600 3 243851425 -71.1251 42.3277
2600 3 246711524 -71.1441 42.3263
2600 3 243907719 -71.1381 42.3464
2600 3 239980844 -71.0889 42.3747
2600 3 245045002 -71.1019 42.4271
2600 3 244801701 -71.1321 42.3604
2600 3 246110559 -71.0895 42.3749
2600 3 246884300 -71.1289 42.3549
2600 4 246790656 -71.1455 42.3415
2600 4 246684851 -71.1462 42.3537
2600 4 246296522 -71.1623 42.354
2600 4 244916598 -71.1601 42.3685
2600 4 245747578 -71.1284 42.3549
2600 4 243571096 -71.0051 42.3892
2625 0 246804749 -71.0726 42.337
2625 0 243670933 -71.0736 42.3702
2625 1 243670940 -71.0492 42.3402
2625 2 228368766 -71.1214 42.3469
2650 0 246160527 -71.1122 42.3249
2650 1 246886210 -71.1202 42.3808
2650 1 246850068 -71.0981 42.3436
2650 1 246832703 -71.0895 42.3493
2650 1 246887463 -71.0646259 42.3596455
2650 1 243418332 -71.0533 42.3662
2650 1 245592234 -71.0806 42.3516
2650 1 237985856 -71.0696 42.3438
2650 1 243670929 -71.0736 42.3702
2650 1 246738269 -71.1018 42.3335
2650 1 237673675 -71.0629 42.3486
2650 2 243721350 -71.1458 42.3371
2650 2 245593299 -71.0786 42.3384
2650 2 245592486 -71.0519 42.3652
2650 2 246794623 -71.0666 42.3603
2650 2 246164225 -71.1113 42.313
2650 2 243533945 -71.0573 42.3651
2650 2 245934243 -71.0518 42.3651
2650 2 246887490 -71.1246521 42.3504641
2650 3 246798006 -71.1505 42.3368
2650 3 245144950 -71.0797 42.3855
2650 3 241464600 -71.1023 42.3214
2650 3 241464598 -71.1696 42.356
2650 3 246110387 -71.0852 42.3835
2650 3 246684740 -71.1572 42.3393
2650 3 226124853 -71.1346 42.3549
2650 3 241673558 -71.1732 42.318
2650 3 241673660 -71.1034 42.3863
2650 4 245507920 -71.1421 42.3418
2650 4 246249286 -71.0604 42.3209
2650 4 244093881 -71.1674 42.3672
2650 5 242646757 -71.0604 42.3209
2675 0 244716888 -71.0627 42.3452
2675 2 246684652 -71.1239 42.3405
2675 3 246764318 -71.1514 42.3373
2675 3 246715693 -71.1237 42.3602
2675 4 234640048 -71.1521 42.3388
2700 0 240725139 -71.1104 42.3293
2700 1 246850014 -71.0816 42.3388
2700 1 246832711 -71.0818 42.35
2700 1 246788731 -71.0757 42.3465
2700 1 245933781 -71.0773 42.3526
2700 1 242271478 -71.1072 42.3606
2700 1 246114416 -71.11 42.358
2700 1 242873516 -71.0801 42.3393
2700 1 245934128 -71.0781 42.3433
2700 1 245592223 -71.0816 42.3505
2700 1 245592724 -71.0906 42.3507
2700 1 241265201 -71.1014 42.3717
2700 1 223140159 -71.1391 42.3938
2700 1 246097263 -71.0972 42.3653
2700 1 216872638 -71.0671 42.3443
2700 1 243571261 -71.1073 42.3606
2700 1 244199403 -71.1022 42.3609
2700 1 241850242 -71.0675 42.3487
2700 1 243155381 -71.0757 42.3465
2700 1 246554225 -71.1297 42.3633
2700 1 235773817 -71.0389 42.3678
2700 1 235788631 -71.0513 42.3397
2700 2 245681673 -71.0668 42.3602
2700 2 246884801 -71.0564 42.3665
2700 2 246850072 -71.0788 42.3343
2700 2 246850080 -71.0743 42.3401
2700 2 246790856 -71.1364 42.3382
2700 2 246885003 -71.0564 42.3665
2700 2 246109321 -71.1201 42.3796
2700 2 245747180 -71.1396 42.3482
2700 2 246604283 -71.077 42.3374
2700 2 245593482 -71.0748 42.3363
2700 2 239811128 -71.1254 42.3504
2700 2 246073849 -71.1049 42.3684
2700 2 245073601 -71.119 42.3857
2700 2 246110331 -71.1112 42.3953
2700 2 243986414 -71.0781 42.3433
2700 2 245912135 -71.119 42.4016
2700 2 244326178 -71.0649 42.3598
2700 2 241229851 -71.1178 42.3397
2700 2 239811168 -71.1321 42.3495
2700 2 246109427 -71.1154 42.3719
2700 2 245747281 -71.0562 42.3667
2700 2 246111935 -71.1356 42.3837
2700 2 239810353 -71.1321 42.35
2700 2 243418974 -71.0877 42.3433
2700 2 243419402 -71.0813 42.3449
2700 2 240725567 -71.0701 42.3604
2700 2 240353476 -71.0748 42.3363
2700 2 243007989 -71.1348 42.3391
2700 2 240734494 -71.0813 42.3449
2700 2 241017939 -71.0677 42.3494
2700 2 245747008 -71.0799 42.34
2700 2 240424664 -71.0559 42.3641
2700 2 243418836 -71.1602 42.3585
2700 2 246721034 -71.0528982 42.362003
2700 2 246850256 -71.0427926 42.3315026
2700 2 246110330 -71.0873 42.3704
2700 3 246850073 -71.1531 42.3405
2700 3 246804427 -71.1803 42.3689
2700 3 246850084 -71.1389 42.3485
2700 3 246799915 -71.1489 42.3387
2700 3 246144057 -71.1298 42.3509
2700 3 240242503 -71.1492 42.3572
2700 3 245821798 -71.11 42.358
2700 3 241390460 -71.1695 42.3559
2700 3 240197343 -71.1453 42.3444
2700 3 246790727 -71.1358 42.3526
2700 3 242749718 -71.127 42.3548
2700 3 246490590 -71.1275 42.3522
2700 3 240195136 -71.1407 42.3465
2700 3 246708368 -71.1539 42.351
2700 3 236583171 -71.1573 42.3494
2700 3 245692682 -71.1186 42.2912
2700 3 246684918 -71.1538 42.34
2700 3 241464614 -71.1189 42.3371
2700 3 246456805 -71.1035 42.3313
2700 3 241673599 -71.1578 42.3549
2700 3 242138214 -71.1536 42.3388
2700 3 234810931 -71.1513 42.3364
2700 3 241673616 -71.1331 42.3834
2700 3 239817608 -71.1367 42.349
2700 3 246715698 -71.1296 42.3593
2700 3 246598803 -71.106 42.3747
2700 3 245651979 -71.0885 42.3263
2700 3 246712173 -71.1748 42.3853
2700 3 246109306 -71.111 42.3622
2700 3 246850085 -71.1061 42.3335
2700 3 234640420 -71.1454 42.3404
2700 3 245823049 -71.1393 42.3608
2700 3 246344595 -70.9926 42.3715
2700 3 245822942 -71.1391 42.3417
2700 3 246598851 -71.1035 42.3314
2700 3 228139428 -71.139 42.3486
2700 3 226430614 -71.133 42.3514
2700 3 240729541 -71.1296 42.3516
2700 3 245877351 -71.1389 42.3485
2700 4 244719093 -71.1036 42.3311
2700 4 246490559 -71.1275 42.3522
2700 4 243936878 -71.1003 42.3139
2700 4 243670387 -71.1002 42.3139
2700 4 246112366 -71.1006 42.3867
2700 4 244030559 -71.09 42.3715
2725 2 246056407 -71.1179 42.3393
2750 1 246887438 -71.065671 42.270295
2750 1 243255562 -71.0569 42.3589
2750 1 246002538 -71.0723 42.3548
2750 1 246108695 -71.0778 42.3658
2750 2 245729178 -71.1168 42.3473
2750 2 246870641 -71.1231 42.3793
2750 2 246886062 -71.0745 42.3357
2750 2 246885910 -71.0745 42.3357
2750 2 244131839 -71.0741 42.3465
2750 2 241521898 -71.074 42.3465
2750 2 243798079 -71.0903 42.3295
2750 2 245592667 -71.0684 42.3592
2750 2 243937090 -71.0563 42.3184
2750 2 243294956 -71.0533 42.367
2750 2 246764747 -71.1152 42.3884
2750 2 246817949 -71.1220593 42.3797101
2750 2 246109445 -71.1141 42.3929
2750 3 246684587 -71.1422 42.3416
2750 3 243008262 -71.1359 42.3477
2750 3 244651304 -71.1506 42.3366
2750 3 243851457 -71.1661 42.3658
2750 3 228376644 -71.1694 42.3459
2750 3 244759355 -71.084 42.3487
2750 3 246109557 -71.112 42.3616
2775 1 223853900 -71.0875 42.3462
2775 2 243721396 -71.1189 42.345
2775 3 235542376 -71.1515 42.3406
2775 3 246658322 -71.1308 42.3546
2775 3 239810797 -71.15 42.3396
2775 3 233113144 -71.1499 42.3397
2800 0 246001783 -71.0816 42.3388
2800 0 223843171 -71.0671 42.3443
2800 1 246885729 -71.0779 42.3726
2800 1 246804855 -71.0475 42.3497
2800 1 246800011 -71.0518 42.3622
2800 1 246584208 -71.0824 42.3379
2800 1 244717373 -71.0851 42.3509
2800 1 245933762 -71.0701 42.3417
2800 1 242873523 -71.0829 42.3381
2800 1 224329638 -71.0584 42.3575
2800 1 246344596 -71.0683 42.3441
2800 1 243330542 -71.0816 42.3388
2800 1 241354355 -71.0862 42.3441
2800 1 244717024 -71.1014 42.3442
2800 1 246772412 -71.0489637 42.3519934
2800 2 245983589 -71.0919 42.3689
2800 2 245983587 -71.0816 42.3388
2800 2 246887174 -71.106748 42.3465346
2800 2 246849778 -71.1167 42.3493
2800 2 246849420 -71.1259 42.3533
2800 2 246842475 -71.1174 42.3494
2800 2 246849748 -71.1162 42.3493
2800 2 246708520 -71.1386 42.3381
2800 2 245934126 -71.0915 42.3472
2800 2 245593308 -71.1 42.343
2800 2 243129524 -71.0882 42.3472
2800 2 245598418 -71.0701 42.3604
2800 2 244580525 -71.0877 42.3423
2800 2 243937075 -71.091 42.3469
2800 2 246110367 -71.1102 42.3751
2800 2 245747706 -71.0759 42.3367
2800 2 245593201 -71.0692 42.3594
2800 2 246110554 -71.1366 42.3821
2800 2 241521276 -71.0827 42.3792
2800 2 243188135 -71.1104 42.3576
2800 2 246593820 -71.071 42.3426
2800 2 246054963 -71.071 42.3426
2800 2 245747722 -71.0619 42.3561
2800 2 246530036 -71.1067 42.3466
2800 2 244326654 -71.091 42.3469
2800 2 243936503 -71.1461 42.3383
2800 2 233970273 -71.1222 42.3446
2800 2 245319120 -71.1363 42.3383
2800 2 243798035 -71.1317 42.3859
2800 2 240726857 -71.091 42.3425
2800 2 244651493 -71.1263 42.3414
2800 2 237983019 -71.108 42.348
2800 2 246110447 -71.1192 42.386
2800 2 246110536 -71.1247 42.3789
2800 3 246884262 -71.1286 42.3532
2800 3 246885868 -71.133 42.3514
2800 3 246884269 -71.1259 42.3533
2800 3 246849601 -71.132 42.3552
2800 3 246247916 -71.1363 42.3383
2800 3 240976951 -71.1127 42.332
2800 3 244030096 -71.1368 42.3824
2800 3 242749762 -71.1332 42.3524
2800 3 241850965 -71.1275 42.3454
2800 3 246109317 -71.1575 42.3922
2800 3 246359485 -71.1333 42.3373
2800 3 246110101 -71.0782 42.386
2800 3 246296282 -71.1748 42.3371
2800 3 243629879 -71.1588 42.3514
2800 3 240721297 -71.1512 42.3397
2800 3 246583217 -71.1298 42.3509
2800 3 245747694 -71.1586 42.3514
2800 3 243629878 -71.1619 42.3522
2800 3 243059999 -71.1456 42.3266
2800 3 243497612 -71.117 42.335
2800 3 246003145 -71.1349 42.3526
2800 3 241850979 -71.09 42.3736
2800 3 246191296 -71.1286 42.3516
2800 3 239813369 -71.1376 42.3447
2800 3 243417176 -71.146 42.3381
2800 3 240574653 -71.1377 42.3389
2800 3 239811724 -71.1363 42.3382
2800 3 246110187 -71.1082 42.3886
2800 3 233969561 -71.1208 42.3324
2800 4 246886173 -71.0346 42.3757
2800 4 246850086 -71.1789 42.3616
2800 4 246797710 -71.1494 42.3511
2800 4 243128913 -71.1562 42.3478
2800 4 245747542 -71.1013 42.3222
2800 4 246708473 -71.1722 42.3784
2800 4 239814382 -71.1638 42.35
2800 4 245667574 -71.1711 42.3527
2800 4 246585803 -71.1673 42.3467
2800 4 246684716 -71.1671 42.3466
2800 4 246718048 -71.1614 42.3733
2800 4 241230011 -71.1555 42.3504
2800 4 246684735 -71.1397 42.3468
2800 4 241464621 -71.1024 42.3157
2800 4 245820677 -71.1673 42.3467
2800 4 245075593 -71.1069 42.3232
2800 4 246247823 -71.1552 42.3503
2800 4 246055053 -71.0879 42.3261
2800 4 241230243 -71.14 42.3469
2800 4 245140079 -71.1785 42.3613
2800 4 246595418 -71.0918 42.3297
2800 4 246191291 -71.1275 42.3522
2800 4 225337174 -71.13 42.3575
2800 4 239825019 -71.1641 42.3501
2800 4 243359609 -71.1494 42.353
2825 0 246437735 -71.06 42.3654
2825 1 246804154 -71.0561 42.3423
2825 1 243851300 -71.1297 42.3632
2825 1 246383805 -71.1289 42.3638
2850 0 246684586 -71.0718 42.3368
2850 1 246556730 -71.073 42.3367
2850 1 243851024 -71.0809 42.3398
2850 2 246817509 -71.1431 42.3377
2850 2 245823487 -71.0444 42.3341
2850 2 246641198 -71.1427 42.338
2850 2 246359480 -71.0949 42.3502
2850 2 246844259 -71.1309 42.3399
2850 2 246641212 -71.1425 42.3378
2850 2 245433263 -71.0421 42.3375
2850 2 245934232 -71.0666 42.3594
2850 2 245824973 -71.1205 42.3856
2850 2 235788709 -71.1291 42.3868
2850 2 241464990 -71.0741 42.3465
2850 2 243417202 -71.1201 42.3475
2850 2 244541009 -71.1292 42.3912
2850 2 245693632 -71.0444 42.3341
2850 2 246847798 -71.0669844 42.3596141
2850 3 246849207 -71.1388 42.3388
2850 3 241850981 -71.1295 42.3937
2850 3 243417240 -71.1458 42.3406
2850 3 245886166 -71.0987 42.3313
2850 3 241464634 -71.167 42.3437
2850 3 246110373 -71.1057 42.377
2850 3 230991650 -71.1056 42.377
2875 2 246110374 -71.1216 42.3798
2875 4 241230224 -71.0818 42.3861
2900 1 245681701 -71.0786 42.366
2900 1 245681730 -71.1004 42.3622
2900 1 246829757 -71.0626 42.3581
2900 1 246887478 -71.0886209 42.3509066
2900 1 246442178 -71.0865 42.3441
2900 1 222934853 -71.0537 42.3757
2900 1 243798152 -71.0781 42.3448
2900 1 246738567 -71.0912 42.3505
2900 2 245729370 -71.0698 42.3576
2900 2 246884577 -71.1065 42.3707
2900 2 246886206 -71.1203 42.3809
2900 2 246882208 -71.1309 42.3399
2900 2 246669831 -71.0852 42.3458
2900 2 243497436 -71.1424 42.3378
2900 2 239761231 -71.1215 42.3398
2900 2 246715773 -71.1251 42.3884
2900 2 244160258 -71.1092 42.3971
2900 2 246805514 -71.0691 42.3595
2900 2 246708521 -71.1098 42.3456
2900 2 246641741 -71.0698 42.3576
2900 2 246847767 -71.0530753 42.3412682
2900 2 245056536 -71.117 42.3419
2900 3 224329066 -71.1296 42.3516
2900 3 243418018 -71.1294 42.3516
2900 3 244236365 -71.1469 42.3369
2900 3 246383598 -71.1017 42.3302
2900 3 243417218 -71.1296 42.3516
2900 3 244030376 -71.1134 42.3616
2900 3 246109277 -71.1039 42.3778
2900 3 240424273 -71.1379 42.3386
2900 3 243460590 -71.123 42.3306
2900 3 246709092 -71.1268 42.3512
2900 3 244398680 -71.0976 42.3317
2900 3 246110333 -71.1059 42.3802
2900 4 246022148 -71.096 42.3168
2900 4 246715717 -71.1444 42.3406
2900 4 240720708 -71.1458 42.3266
2900 4 246597600 -71.1076 42.3317
2900 4 240243212 -71.1286 42.3517
2900 4 246709113 -71.1561 42.3476
2900 4 239814420 -71.1458 42.3266
2925 3 246584039 -71.1498 42.3363
2950 1 246164034 -71.0762 42.3515
2950 1 246772408 -71.0673464 42.3513094
2950 1 241265649 -71.0665 42.3594
2950 2 245998999 -71.0843 42.3484
2950 2 246848177 -71.0565 42.3291
2950 2 246110794 -71.1102 42.358
2950 2 241354199 -71.0665 42.3594
2950 2 246472882 -71.0856 42.3601
2950 2 242874609 -71.0843 42.3484
2950 2 241311441 -71.0781 42.3433
2950 2 246054723 -71.0786 42.3344
2950 2 246772289 -71.0812539 42.3403085
2950 2 246817959 -71.0915217 42.3679248
2950 3 246849013 -71.1235 42.3482
2950 3 243128956 -71.0998 42.375
2950 3 243794442 -71.1374 42.3486
2950 3 246715760 -71.1433 42.3259
2950 3 246109275 -71.0918 42.381
2950 3 228376659 -71.1331 42.354
2950 3 243460563 -71.1234 42.348
2950 3 246598397 -71.1235 42.3482
2950 4 242472432 -71.1633 42.3204
2950 4 228139422 -71.1555 42.3423
2950 4 243359608 -71.1422 42.3416
2975 1 246706849 -71.0503 42.3772
2975 2 244198980 -71.0694 42.343
2975 3 246110502 -71.1103 42.3971
2975 3 246887456 -71.1357734 42.3355125
2975 5 245056765 -71.1314 42.3557
3000 0 244243413 -71.0553 42.4044
3000 1 246885223 -71.0915 42.349
3000 1 246783629 -71.0894 42.3439
3000 1 245604808 -71.0705 42.3444
3000 1 245074432 -71.0751 42.3712
3000 1 240970464 -71.1129 42.3418
3000 1 240909036 -71.0883 42.35
3000 1 243793815 -71.0788 42.3343
3000 1 241354013 -71.0883 42.35
3000 1 246847765 -71.055254 42.363789
3000 1 246728027 -71.088537 42.35142
3000 2 246803808 -71.0542 42.358
3000 2 246887117 -71.0701871 42.3823212
3000 2 246848812 -71.129 42.3398
3000 2 246804894 -71.0894 42.3439
3000 2 246887468 -71.068095 42.3829101
3000 2 246849991 -71.0897 42.3438
3000 2 246887206 -71.0935845 42.3499354
3000 2 245748107 -71.058 42.3661
3000 2 246709416 -71.1543 42.3423
3000 2 245592666 -71.0783 42.338
3000 2 243721427 -71.1286 42.339
3000 2 246110788 -71.1029 42.3701
3000 2 246359501 -71.0899 42.3428
3000 2 246384572 -71.0897 42.3441
3000 2 246514602 -71.0745 42.3711
3000 2 246346926 -71.1294 42.3827
3000 2 246424181 -71.1074 42.3625
3000 2 243418546 -71.0791 42.3376
3000 2 246703144 -71.0296 42.3347
3000 2 246685086 -71.1167 42.3276
3000 2 233643410 -71.1265 42.3426
3000 2 246718384 -71.0705 42.3444
3000 2 224162556 -71.0928 42.4084
3000 2 240726085 -71.1049 42.3736
3000 2 246347300 -71.0936 42.3499
3000 2 246002626 -71.0894 42.3439
3000 2 240726773 -71.0886 42.3424
3000 2 241311205 -71.0737 42.3389
3000 2 246456368 -71.1218 42.3457
3000 2 243417723 -71.1266 42.3427
3000 2 243420256 -71.0737 42.3389
3000 2 246796012 -71.0398225 42.3359568
3000 2 245056535 -71.1163 42.3419
3000 3 246885617 -71.1327 42.3542
3000 3 246885993 -71.1259 42.3537
3000 3 246887197 -71.104906 42.346269
3000 3 246800074 -71.1328 42.3467
3000 3 246848192 -71.1152 42.3072
3000 3 246711508 -71.1414 42.345
3000 3 243671304 -71.0864 42.3368
3000 3 240195402 -71.1442 42.3372
3000 3 241850989 -71.1359 42.3987
3000 3 243798086 -71.1064 42.3743
3000 3 243797619 -71.0366 42.3298
3000 3 246715696 -71.1243 42.3602
3000 3 244540270 -71.1052 42.312
3000 3 241850987 -71.132 42.3973
3000 3 239816971 -71.1328 42.3393
3000 3 246110418 -71.1296 42.405
3000 3 242472465 -71.162 42.3543
3000 3 246594720 -71.127 42.3511
3000 3 246110386 -71.1135 42.3622
3000 3 246109278 -71.1047 42.3786
3000 3 239820804 -71.1327 42.3398
3000 3 245745933 -71.0517 42.3344
3000 3 240977178 -71.1121 42.3321
3000 3 246642550 -71.0497 42.3397
3000 3 239816951 -71.1329 42.3393
3000 3 240574222 -71.1163 42.3363
3000 3 246717556 -71.1771 42.3181
3000 3 246477991 -71.0932 42.3112
3000 3 246658050 -71.0932 42.3112
3000 3 246110160 -71.0953 42.3673
3000 3 233970336 -71.1623 42.3339
3000 3 245361514 -71.1578 42.3419
3000 3 246808493 -71.1294214 42.3827424
3000 3 246110469 -71.0979 42.3754
3000 3 246598230 -71.0622 42.4037
3000 3 246717604 -71.1621 42.4214
3000 3 240727053 -71.1127 42.332
3000 3 246382879 -71.1077 42.3984
3000 3 243497599 -71.1318 42.3459
3000 3 246110629 -71.0978 42.367
3000 3 246110409 -71.117 42.3886
3000 4 239814389 -71.1324 42.3593
3000 4 239811922 -71.1074 42.3805
3000 4 244801888 -71.1336 42.3995
3000 4 242749756 -71.1358 42.3529
3000 4 240591192 -71.1358 42.3619
3000 4 240720884 -71.1729 42.3539
3000 4 240821205 -71.1166 42.3935
3000 4 243218320 -71.1304 42.3545
3000 4 240460645 -71.1734 42.3533
3000 4 226430523 -71.15 42.3477
3000 4 243330941 -71.1261 42.3302
3000 4 243218108 -71.1334 42.4001
3000 4 246700566 -71.1034776 42.3785422
3000 5 243798267 -71.0619 42.2891
3050 1 241660901 -71.065 42.3436
3050 1 224816170 -71.0602 42.3525
3050 2 245593572 -71.0551 42.3632
3050 2 240424682 -71.0551 42.3632
3050 3 246110411 -71.1319 42.3935
3050 3 246109559 -71.115 42.3857
3050 3 245056534 -71.1463 42.3407
3100 1 243721154 -71.0885 42.3423
3100 1 246160528 -71.1122 42.3249
3100 1 240725141 -71.1104 42.3293
3100 1 246344593 -71.074 42.3427
3100 2 246884558 -71.049 42.352
3100 2 246885385 -71.0734 42.3455
3100 2 246848338 -71.0899 42.3429
3100 2 246804091 -71.1038 42.3462
3100 2 246857584 -71.0734 42.3455
3100 2 243798059 -71.0833 42.3426
3100 2 243721441 -71.0673 42.3593
3100 2 245545191 -71.1031 42.3343
3100 2 246109404 -71.1096 42.3686
3100 2 241229961 -71.0904 42.3423
3100 2 246346928 -71.113 42.3622
3100 2 246804786 -71.0899 42.3429
3100 2 246826215 -71.1076 42.3676
3100 2 246473130 -71.1231 42.3731
3100 2 241311677 -71.0645 42.3437
3100 2 246685218 -71.0517 42.3377
3100 2 235773812 -71.0389 42.3678
3100 3 246885004 -71.1117 42.3303
3100 3 243417239 -71.1318 42.3541
3100 3 246513855 -71.1273 42.3516
3100 3 246110369 -71.1018 42.3946
3100 3 230084899 -71.1261 42.353
3100 3 244285648 -71.1228 42.4005
3100 3 233113296 -71.1516 42.3481
3100 3 246715772 -71.0942 42.3685
3100 3 242472492 -71.1461 42.3361
3100 3 245398204 -71.1755 42.3515
3100 3 245693643 -71.0477 42.3315
3100 3 246556696 -71.0852 42.3458
3100 3 246457209 -71.1023 42.3312
3100 4 237983485 -71.1254 42.3549
3100 4 239811075 -71.1382 42.3527
3125 2 246788720 -71.1018 42.3625
3125 2 246170378 -71.1038 42.3462
3150 2 246110595 -71.1061 42.3687
3150 2 245475110 -71.0653 42.3427
3150 3 246800064 -71.1027 42.3472
3150 3 246800059 -71.1027 42.3472
3150 3 243418019 -71.1311 42.3546
3150 3 243329684 -71.0895 42.3456
3150 3 246609963 -71.127 42.3511
3175 2 245753392 -71.1316 42.2866
3175 2 246796055 -71.0519314 42.3734152
3200 0 246829753 -71.0626 42.3581
3200 1 246344592 -71.0592 42.3667
3200 1 246383321 -71.0868 42.35
3200 2 246405935 -71.0553 42.3663
3200 2 246857587 -71.073 42.3437
3200 2 246425651 -71.1212 42.3104
3200 2 243420152 -71.0801 42.3384
3200 2 242873644 -71.0716 42.3817
3200 2 245592978 -71.065 42.3598
3200 2 245077265 -71.0711 42.3819
3200 2 246110553 -71.1035 42.3732
3200 2 245068164 -71.131 42.3398
3200 2 243497346 -71.1317 42.3378
3200 2 246847826 -71.089075 42.342579
3200 2 246109816 -71.129 42.4064
3200 2 246772407 -71.0675472 42.3655875
3200 2 246110895 -71.0813 42.3794
3200 3 246884720 -71.1039 42.3464
3200 3 246717557 -71.1817 42.2944
3200 3 246359499 -71.1155 42.3407
3200 3 246109389 -71.1281 42.3935
3200 3 243460546 -71.1492 42.344
3200 3 246684898 -71.1228 42.3506
3200 3 243129621 -71.1632 42.3742
3200 3 243059986 -71.1511 42.3415
3200 3 246556799 -71.0379 42.3313
3200 3 246110448 -71.0931 42.3697
3200 3 245521203 -71.0139 42.2581
3200 3 241521258 -71.0984 42.3682
3200 3 244580410 -71.1058 42.3326
3200 3 246110165 -71.1178 42.3965
3200 3 243418975 -71.0886 42.3437
3200 3 243670281 -71.1195 42.3457
3200 4 246886046 -71.0892 42.3864
3200 4 246849821 -71.1504 42.3369
3200 4 246858597 -71.128493 42.355268
3200 4 242472501 -71.1482 42.3363
3200 4 240976922 -71.1597 42.3729
3200 4 246555936 -71.1314 42.351
3200 4 244398594 -71.1676 42.3476
3200 4 240195227 -71.1455 42.3416
3200 4 228142941 -71.1384 42.3543
3200 4 246718011 -71.0891 42.3863
3200 4 244541070 -71.1099 42.3154
3200 4 239814454 -71.1473 42.3413
3200 4 244030319 -71.1673 42.3467
3200 4 234942907 -71.164 42.3524
3200 4 245934987 -71.1058 42.3326
3200 4 246709415 -71.1455 42.3441
3200 4 246108706 -71.1227 42.3878
3200 4 245068406 -71.1188 42.3313
3200 4 243762894 -71.1673 42.3467
3200 4 246384576 -71.1283 42.3553
3200 4 239820760 -71.1467 42.3414
3200 4 246480270 -71.1658 42.3556
3200 4 229796403 -71.1477 42.3448
3200 4 243331210 -71.1464 42.3359
3200 4 244806411 -71.0957 42.3757
3200 4 246490439 -71.1037 42.313
3200 4 246490461 -71.1112 42.2981
3200 4 230219812 -71.1477 42.3448
3200 5 240197554 -71.1728 42.3535
3200 5 246544836 -71.1135 42.2983
3200 5 240197487 -71.1733 42.3536
3225 1 244326414 -71.0574 42.3581
3225 2 246706848 -71.0503 42.3772
3225 2 245681719 -71.0503 42.3772
3250 2 246406014 -71.0687 42.3372
3250 2 240486035 -71.0845 42.3454
3250 2 222934855 -71.0537 42.3757
3250 2 243880467 -71.0818 42.3424
3250 2 241195607 -71.0629 42.3486
3250 2 245056533 -71.1209 42.3795
3250 3 246110329 -71.1125 42.3717
3250 3 246110491 -71.1213 42.3916
3250 4 246406012 -71.1172 42.3994
3250 4 246109292 -71.0852 42.3858
3250 5 246457157 -71.1308 42.3546
3275 1 246886155 -71.1111 42.3412
3275 2 245681654 -71.1221 42.3746
3300 1 246886184 -71.1221 42.3746
3300 1 208869445 -71.0484 42.3501
3300 1 225827919 -71.0961 42.3454
3300 2 246787015 -71.0792 42.3677
3300 2 246884764 -71.055 42.3633
3300 2 246685339 -71.0762 42.3362
3300 2 240461080 -71.0972 42.3433
3300 2 235790369 -71.0854 42.3456
3300 2 243330893 -71.1459 42.3658
3300 2 243359820 -71.0742 42.3695
3300 2 245877893 -71.1172 42.3113
3300 2 223843172 -71.0671 42.3443
3300 2 246110400 -71.1315 42.3901
3300 2 246749404 -71.055027 42.3629308
3300 2 246874157 -71.0534245 42.3666769
3300 3 246849816 -71.1176 42.3495
3300 3 235789895 -71.1457 42.3403
3300 3 245910345 -71.1294 42.344
3300 3 246585274 -71.0693 42.3604
3300 3 240243766 -71.1255 42.3492
3300 3 246110408 -71.0924 42.3691
3300 3 246790733 -71.1292 42.344
3300 3 246359462 -71.0998 42.343
3300 3 246709116 -71.1582 42.3524
3300 3 240485645 -71.1453 42.3403
3300 3 246530027 -71.1176 42.3495
3300 3 246670689 -71.1404 42.3586
3300 3 243722846 -71.1175 42.3405
3300 3 246720974 -71.1379266 42.3360733
3300 4 245681726 -71.1294 42.3509
3300 4 242749791 -71.1523 42.344
3300 4 246708505 -71.1467 42.3402
3300 4 246625224 -71.1292 42.3509
3300 4 246670647 -71.1703 42.4166
3300 5 243128761 -71.1673 42.3467
3350 1 246797990 -71.1033 42.3471
3350 2 243851409 -71.0565 42.3291
3350 2 239812299 -71.0971 42.3435
3350 2 246598324 -71.0687 42.3372
3350 3 246887219 -71.1579797 42.3398603
3350 3 246849359 -71.1347 42.3469
3350 3 243762844 -71.1547 42.3394
3350 3 240724925 -71.1168 42.403
3375 1 246787744 -71.1012 42.36
3375 2 246791494 -71.0846 42.3454
3375 2 246798258 -71.0843 42.3455
3375 2 243418577 -71.0855 42.3459
3400 0 236416875 -71.1061 42.3896
3400 2 245824088 -71.0834 42.3431
3400 2 245593960 -71.0892 42.3508
3400 2 243419173 -71.0854 42.3458
3400 2 245402310 -71.0734 42.3463
3400 2 240353484 -71.0854 42.3458
3400 2 246003020 -71.0834 42.3431
3400 3 245147423 -71.1392 42.3872
3400 3 245074561 -71.1236 42.3867
3400 3 238106113 -71.1456 42.3369
3400 3 246384451 -71.1044 42.3314
3400 3 244580023 -71.0805 42.3397
3400 3 246112787 -71.1223 42.3937
3400 3 243359601 -71.1598 42.3411
3400 4 246849604 -71.132 42.3552
3400 4 246842479 -71.1253 42.3544
3400 4 230084670 -71.1327 42.3505
3400 4 233111795 -71.1485 42.3418
3400 4 246625225 -71.1687 42.3526
3400 4 230084665 -71.1282 42.3528
3400 4 246383906 -71.1169 42.4035
3400 4 246715762 -71.1457 42.3265
3400 4 244285213 -71.1001 42.3285
3400 4 246359481 -71.1365 42.34
3400 4 244371600 -71.1281 42.3297
3400 4 246686366 -71.1253 42.3544
3400 4 244541369 -71.1692 42.3527
3400 4 242372137 -71.113 42.3861
3400 4 236293532 -71.1012 42.3919
3400 5 232196789 -71.1301 42.3592
3400 5 231147655 -71.13 42.3595
3450 1 246437733 -71.0593 42.3524
3450 1 244326661 -71.1033 42.3471
3450 2 246887475 -71.0782985 42.3701977
3450 2 243419032 -71.0742 42.3392
3450 3 246849747 -71.1162 42.3493
3450 3 246849576 -71.1162 42.3492
3450 3 246109817 -71.1158 42.3944
3450 3 246110476 -71.1265 42.3922
3450 4 224596134 -71.1347 42.3497
3450 4 230084632 -71.1306 42.3515
3475 3 243059979 -71.1357 42.338
3500 1 246805098 -71.0791 42.3536
3500 1 244131836 -71.0779 42.344
3500 1 246804882 -71.0791 42.3536
3500 1 246097468 -71.0842 42.3523
3500 1 240722903 -71.0703 42.3436
3500 2 245681670 -71.0757 42.3465
3500 2 246884560 -71.0524 42.3572
3500 2 235763873 -71.1391 42.3938
3500 2 246346929 -71.0714 42.3702
3500 2 246598103 -71.1037 42.3924
3500 2 246296527 -71.138 42.3383
3500 2 246715750 -71.1461 42.3361
3500 2 246887455 -71.0725228 42.3457431
3500 2 243851028 -71.077 42.3442
3500 2 243155382 -71.0757 42.3465
3500 2 243421768 -71.0675 42.3491
3500 2 245067652 -71.12 42.339
3500 3 246406015 -71.1095 42.3452
3500 3 246849732 -71.1504 42.3369
3500 3 230084320 -71.1259 42.3517
3500 3 245999980 -71.1169 42.3451
3500 3 246711519 -71.1181 42.3311
3500 3 246361760 -71.1052 42.3474
3500 3 243763691 -71.1114 42.3626
3500 3 246109802 -71.0924 42.3718
3500 3 239816883 -71.1282 42.3498
3500 3 246359461 -71.1057 42.3471
3500 3 240734741 -71.1284 42.3508
3500 3 228370726 -71.135 42.3502
3500 3 240242507 -71.1278 42.3503
3500 3 245067855 -71.1083 42.3454
3500 3 243330891 -71.074 42.3365
3500 3 245946862 -71.1169 42.3449
3500 3 239982110 -71.1041 42.3793
3500 3 246110478 -71.1084 42.3687
3500 3 246553388 -71.1095 42.3452
3500 4 246884575 -71.1322 42.393
3500 4 246848157 -71.1284 42.3533
3500 4 246110424 -71.1144 42.3955
3500 4 246658320 -71.1317 42.3551
3500 4 243128524 -71.0812 42.3712
3500 4 246003179 -71.1205 42.3945
3500 4 244285217 -71.1671 42.3466
3500 4 235789735 -71.1506 42.3366
3500 4 239811156 -71.1492 42.3572
3500 4 241464524 -71.1219 42.3456
3500 4 246709128 -71.1744 42.302
3500 4 244848942 -71.0074 42.2985
3500 5 246706965 -71.115 42.2972
3500 5 240724903 -71.1673 42.3467
3500 5 246109611 -71.0984 42.3851
3500 5 246583972 -71.1673 42.3467
3500 5 243847632 -71.1673 42.3467
3525 1 246804839 -71.06 42.3654
3550 2 246763963 -71.0594 42.3529
3550 3 246658234 -71.1164 42.3487
3550 3 246555311 -71.1218 42.3458
3575 1 244326612 -71.0468 42.3501
3575 3 230084292 -71.1176 42.34
3600 1 239562328 -71.064 42.3523
3600 2 246800013 -71.0518 42.3622
3600 2 245593930 -71.0802 42.3387
3600 2 246530035 -71.1046 42.3456
3600 2 244326168 -71.1127 42.3482
3600 3 245681679 -71.0942 42.3685
3600 3 246828187 -71.1081 42.3479
3600 3 246109488 -71.1029 42.3701
3600 3 246708490 -71.1585 42.34
3600 3 246643253 -71.1046 42.3456
3600 3 246708474 -71.1277 42.3513
3600 3 243421879 -71.1082 42.348
3600 3 244651575 -71.1667 42.303
3600 3 241145975 -71.1078 42.3479
3600 3 239825257 -71.1046 42.3782
3600 3 246642840 -71.1379 42.3375
3600 3 236764600 -71.0862 42.3368
3600 3 246110155 -71.1245 42.3923
3600 3 246110393 -71.1035 42.3703
3600 4 246885593 -71.1289 42.3539
3600 4 246805209 -71.1285 42.3535
3600 4 241229737 -71.1558 42.3404
3600 4 236184304 -71.1335 42.3508
3600 4 246708409 -71.1339 42.3856
3600 4 232326232 -71.1315 42.3532
3600 4 240722701 -71.1556 42.3405
3600 4 239810408 -71.1334 42.3509
3600 4 246424473 -71.1261 42.353
3600 4 246684034 -71.1318 42.3508
3600 4 231273508 -71.1336 42.3507
3600 4 239810403 -71.1511 42.3506
3600 4 230084218 -71.1279 42.3535
3600 4 230083978 -71.1514 42.3504
3600 4 246711516 -71.12 42.3476
3600 4 232197722 -71.1335 42.351
3600 4 245074902 -71.1229 42.4037
3600 4 246554345 -71.1317 42.355
3600 4 246658326 -71.1318 42.351
3600 4 246887170 -71.1260266 42.3498906
3600 4 229942752 -71.1183 42.3363
3600 4 229942709 -71.1277 42.3535
3600 4 246727842 -71.126 42.3499
3600 4 246191301 -71.1286 42.3516
3600 4 246109555 -71.1341 42.3957
3600 4 244460146 -71.1484 42.3367
3600 4 225981748 -71.1514 42.3504
3600 4 245473883 -71.1756 42.3369
3600 4 246110284 -71.0814 42.3712
3600 4 240729197 -71.1493 42.3405
3625 3 246708352 -71.1533 42.3408
3650 3 231273809 -71.1262 42.3922
3650 4 234942625 -71.1492 42.3573
3675 2 246055758 -71.0574 42.3581
3675 3 246849837 -71.1177 42.3495
3675 3 246109815 -71.1054 42.3654
3675 3 246170381 -71.1162 42.3492
3700 1 246889098 -71.0877173 42.3480898
3700 1 246804322 -71.0793 42.3458
3700 1 241265358 -71.0789 42.3538
3700 2 245056528 -71.1219 42.3744
3700 2 239810905 -71.0513 42.3397
3700 2 246764604 -71.1139 42.3706
3700 2 240724080 -71.0981 42.3436
3700 2 246554233 -71.1297 42.3633
3700 3 246885577 -71.0838 42.336
3700 3 246110388 -71.0814 42.3713
3700 4 246624891 -71.1289 42.3507
3700 5 233643697 -71.1399 42.3424
3700 5 240722784 -71.1384 42.3413
3725 2 224329652 -71.0584 42.3575
3725 4 246798007 -71.1505 42.3368
3750 1 246358842 -71.0506 42.3464
3750 4 246110407 -71.0926 42.3696
3750 5 245056199 -71.1313 42.3556
3775 2 243418578 -71.0738 42.3542
3775 2 244371951 -71.1297 42.3633
3775 2 240724865 -71.0738 42.3542
3800 1 246597650 -71.0799 42.3459
3800 2 240726290 -71.1042 42.3466
3800 2 243937221 -71.0666 42.3592
3800 2 246848343 -71.0487 42.3376
3800 2 246003586 -71.1177 42.3474
3800 2 246772404 -71.0487308 42.3376229
3800 3 245681668 -71.1168 42.3473
3800 3 246884581 -71.0518 42.3748
3800 3 245592763 -71.0675 42.3602
3800 3 243417238 -71.16 42.3552
3800 3 244094299 -71.0827 42.3415
3800 3 245934244 -71.083 42.3411
3800 3 244840528 -71.1168 42.3473
3800 3 246530024 -71.1046 42.3456
3800 3 239815441 -71.0827 42.3415
3800 3 237985939 -71.0675 42.3602
3800 3 243059960 -71.1249 42.3491
3800 3 246812200 -71.149654 42.3379649
3800 4 246715763 -71.1425 42.3128
3800 4 246708504 -71.1507 42.3431
3800 4 229942658 -71.1533 42.3383
3800 4 229942636 -71.1326 42.347
3800 4 245069137 -71.1505 42.3403
3800 4 229942584 -71.1494 42.3572
3800 4 246109556 -71.0935 42.3697
3800 4 246708506 -71.151 42.3434
3800 4 239761104 -71.1295 42.3507
3800 5 246790673 -71.1704 42.3412
3800 5 246799913 -71.1703 42.3411
3800 5 243128735 -71.1399 42.3521
3800 5 246108858 -71.1086 42.3838
3800 5 246110897 -71.086 42.3842
3800 5 241673229 -71.1402 42.3521
3800 6 229793247 -71.167 42.3465
3850 4 243417633 -71.134 42.3469
3875 2 245681729 -71.0779 42.3726
3900 2 246884557 -71.1111 42.3412
3900 2 245592483 -71.0799 42.3442
3900 2 245593038 -71.0818 42.3424
3900 2 243418798 -71.0818 42.3424
3900 2 243255564 -71.0569 42.3589
3900 2 246597755 -71.0763 42.3541
3900 2 240723340 -71.0818 42.3424
3900 3 246886200 -71.122 42.3802
3900 3 246296544 -71.1215 42.3434
3900 3 246597710 -71.0551 42.3631
3900 4 246799912 -71.117 42.3493
3900 4 246799910 -71.1175 42.3494
3900 4 246799911 -71.1174 42.3494
3900 4 246799908 -71.1174 42.3494
3900 4 243295301 -71.1307 42.3991
3900 4 246346931 -71.1387 42.3815
3900 4 246490447 -71.1165 42.3494
3900 4 229942544 -71.129 42.3509
3900 4 242372154 -71.1333 42.4037
3900 4 246110792 -71.1333 42.4037
3900 5 229942529 -71.1359 42.3503
3900 5 228139440 -71.1365 42.34
3900 6 243331574 -71.1676 42.3466
3950 3 246054725 -71.0786 42.3344
3950 3 243128588 -71.0645 42.3437
3950 3 231370726 -71.1185 42.3426
3950 4 240070274 -71.1169 42.3494
3950 5 242749623 -71.1531 42.3389
3975 4 244131829 -71.0831 42.3395
4000 2 240725142 -71.1104 42.3293
4000 2 245322024 -71.0668 42.3419
4000 2 244388118 -71.0508 42.3577
4000 2 246747920 -71.0857 42.3505
4000 3 246886100 -71.069 42.3595
4000 3 246790873 -71.0632 42.3482
4000 3 242749589 -71.1304 42.3356
4000 3 242749596 -71.1081 42.3455
4000 3 246384491 -71.1025 42.3346
4000 4 246406005 -71.1097 42.333
4000 4 246788742 -71.1504 42.3369
4000 4 246800070 -71.1328 42.3467
4000 4 246804793 -71.1501 42.3369
4000 4 246800075 -71.1328 42.3467
4000 4 246783768 -71.1308 42.3456
4000 4 246775369 -71.1121 42.3321
4000 4 245071512 -71.0477 42.3324
4000 4 246715714 -71.1554 42.3407
4000 4 242749731 -71.1284 42.3546
4000 4 243418017 -71.1292 42.3519
4000 4 229942457 -71.1297 42.3518
4000 4 246670222 -71.1572 42.3414
4000 4 229942468 -71.1328 42.3469
4000 5 246800072 -71.1303 42.3481
4000 5 243936653 -71.0947 42.3168
4000 5 243797536 -71.153 42.3479
4000 5 240197224 -71.1513 42.3433
4000 5 246643265 -71.1323 42.347
4000 5 246110423 -71.1018 42.3824
4000 5 227282082 -71.1326 42.347
4000 5 245361503 -71.1403 42.361
4000 5 242564472 -71.1401 42.3514
4000 5 243331610 -71.1298 42.3541
4000 6 246382754 -71.0901 42.3903
4050 2 241660899 -71.065 42.3436
4050 4 245681745 -71.1302 42.4005
4050 4 244804768 -71.13 42.4006
4100 2 246685228 -71.0788 42.3464
4100 2 245847883 -71.0599 42.3657
4100 2 232581190 -71.1295 42.3931
4100 3 228136969 -71.0853 42.3458
4100 3 246717608 -71.1712 42.3682
4100 4 244942300 -71.1031 42.3292
4100 4 245820653 -71.0888 42.3415
4100 6 239811175 -71.1311 42.3606
4125 2 246055066 -71.1012 42.36
4150 3 241521619 -71.0762 42.3362
4150 5 243417211 -71.1351 42.3491
4175 4 246658235 -71.1273 42.3516
4200 1 246701264 -71.1565786 42.3526341
4200 2 246887445 -71.073955 42.34378
4200 2 242749600 -71.1634 42.3221
4200 3 245681717 -71.0967 42.3381
4200 3 246849705 -71.1347 42.3469
4200 3 246002856 -71.0894 42.3447
4200 3 246727860 -71.0967 42.3381
4200 3 246055225 -71.0787 42.3509
4200 3 237985948 -71.0708 42.3484
4200 3 245640980 -71.0894 42.3447
4200 4 246886188 -71.1253 42.3505
4200 4 246885541 -71.1254 42.3505
4200 4 246775362 -71.0967 42.3381
4200 4 239819897 -71.1535 42.3391
4200 4 246425642 -71.1212 42.3104
4200 4 245592812 -71.0787 42.3369
4200 4 245401761 -71.1827 42.3689
4200 4 228139403 -71.1164 42.3493
4200 4 240722785 -71.1184 42.3363
4200 4 246658255 -71.1177 42.3487
4200 4 242749612 -71.1475 42.3365
4200 5 246790729 -71.1329 42.3468
4200 5 246800068 -71.1323 42.347
4200 5 246800067 -71.1325 42.3469
4200 5 246514434 -71.1318 42.351
4200 5 246643261 -71.1328 42.3467
4200 5 246513822 -71.1318 42.3508
4200 5 246718102 -71.1318 42.351
4200 5 233105704 -71.1347 42.3495
4200 5 231266721 -71.1067 42.3852
4200 5 246775946 -71.0905812 42.326915
4225 2 246347522 -71.051 42.377
4250 2 246703145 -71.0857 42.3505
4250 2 244715942 -71.0574 42.3581
4250 4 244681468 -71.1738 42.303
4250 5 243128743 -71.145 42.3409
4250 5 224329059 -71.1362 42.349
4250 5 241673122 -71.1451 42.3409
4275 3 245933868 -71.0551 42.3632
4300 2 239573913 -71.0602 42.3525
4300 3 246598587 -71.0843 42.3357
4300 4 246886208 -71.1051 42.3308
4300 4 246887207 -71.1268933 42.3518999
4300 4 246383591 -71.1171 42.3486
4300 4 246887224 -71.1273168 42.3516916
4300 6 244398650 -71.1361 42.3508
4300 6 246597720 -71.1467 42.3521
4300 6 246686495 -71.1467 42.3521
4350 2 246804865 -71.06 42.3654
4350 5 246658248 -71.1366 42.3492
4350 5 246658304 -71.1366 42.349
4350 5 245910376 -71.1363 42.3491
4400 2 246804237 -71.0793 42.3458
4400 2 240970466 -71.1129 42.3418
4400 3 246849989 -71.081 42.3388
4400 4 243417626 -71.1319 42.3533
4400 4 243417625 -71.1316 42.3531
4400 4 243417199 -71.1318 42.3528
4400 4 240722242 -71.1319 42.3529
4400 4 245999981 -71.1169 42.3451
4400 4 240197059 -71.1319 42.3533
4400 4 245946860 -71.1169 42.3449
4400 4 246384509 -71.1033 42.3306
4400 4 246109450 -71.1129 42.3982
4500 1 245681650 -71.0716 42.3456
4500 1 240621630 -71.0967 42.3381
4500 2 246788689 -71.0794 42.3459
4500 2 225827951 -71.0958 42.3449
4500 2 243937231 -71.0525 42.3762
4500 3 243937204 -71.133 42.3987
4500 3 242873581 -71.0805 42.339
4500 3 245592235 -71.0788 42.3504
4500 3 243295025 -71.0816 42.3388
4500 3 240621219 -71.091 42.3423
4500 4 246805456 -71.1085 42.3316
4500 4 245068508 -71.1315 42.3321
4500 4 228139437 -71.122 42.345
4500 4 245069222 -71.1414 42.3475
4500 4 231263735 -71.119 42.3458
4500 4 243331604 -71.1589 42.3419
4500 5 246002271 -71.1004 42.3297
4500 5 246109413 -71.1075 42.3897
4550 2 235757322 -71.064 42.3523
4575 2 246797991 -71.1033 42.3471
4575 2 244717025 -71.1014 42.3442
4600 4 246886135 -71.1572 42.3404
4600 4 246489237 -71.1162 42.3492
4600 5 246857624 -71.1285 42.3535
4600 5 246858596 -71.128709 42.353913
4650 3 245933785 -71.0823 42.3431
4675 2 246728401 -71.170868 42.351367
4700 3 246424851 -71.1033 42.3632
4700 4 246849839 -71.1177 42.3495
4700 4 246727835 -71.1174 42.3494
4700 4 246609978 -71.1164 42.3487
4700 5 246658329 -71.127 42.3519
4700 5 243763701 -71.0394 42.3304
4725 0 244717049 -71.0632 42.3518
4725 1 244717048 -71.0632 42.3518
4725 4 245056523 -71.1209 42.3795
4725 6 246108694 -71.1265 42.4044
4750 3 243128632 -71.0821 42.3428
4750 3 246554240 -71.1297 42.3633
4750 4 246888909 -71.1569484 42.3408173
4800 2 246804540 -71.0792 42.3454
4800 2 225173438 -71.0783 42.3505
4800 3 246709138 -71.1456 42.3361
4800 3 240725784 -71.0762 42.3464
4800 4 246787737 -71.1078 42.3479
4800 4 246110379 -71.1116 42.3574
4800 4 246684753 -71.1079 42.3481
4800 4 246056010 -71.1081 42.3479
4800 4 246359463 -71.0898 42.343
4800 4 245747124 -71.1078 42.3479
4800 4 236767200 -71.0879 42.3815
4800 5 246787541 -71.1276 42.3469
4800 5 246748655 -71.1018833 42.3301055
4900 2 246164245 -71.0627 42.3518
4900 3 240725143 -71.1104 42.3293
4900 4 246848538 -71.0844 42.3358
4900 4 246359348 -71.0875 42.3424
4900 5 229941882 -71.1178 42.3429
4950 1 246887491 -71.0822837 42.3458902
4950 3 246160530 -71.1122 42.3249
4950 3 236184399 -71.1395 42.3385
4975 1 246788692 -71.0794 42.3459
4975 2 240725545 -71.0806 42.3516
5000 2 245821273 -71.125 42.338
5000 3 239760702 -71.0731 42.3449
5000 4 246110192 -71.1229 42.3948
5000 4 246109856 -71.1092 42.376
5000 5 246887212 -71.1168811 42.3449438
5000 5 246887141 -71.151411 42.340849
5000 5 245999982 -71.1169 42.3451
5000 5 246556439 -71.1259 42.349
5000 5 226300522 -71.1341 42.3502
5000 5 226300520 -71.1341 42.3502
5000 5 242271043 -71.1344 42.3846
5000 6 246709097 -71.1307 42.352
5100 2 245592193 -71.0806 42.3516
5100 5 245910066 -71.1171 42.3486
5100 5 245415099 -71.1259 42.349
5100 5 246658258 -71.1177 42.3487
5100 6 246457154 -71.1315 42.3544
5150 5 246658259 -71.1186 42.3455
5200 1 246884825 -71.0792 42.3519
5200 4 246109318 -71.1051 42.3878
5200 5 225488829 -71.1663 42.3579
5200 5 246641560 -71.0998 42.3318
5250 5 246643251 -71.0983 42.3314
5300 4 245398760 -71.0792 42.3414
5300 4 240729840 -71.0792 42.3414
5300 5 245064966 -71.1824 42.3356
5400 6 246717601 -71.1481 42.3378
5500 1 246002790 -71.0917 42.3408
5500 4 240734518 -71.0902 42.3421
5500 5 237210162 -71.1037 42.3313
5500 6 246885295 -71.1266 42.3553
5500 6 246857626 -71.1265 42.3551
5600 4 246684755 -71.0843 42.3363
5600 6 246094467 -71.1177 42.3495
5800 2 244236594 -71.0627 42.3608
5800 3 243798179 -71.0717 42.3426
5800 7 246764518 -71.1423 42.3516
5800 7 232197831 -71.0795 42.3853
5900 8 246406009 -71.0323 42.3911
5950 2 245681688 -71.1012 42.36
5975 3 240724529 -71.0841 42.352
6000 1 231954413 -71.055 42.3632
6000 1 246694229 -71.0511502 42.366623
6000 2 245681689 -71.0526 42.3542
6000 2 246809851 -71.0627 42.3533
6000 2 246111885 -71.1119 42.3946
6000 2 245765108 -71.0805 42.3504
6000 2 243330852 -71.0653 42.3572
6000 2 245069512 -71.0586 42.3654
6000 2 245070083 -71.0715 42.342
6000 2 246526652 -71.0705 42.3454
6000 2 243421741 -71.0683 42.349
6000 2 239811078 -71.0683 42.349
6000 2 246514641 -71.0736 42.3551
6000 2 239279696 -71.0715 42.342
6000 2 243937208 -71.0502 42.3745
6000 3 245681678 -71.0526 42.3542
6000 3 246406003 -71.051 42.3661
6000 3 246755121 -71.0455 42.3544
6000 3 245592192 -71.0841 42.352
6000 3 246747919 -71.066 42.3435
6000 3 246001288 -71.0627 42.3518
6000 4 245681704 -71.0668 42.3575
6000 4 246295295 -71.1778 42.4029
6000 4 243937217 -71.0689 42.3578
6000 4 246295267 -71.1792 42.4029
6000 5 246886223 -71.107 42.3482
6000 5 246817497 -71.107 42.3482
6000 5 246110464 -71.0811 42.37
6000 6 246707004 -71.1252 42.3547
6000 6 246888907 -71.1265865 42.3547434
6000 6 245910482 -71.1259 42.349
6000 6 245824634 -71.0983 42.3313
6000 6 245415100 -71.1259 42.349
6000 7 245681756 -71.1275 42.3553
6000 7 246887662 -71.1277116 42.3553763
6000 7 245910542 -71.1282 42.3546
6000 7 246658283 -71.1309 42.352
6000 7 246684884 -71.1277 42.3551
6000 7 245842919 -71.1284 42.3546
6000 8 246382816 -71.0901 42.3903
6000 9 246887660 -71.128048 42.355379
6000 9 246686442 -71.1279 42.3551
