4235 2 50397730 -71.154602 42.297071
2950 2 44237948 -71.1582 42.2793
2530 0 48845077 -71.169186 42.26685
2595 1 48845076 -71.169186 42.26685
2665 1 36397271 -71.1561689 42.3002164
2450 2 42234286 -71.1584335 42.2566003
3160 2 44719428 -71.15569 42.299097
2205 2 45649355 -71.1582 42.2606
1800 1 47157142 -71.16437 42.276197
3600 2 48428040 -71.137608 42.287615
3800 3 48428042 -71.137608 42.287615
3500 4 48626099 -71.133765 42.27726
4380 2 48637150 -71.155444 42.296089
4530 2 48637151 -71.157074 42.296906
2795 2 49064810 -71.1804768225389 42.2601284944425
6660 3 49079999 -71.13647 42.29042
6750 3 49303634 -71.154507 42.287406
4500 1 49411039 -71.136337 42.276183
2980 1 49427935 -71.156572 42.299776
4125 2 49427936 -71.155814 42.300216
3235 2 49454442 -71.160263 42.300079
2850 2 49503341 -71.158237 42.260622
7320 3 49554755 -71.137773 42.291651
3200 3 49738833 -71.144479 42.285872
2650 1 49900189 -71.155137 42.300452
3500 3 49964516 -71.1638518677508 42.268367577533
3800 3 49964533 -71.131261 42.272838
2655 1 49987387 -71.157753 42.298315
3100 3 50058857 -71.169018 42.285173
3605 2 50074860 -71.157718 42.296503
4600 4 50076670 -71.135048 42.295563
4235 2 50130924 -71.1534 42.2975
2500 2 50161029 -71.146056 42.284721
2900 3 50243533 -71.143378 42.285904
2750 3 50260028 -71.1501378 42.2841414
2550 2 50262358 -71.1343843 42.2844101
2750 2 50284695 -71.159572 42.282839
2400 3 50309403 -71.132846 42.282353
2750 1 50323491 -71.150155 42.286528
2200 2 50339347 -71.166771 42.299953
4455 2 50349595 -71.157989 42.296968
2632 1 50419610 -71.156544 42.297097
3140 2 50421732 -71.144649 42.286201
1950 1 50448565 -71.143327 42.284238
2900 3 50457132 -71.150299 42.289661
2800 1 50375711 -71.174829 42.337813
2195 1 39882890 -71.156993 42.340127
5400 4 33568005 -71.174913 42.335719
4560 2 22915837 -71.173619 42.319798
3010 1 48821941 -71.157253 42.30086
3450 3 49069424 -71.167188 42.344282
2900 3 49215292 -71.174879 42.336854
3000 3 49325988 -71.1697528217494 42.3453442554958
3180 2 49427938 -71.159317 42.300808
3140 2 49427939 -71.159317 42.300808
2100 2 49454431 -71.167098 42.301714
8790 3 49520178 -71.162743 42.323313
4475 2 49548019 -71.157253 42.30086
6700 5 49763639 -71.1590218732902 42.3407812554958
3010 1 49806919 -71.157902 42.300641
3180 2 49806920 -71.157958 42.302038
3140 2 49824082 -71.159317 42.300808
3140 2 49824083 -71.159317 42.300808
3560 1 49903291 -71.174829 42.337813
3360 1 49903292 -71.174829 42.337813
4475 2 50018152 -71.157253 42.30086
2495 1 50096301 -71.17653 42.317604
2350 2 50157613 -71.165797 42.300687
2075 0 50223812 -71.160827 42.340331
4700 3 50224221 -71.17379 42.301622
2100 2 50339346 -71.168345 42.300735
13200 8 50366841 -71.158933 42.342449
2195 1 50403825 -71.160827 42.340331
2600 1 50419611 -71.17214 42.319028
2750 1 50421718 -71.157728 42.339969
7000 5 50435626 -71.160586 42.3413
6500 4 50436268 -71.17536 42.336797
2800 2 50447686 -71.17214 42.319028
3000 2 50447786 -71.164112 42.302564
3950 4 50448482 -71.181915 42.320259
2550 2 50457992 -71.167188 42.344282
3170 2 48927342 -71.156303 42.300631
2150 0 35001566 -71.153529 42.33868
1800 0 35001565 -71.153529 42.33868
2275 1 48569117 -71.153658 42.338797
2400 2 15291824 -71.142826 42.34278
2225 1 37555233 -71.150197 42.3396946
3700 1 45529546 -71.151028 42.338093
3350 2 46316974 -71.137669 42.339249
3220 1 46519527 -71.155074 42.339356
4900 2 47378269 -71.1451948237828 42.3451642554958
2600 0 47553576 -71.154969 42.341482
4480 2 48361419 -71.132945 42.336848
5500 4 48369371 -71.145698 42.336292
3700 1 48422138 -71.146826 42.3364171
4000 1 48425240 -71.156303 42.339523
3800 1 48425258 -71.138475 42.338089
3600 1 48433198 -71.145638 42.340239
5000 2 48433222 -71.142847 42.342135
7000 3 48433258 -71.151028 42.338093
8300 3 48442819 -71.132086 42.338175
2800 0 48442930 -71.151028 42.338093
5200 4 48502767 -71.150211 42.343959
4200 4 48648334 -71.144861 42.326979
4500 1 48731994 -71.149251 42.337254
2700 2 48781147 -71.146881 42.338364
4000 3 48867111 -71.138142 42.338175
2500 2 49035080 -71.148517 42.336511
2950 4 49065222 -71.1429578813201 42.3400702554958
5800 3 49096557 -71.140198 42.338601
3900 3 49115445 -71.151317 42.340823
6995 7 49130316 -71.151317 42.340823
5500 5 49130324 -71.151317 42.340823
4000 5 49157760 -71.148874 42.336601
2935 2 49171195 -71.131128 42.339123
2500 3 49294380 -71.145123 42.344346
4300 2 49398183 -71.147598 42.336227
2250 2 49454258 -71.151696908841 42.3376332554958
2750 1 49539450 -71.14062 42.337289
2250 1 49544836 -71.147378 42.338745
7470 2 49676041 -71.13583 42.345079
10500 3 49725515 -71.135608 42.342513
3800 3 49738821 -71.147382 42.326967
1700 0 49763649 -71.151666 42.339292
5150 6 49787559 -71.1405558278382 42.3448052554958
3000 3 49881247 -71.132922 42.340021
3200 4 49883904 -71.155368 42.342923
3775 4 49884210 -71.1533828781579 42.3403502554958
3225 3 49893637 -71.1506069086716 42.3376482554958
4500 3 49894142 -71.142182 42.341659
2250 1 49907843 -71.153899 42.339008
3200 3 49921727 -71.135669 42.337722
2975 3 49965125 -71.133556 42.339188
3400 4 49973683 -71.1340228658527 42.3381098266068
2175 1 49979799 -71.151429 42.339705
3000 3 49980502 -71.144493 42.326637
3600 4 50022965 -71.1485913 42.3405578
2200 1 50041334 -71.149836 42.339364
2100 1 50074852 -71.131492 42.345178
2100 1 50080220 -71.131527 42.345141
2900 2 50089317 -71.153566 42.343482
2295 2 50092147 -71.144062 42.340918
3750 4 50098640 -71.148517 42.336511
2795 1 50147917 -71.147801 42.340182
1800 1 50160867 -71.146554 42.342862
3295 2 50171834 -71.147801 42.340182
3700 3 50195978 -71.1468438435848 42.3434112554958
9000 2 50198642 -71.142431 42.345046
4100 4 50219438 -71.147861 42.336137
3600 4 50223613 -71.146676 42.343217
3295 3 50223787 -71.141774 42.341812
2350 1 50226713 -71.149335 42.340982
2880 2 50243303 -71.13883 42.336356
3500 2 50249777 -71.147132 42.3382
3500 3 50250318 -71.136388 42.337684
3950 2 50267516 -71.145668 42.336669
3700 1 50267529 -71.1310958724186 42.3376928266068
2095 0 50270473 -71.136094 42.335338
2150 1 50293656 -71.143056 42.342542
3000 3 50301559 -71.145159 42.341182
4000 5 50301560 -71.145159 42.341182
2650 2 50309356 -71.149409 42.339691
5000 4 50309376 -71.150483 42.340328
8350 3 50318027 -71.136094 42.335338
3850 4 50322442 -71.143214 42.337192
2750 1 50368169 -71.146895 42.3423
2630 0 50368170 -71.146895 42.3423
2630 0 50368171 -71.146895 42.3423
2350 1 50374463 -71.152467 42.340554
3500 3 50377849 -71.137157 42.340998
2750 1 50380802 -71.146895 42.3423
2250 1 50380938 -71.145023 42.345331
2395 2 50397525 -71.133556 42.339254
3722 2 50404734 -71.143755 42.326952
3500 2 50416283 -71.147418 42.33809
2800 2 50423170 -71.147382 42.326967
4295 3 50430054 -71.1436588694427 42.3378818266068
3800 2 50434069 -71.144084 42.341862
3900 3 50444294 -71.151248 42.3408736
7500 5 50448558 -71.150483 42.340328
2150 1 50457900 -71.1496148923989 42.3390892554958
2400 2 44959224 -71.087072 42.29635
2200 2 50224679 -71.102764 42.263883
2950 3 18830766 -71.087784 42.279963
2000 2 34698960 -71.1301601 42.2830595
2400 2 43466197 -71.1029165 42.2711699
3800 3 45693516 -71.1170052587762 42.2946595775331
3700 4 46396110 -71.115628 42.296462
2500 2 47976476 -71.103519 42.271294
2200 1 48296000 -71.130765 42.277235
3200 4 48532037 -71.091841 42.281978
2800 3 48744841 -71.09244 42.287107
3000 0 48892075 -71.112053 42.3004
2950 3 48922452 -71.094596 42.258496
2900 3 49117401 -71.129267 42.273751
5250 2 49242073 -71.07938 42.291906
2800 3 49319362 -71.118484 42.285983
2450 2 49451383 -71.119053 42.277796
12000 4 49467285 -71.097648 42.278169
7710 3 49487190 -71.126143 42.276475
6000 2 49602111 -71.115645 42.275804
6870 2 49632933 -71.122683 42.264937
2895 3 49680991 -71.125932 42.262319
6930 2 49704886 -71.13071 42.288536
2900 3 49738875 -71.083525 42.288436
3200 3 49788617 -71.0826032398018 42.2933845775331
4000 2 49794787 -71.124319 42.291651
2900 3 49833432 -71.0941829 42.2870448
2400 2 49976758 -71.081311 42.293116
3000 3 50009285 -71.089719 42.281696
2600 2 50016290 -71.1173447808481 42.2625195775331
2600 2 50079529 -71.080425 42.281904
3500 3 50102207 -71.0979395 42.2615824
3800 3 50106313 -71.112768 42.29724
3000 4 50137532 -71.084577 42.300005
3500 3 50143904 -71.0803988 42.3001896
2900 3 50181819 -71.0821792669319 42.295207577533
2595 3 50204934 -71.088698 42.262297
2850 3 50246240 -71.0885951074617 42.2844895775331
3650 1 50261225 -71.112053 42.3004
2700 3 50309395 -71.121319 42.293177
3300 3 50313201 -71.123355 42.291289
2500 3 50365332 -71.0975685 42.2671663
3000 3 50374458 -71.09161 42.286068
2875 3 50377873 -71.090428 42.283847
3400 4 50380476 -71.082183 42.279873
3800 3 50380739 -71.116068 42.295228
3200 3 50381994 -71.083274 42.288195
2400 2 50387364 -71.110785 42.262556
4100 5 50403445 -71.088955 42.296267
1775 1 50404706 -71.1209436872129 42.2562165775331
2795 3 50416287 -71.121669 42.289042
2250 1 50416292 -71.130333 42.276995
2795 3 50417052 -71.122241 42.289169
2100 3 50419602 -71.0823162634047 42.2949705775331
2400 2 50421749 -71.103887 42.267604
5000 3 50438153 -71.11742 42.289466
3000 3 50438157 -71.0875140576209 42.281138577533
2900 3 50438191 -71.094805 42.257372
3200 3 50438198 -71.098763 42.260131
2495 2 50443981 -71.1149102333285 42.2929495775331
2800 4 50455511 -71.092924 42.286314
2300 2 50457986 -71.121303 42.279796
2522 0 29676924 -71.110745 42.303258
1050 1 41595330 -71.1151199 42.3075587
1120 1 41778067 -71.1138898 42.3034659
3550 0 48892074 -71.112408 42.300766
8010 3 49365645 -71.114068 42.319274
3800 2 49458996 -71.114911 42.316739
11970 4 49516460 -71.111796 42.320029
15630 4 49814519 -71.11188 42.32008
2900 2 49817934 -71.108208 42.321009
3600 3 49823959 -71.106594 42.305139
4900 3 49827254 -71.1098454869674 42.3099865775331
2975 2 49893627 -71.107901 42.303371
3600 2 49929484 -71.114682 42.316737
2300 1 50045856 -71.114053 42.316886
3100 2 50078478 -71.117269 42.304061
2800 3 50169162 -71.113965 42.316406
4200 4 50318026 -71.1084776619349 42.3217305775331
4500 3 50402618 -71.120513 42.310989
8000 4 49980230 -71.129566 42.341799
1300 1 40916063 -71.1252479 42.3443992
2200 1 40920709 -71.1252479 42.3443992
2400 1 34613406 -71.130792 42.340224
2225 0 49741323 -71.126998 42.341014
2015 0 5314826 -71.128123 42.340647
2005 0 5314825 -71.128123 42.340647
4000 4 37305522 -71.121696 42.338151
2395 1 38975715 -71.121697 42.339626
7000 4 45172186 -71.1255646 42.3288049
6100 5 45194170 -71.12272 42.343636
2095 1 45382648 -71.127319 42.339933
1740 1 45649277 -71.11826 42.34264
3630 2 45649280 -71.11888 42.33153
2025 1 45649285 -71.12406 42.34216
2250 0 45734847 -71.120138 42.340674
2250 1 45813507 -71.12521 42.34028
2025 1 45813511 -71.12521 42.34028
4500 2 45960940 -71.125485 42.342574
3200 2 46775852 -71.12337 42.335145
3250 2 47844855 -71.119017 42.345083
2670 1 47858665 -71.1249 42.32597
3700 1 48425264 -71.119728 42.324502
3700 1 48425281 -71.118985 42.331592
3600 1 48425305 -71.124894 42.325823
3600 1 48433185 -71.124551 42.325788
7000 3 48433226 -71.118474 42.332969
5000 2 48433235 -71.125043 42.336057
5500 2 48433244 -71.118985 42.331592
5500 2 48433247 -71.118512 42.333123
3180 0 48560600 -71.126999 42.341014
5000 3 48764504 -71.129915 42.339356
3600 3 49184719 -71.118395 42.344542
9999 4 49260786 -71.120574 42.338813
4110 1 49270848 -71.118804 42.331584
3640 1 49321559 -71.119628 42.343008
3570 1 49321560 -71.119628 42.343008
3800 4 49396959 -71.121802 42.324285
7260 2 49429060 -71.12519 42.330548
3850 2 49451073 -71.119484 42.33237
4110 1 49474419 -71.127742 42.329645
4110 1 49479538 -71.125775 42.326799
6930 2 49533518 -71.118647 42.333155
4380 1 49611852 -71.124302 42.325626
4260 1 49733717 -71.127591 42.336503
2800 2 49794813 -71.122929 42.325285
2250 1 49794823 -71.128602 42.3405
2650 2 49804710 -71.128602 42.3405
2600 2 49804711 -71.124113 42.341735
2050 1 49827748 -71.124113 42.341735
2650 2 49831454 -71.126228 42.345141
2250 1 49831456 -71.126123 42.345165
2295 1 49852707 -71.120138 42.340674
3625 4 49884211 -71.1242689740079 42.3312398266068
6400 4 49900186 -71.130388 42.344317
2600 2 49983467 -71.118768 42.336422
2795 1 50017878 -71.12141 42.343135
3470 1 50032454 -71.119628 42.343008
2600 2 50043678 -71.126123 42.345165
4295 4 50049716 -71.119812 42.336303
3700 1 50055979 -71.1184049524272 42.3326108266068
2500 1 50056017 -71.124744 42.340542
4350 2 50056019 -71.129915 42.339356
1950 0 50080245 -71.120138 42.340674
1825 0 50100366 -71.124104 42.341768
2800 2 50120337 -71.128329 42.339646
2700 1 50121790 -71.122429 42.345354
2400 1 50128145 -71.12419 42.334192
4000 3 50155652 -71.127626 42.343476
2800 1 50155804 -71.12764 42.339833
3400 2 50157651 -71.122906 42.336381
4950 2 50181787 -71.118148 42.331254
3000 2 50200668 -71.1250242 42.3360975
2575 1 50205088 -71.119812 42.340601
2575 1 50217083 -71.120558 42.340696
2100 0 50230319 -71.121418 42.339763
1950 0 50233730 -71.120138 42.340674
4350 4 50233973 -71.129783 42.33937
3295 2 50246208 -71.1198097885622 42.3430178266068
2600 1 50249043 -71.119212 42.339854
5100 2 50253669 -71.129329 42.33931
2250 0 50290677 -71.119628 42.341014
2250 0 50290683 -71.119447 42.341008
2200 1 50290749 -71.118576 42.343582
2250 0 50323342 -71.118244 42.341482
3800 3 50323357 -71.119904 42.340066
4995 2 50323466 -71.129329 42.33931
3675 1 50344200 -71.126955 42.340051
3800 2 50349469 -71.119469 42.340538
2395 1 50362556 -71.120138 42.335894
2150 1 50381406 -71.1200648 42.3408105
10500 3 50385635 -71.121963 42.339669
3200 1 50421722 -71.126775 42.342376
2600 2 50421726 -71.1220740473966 42.3265768266068
3295 1 50429758 -71.123234 42.338057
2977 1 50442184 -71.124566 42.340856
2550 1 50448390 -71.128104 42.339719
2700 2 50448391 -71.128104 42.339719
2920 2 50448521 -71.128111 42.344378
4375 3 50368866 -71.10821 42.324302
10000 3 49317423 -71.11138 42.341574
775 1 37721598 -71.1072569 42.327058
4575 4 40141541 -71.105858788324 42.3302095775331
2950 2 45384423 -71.116296 42.34115
2400 1 47316501 -71.1067690084688 42.344969577533
3600 1 47828173 -71.1116778826846 42.3370408266068
5695 6 48303962 -71.1052199965028 42.344167577533
6000 5 48303963 -71.1052149963088 42.3441545775331
5000 2 48433199 -71.112668 42.337523
5000 2 48433213 -71.112642 42.337188
2600 1 48442921 -71.117965 42.342647
3300 3 48555041 -71.110547 42.332611
1575 0 48735578 -71.117033 42.342039
2575 1 48783395 -71.1092319 42.3308966
6000 4 49135685 -71.115408 42.343412
3000 3 49151372 -71.114395 42.324103
4470 1 49191978 -71.115017 42.335338
7200 4 49399273 -71.113148 42.338913
6780 2 49467899 -71.112668 42.337523
2595 2 49489333 -71.114395 42.324103
7020 2 49497145 -71.11285 42.336903
4380 1 49610732 -71.115728 42.335486
4470 1 49697136 -71.112642 42.337188
13500 3 49697143 -71.115092 42.334341
8000 3 49783780 -71.108494 42.343617
2000 2 49794819 -71.116523 42.345331
3400 2 49803708 -71.109353 42.331422
3500 2 49826633 -71.108449 42.327788
3500 2 49869419 -71.117439 42.345346
3000 2 49872601 -71.111831 42.335765
2400 2 49996067 -71.116547 42.345265
3975 3 50029904 -71.1117219157631 42.3349398266068
2095 0 50049679 -71.116772 42.343109
2185 1 50053566 -71.116523 42.345331
1895 0 50087102 -71.109422 42.345079
3500 2 50106323 -71.109008 42.330866
3850 2 50106342 -71.117484 42.343563
2150 0 50128117 -71.106519 42.344709
2800 1 50155660 -71.106519 42.344709
8000 4 50166616 -71.110153 42.344803
2800 1 50169128 -71.112157781333 42.3434768266068
9000 4 50180283 -71.114812 42.340779
2200 1 50190332 -71.117985 42.343695
4000 2 50224405 -71.112558 42.335797
4000 2 50230291 -71.112558 42.335797
2250 0 50244336 -71.116891 42.342047
2150 0 50244405 -71.116812 42.341617
2000 0 50265693 -71.116772 42.342047
3300 1 50318035 -71.1168138205642 42.3409858266068
2800 2 50320996 -71.112474 42.3382
2300 1 50334092 -71.111584 42.324274
2250 0 50344636 -71.117804 42.341468
3200 2 50408213 -71.1172 42.336018
2100 1 50419519 -71.111768 42.330565
1150 3 50384323 -71.102039 42.312274
3575 5 50266945 -71.09575 42.315412
1100 3 50023338 -71.1020753 42.3122849
3400 4 50020147 -71.083311 42.305775
3200 3 49909420 -71.080986 42.317593
2550 1 49760809 -71.101505 42.312773
2600 3 48102888 -71.08345 42.306205
2346 0 36879563 -71.101084 42.31253
3000 2 41815262 -71.0814167 42.3155239
3200 4 46555255 -71.094959 42.315038
2895 5 47814102 -71.0899583 42.3142324
2600 3 49117291 -71.101778 42.317284
2400 1 49137902 -71.0827396600124 42.3216015775331
6210 2 49188018 -71.099909 42.315208
3400 3 49270142 -71.1044449 42.3208976
4150 4 49479878 -71.101422 42.309735
5370 1 49484483 -71.102205 42.311361
5760 2 49560949 -71.09844 42.309916
3400 4 49742554 -71.090699 42.309902
3850 4 49824018 -71.097415 42.317914
2800 4 49824029 -71.0897105841818 42.3165125775331
3000 3 49884470 -71.080941 42.317568
3450 2 49885836 -71.079509 42.317817
2800 2 49885852 -71.079509 42.317817
3200 2 49999951 -71.103857 42.316044
3000 2 50169135 -71.091415 42.319989
3500 3 50333356 -71.100586 42.317323
2400 3 50365271 -71.088588 42.316962
2600 4 50365272 -71.088588 42.316962
3000 3 50429741 -71.102616 42.309808
2800 1 50430359 -71.104778 42.319358
3000 4 50455510 -71.082484 42.302508
6000 2 50325098 -71.080709 42.34515
900 6 50151242 -71.1003108 42.3295549
3070 1 45959893 -71.101039 42.334151
3107 0 47049370 -71.101291 42.333789
2970 0 47049369 -71.101291 42.333789
3200 1 43062412 -71.0823684 42.3444878
4700 2 43136504 -71.0823684 42.3444878
5900 3 43136536 -71.0823684 42.3444878
2625 1 29653527 -71.101622 42.333447
4700 1 43198588 -71.087098 42.345141
3380 1 45030985 -71.0863087 42.3437753
4060 0 45171234 -71.081698 42.338833
3750 1 45813517 -71.10195 42.34367
2250 1 45813519 -71.10495 42.32596
2880 0 46958418 -71.081425 42.339992
2300 1 47457917 -71.10074 42.342982
7170 1 47570437 -71.07962 42.34178
4500 3 48198509 -71.085442 42.336753
4500 3 48570337 -71.102803 42.333745
3750 0 48657447 -71.081698 42.338833
7800 2 48813574 -71.08476 42.336669
3800 2 48903137 -71.09761 42.342838
5700 5 49096537 -71.103008 42.32964
4600 2 49124628 -71.087972 42.341468
2300 0 49124923 -71.095581 42.3435
2650 1 49124933 -71.095581 42.3435
3940 0 49139897 -71.081698 42.338833
3900 2 49169607 -71.081995 42.34419
4000 2 49172773 -71.096924 42.343239
2760 1 49194622 -71.104368 42.343575
1900 0 49215256 -71.097333 42.343039
15000 2 49259203 -71.082815 42.34097
17250 4 49358739 -71.093993 42.32844
3000 1 49387107 -71.103677 42.343161
2300 0 49399382 -71.095581 42.3435
2350 0 49399384 -71.095788 42.3443
15000 2 49424587 -71.082815 42.34097
10500 3 49441554 -71.089941 42.324374
8790 2 49476029 -71.101921 42.343695
5970 1 49476038 -71.101921 42.343695
4560 0 49476041 -71.101921 42.343695
11490 3 49476045 -71.101921 42.343695
4500 0 49476130 -71.101921 42.343695
5070 0 49517520 -71.094405 42.330233
5070 1 49557933 -71.094748 42.329337
5370 1 49624436 -71.094647 42.329058
22170 2 49661295 -71.092662 42.324161
5070 0 49671338 -71.094909 42.32921
4650 1 49689193 -71.094748 42.329337
8250 3 49715688 -71.093474 42.325426
2200 1 49738830 -71.081072 42.345135
3400 4 49794805 -71.088896 42.324418
3200 3 49803621 -71.083015 42.333008
14340 2 49833337 -71.08237 42.34449
6500 2 49860115 -71.08456 42.336809
5200 2 49866659 -71.07977 42.338093
4200 2 49919275 -71.079931 42.339303
2500 2 49982440 -71.089539 42.328755
4000 3 49999888 -71.101952 42.332264
4500 5 50006870 -71.097763 42.330822
5850 6 50063719 -71.086842 42.324583
2375 0 50106737 -71.096924 42.342127
2600 1 50147678 -71.0951879 42.328734
3440 3 50154443 -71.094976 42.324337
3000 1 50166145 -71.0939 42.3411
3350 2 50167326 -71.095788 42.3443
2800 1 50204930 -71.096924 42.343239
3200 2 50239305 -71.100449 42.342279
1450 1 50260864 -71.0888024 42.3249935
2650 1 50300321 -71.0821711 42.341623
2800 1 50301561 -71.089539 42.344265
3400 1 50309383 -71.098543 42.331657
4615 0 50313078 -71.098543 42.331657
6000 2 50317440 -71.080709 42.34515
2895 1 50380911 -71.101248 42.342398
4130 2 50396355 -71.102876 42.333765
4130 2 50396356 -71.102876 42.333765
4130 2 50396357 -71.102876 42.333765
4724 1 50404685 -71.101096 42.343893
4044 0 50404686 -71.101096 42.343893
2300 0 50404723 -71.095962 42.344279
3750 2 50408441 -71.104039 42.329562
4130 1 50408442 -71.096543 42.343244
3350 3 50413761 -71.095962 42.344279
3750 2 50416133 -71.104339 42.329979
6044 2 50421631 -71.101096 42.343893
3500 2 50424652 -71.096197 42.343346
3650 2 50455199 -71.080028 42.338671
2100 1 50457904 -71.0962969831945 42.343275577533
2650 1 50457907 -71.10143195834 42.341609577533
3900 4 47289402 -71.175008 42.352458
2800 2 42914332 -71.1757182 42.3812744
5000 5 43656530 -71.175638 42.352733
3000 1 48023105 -71.1579797922405 42.3479562554958
2950 1 48023108 -71.1579797922405 42.3479562554958
3100 1 48023112 -71.1579797922405 42.3479562554958
3550 2 48023113 -71.1579797922405 42.3479562554958
3650 2 48023116 -71.1579797922405 42.3479562554958
3550 2 48023118 -71.1579797922405 42.3479562554958
3600 2 48023119 -71.1579797922405 42.3479562554958
3800 4 48591695 -71.168511 42.352103
2500 2 48878648 -71.1658 42.376179
2850 3 49069450 -71.165307 42.351607
4395 4 49143232 -71.170576 42.352458
3800 4 49273220 -71.162704 42.351488
3800 4 49297509 -71.181174 42.358229
3850 4 49479832 -71.165279 42.354913
4800 5 49479838 -71.172249 42.354802
2500 3 49537993 -71.159046 42.371214
3500 3 49749193 -71.1695427636543 42.3504862554958
2600 2 49783562 -71.167613 42.369954
2900 2 49794783 -71.16137 42.373846
3950 4 49827257 -71.1747676442623 42.3531903156152
2650 3 49840350 -71.169188 42.349178
4200 4 49844729 -71.168511 42.352103
3200 3 49909311 -71.161892 42.37659
3300 2 49951856 -71.162279 42.379544
3700 3 49980229 -71.177279 42.365978
3750 2 50011932 -71.176305 42.353229
1850 1 50018706 -71.1758789 42.3540419
3000 3 50078461 -71.166279 42.353874
3200 3 50096500 -71.161892 42.37659
3000 3 50102459 -71.1664149937161 42.3717732572248
2800 3 50106399 -71.164289 42.368571
2850 3 50106420 -71.171938 42.370079
2800 3 50106555 -71.170993 42.363162
3600 4 50106625 -71.181006 42.357912
3300 4 50109339 -71.1703157368951 42.3528542554958
5000 4 50122066 -71.167762 42.377749
4000 3 50131195 -71.168315 42.377888
8000 5 50134180 -71.164875 42.385747
3600 3 50142034 -71.181174 42.358229
3400 4 50145980 -71.178063 42.383672
5370 1 50161697 -71.157665 42.370087
2600 2 50169109 -71.1826486275476 42.3901669700638
2400 2 50181773 -71.1760940760884 42.3781202572248
2500 2 50195979 -71.1734677528402 42.3514432554958
2895 2 50235178 -71.173582 42.351813
5195 4 50252771 -71.158093 42.345726
3400 2 50284699 -71.180855 42.355893
2900 2 50329736 -71.1782649 42.3534647
2700 2 50352403 -71.1592724773211 42.3756689700638
2700 3 50377874 -71.161315 42.354472
2975 3 50381963 -71.165289 42.351777
3000 3 50382010 -71.1680707109238 42.3551522554958
2995 2 50387306 -71.171088 42.380981
3300 3 50387307 -71.176806 42.381039
2300 2 50430721 -71.1728147 42.3665645
3200 4 50438142 -71.162816 42.353283
2900 3 50443995 -71.1720607269726 42.3537322554958
2950 3 50455130 -71.163839 42.352155
3000 3 50457953 -71.162263 42.355777
850 6 50026758 -71.1404348 42.3509275
2351 0 43845739 -71.1455 42.347376
3441 0 36275698 -71.133678 42.347959
1856 0 36275695 -71.133678 42.347959
2000 1 35001569 -71.1527 42.3495
4140 2 35529427 -71.149444 42.349799
2400 3 38126981 -71.150149 42.346084
4400 4 39748590 -71.1400424147962 42.3541080660475
4400 4 40996116 -71.139231 42.353607
3000 2 42636875 -71.1400878 42.3609161
4020 0 43898841 -71.1455 42.347376
3900 1 43898844 -71.1455 42.347376
3900 1 43903033 -71.1455 42.347376
4020 1 43903034 -71.1455 42.347376
4020 1 43903035 -71.1455 42.347376
4020 1 43903036 -71.1455 42.347376
4613 3 45649369 -71.14273 42.35822
3990 2 46273688 -71.149365 42.349661
26700 3 46763244 -71.13217 42.36276
4000 1 46769193 -71.1455 42.347376
3470 0 46769194 -71.1455 42.347376
3910 1 46769195 -71.1455 42.347376
3860 1 46958420 -71.1455 42.347376
4500 2 47378268 -71.1401098195466 42.3455392554958
6840 1 47440950 -71.1322 42.3628
2895 1 47608775 -71.135778 42.356263
2650 2 47735234 -71.1384 42.348279
4300 4 48640793 -71.1338003760675 42.3511080660475
4300 5 48764726 -71.135427 42.351572
3600 4 49069429 -71.140365 42.346982
1950 0 49112451 -71.1395367779253 42.3492232554958
2900 3 49124454 -71.132013 42.359466
4600 3 49143229 -71.134687 42.35984
2800 3 49350576 -71.136884 42.348647
2500 3 49456470 -71.134953 42.34919
5000 6 49545945 -71.138231 42.351828
2350 2 49685320 -71.1531888115935 42.3462432554958
2880 0 49696033 -71.136351 42.35861
2700 0 49696091 -71.137878 42.357509
6120 3 49731337 -71.142247 42.358716
2995 0 49749052 -71.146341 42.359972
3500 1 49749053 -71.146341 42.359972
26700 3 49753351 -71.13219 42.3628
2800 3 49766356 -71.139706672583 42.3585442554958
5200 6 49803627 -71.148881 42.350229
3011 0 49823972 -71.133989 42.347661
3100 3 49824090 -71.139953 42.352131
2550 2 49883672 -71.1356124316579 42.3554140660475
4000 2 49884098 -71.142935 42.355789
3400 3 49884217 -71.140713 42.360689
1825 1 49962148 -71.139748 42.349998
2600 2 50012786 -71.134997 42.362518
3000 3 50045407 -71.149365 42.349661
2850 1 50054253 -71.1376532 42.3638048
2000 1 50055953 -71.1512057616881 42.3506602554958
2400 3 50102129 -71.131128 42.355428
2100 0 50161008 -71.136464 42.352269
2800 2 50174013 -71.139608 42.347884
5000 4 50204603 -71.132231 42.360945
2150 1 50218715 -71.132351 42.350949
2200 1 50226764 -71.1371713277296 42.3473630660475
3600 4 50232928 -71.154602 42.351637
2350 2 50246206 -71.15669 42.356344
2200 1 50290965 -71.14039 42.346555
2400 2 50309268 -71.140598 42.360027
3700 4 50339357 -71.155993 42.353366
5970 1 50346375 -71.134905 42.363522
3300 2 50374577 -71.134919 42.352214
3800 4 50377835 -71.151429 42.35461
2100 1 50377850 -71.139622 42.345862
900 6 50385871 -71.140341 42.350922
5000 5 50393502 -71.1343675194965 42.3622160660475
2000 1 50404708 -71.1513357655752 42.3503162554958
2400 2 50425492 -71.144103 42.360978
2200 1 50438139 -71.1525587873257 42.3483912554958
3300 2 50438143 -71.145968 42.354283
3000 2 50438146 -71.145668 42.354745
3400 4 50443972 -71.135716366851 42.3503940660475
3800 2 50444206 -71.1316896 42.3467444
1800 1 50448392 -71.131576 42.34972
2800 2 50455725 -71.140881 42.359488
2300 1 50457897 -71.139333800296 42.3472432554958
2650 2 50457912 -71.13857 42.352834
3000 3 50457954 -71.1532227632136 42.3505252554958
3000 3 50457955 -71.1533237682532 42.3500792554958
4000 4 50458013 -71.134622 42.360864
2500 2 50347683 -71.153884 42.373326
2700 3 39236439 -71.1527275 42.3729528
3000 3 42535657 -71.145861 42.376419
3100 3 43397476 -71.1500744766443 42.3756706378995
3930 1 43903032 -71.139345 42.389974
3000 3 45393045 -71.1449404572462 42.3768436378995
4900 3 46089690 -71.132375 42.37516
2650 2 47047428 -71.147895 42.375893
2800 2 48664397 -71.1314015 42.3841445
1500 1 48809336 -71.13398 42.3847
3000 2 49172758 -71.1424036 42.3824661
9540 3 49188161 -71.149724 42.377703
4050 0 49203332 -71.144359 42.379441
2600 1 49273114 -71.1316954677144 42.3762106378995
2500 1 49505189 -71.154137 42.375631
3600 3 49505194 -71.154113 42.375606
3350 2 49794869 -71.134784 42.386011
10750 4 49950939 -71.136492 42.382728
5950 3 49951851 -71.132784 42.385561
4500 3 49969459 -71.136734 42.385619
2600 2 49980170 -71.156172 42.370152
3400 1 50029664 -71.135648 42.375287
2700 3 50102352 -71.1526798 42.3728626
4200 4 50106466 -71.153229 42.373298
2950 3 50122028 -71.156871 42.375902
3950 2 50130918 -71.144444 42.388981
2750 2 50137552 -71.140682 42.378249
3700 2 50178271 -71.140335 42.389026
4200 3 50184851 -71.1497337 42.3788772
3650 2 50252666 -71.153837 42.380059
2495 2 50253175 -71.154993 42.376382
2400 1 50267526 -71.150507 42.372888
2800 3 50294981 -71.15449 42.368362
3200 3 50334701 -71.152596 42.368046
2600 2 50344181 -71.134723 42.381669
3300 4 50375580 -71.156602 42.368059
4500 0 50416275 -71.140335 42.389026
3100 2 50419786 -71.156871 42.369162
3100 3 50424189 -71.156093 42.375148
2340 0 49030485 -71.154355 42.399304
2370 1 49030484 -71.154355 42.399304
2490 0 47509958 -71.144912 42.398475
2508 0 40248666 -71.142909 42.393077
2027 0 40248668 -71.142909 42.393077
2300 0 13430589 -71.1383062323892 42.3904356378995
1750 1 14808947 -71.152061 42.415111
3600 3 17597715 -71.1554 42.418
4000 2 26945634 -71.1443261701091 42.3941986378995
2100 2 30799875 -71.132689 42.403418
3500 3 31320150 -71.1378970753171 42.3999246378995
2000 1 32240476 -71.1432385 42.409301
2723 1 37395326 -71.146218 42.39175
4900 4 40996394 -71.134475 42.394432
2500 1 41285474 -71.13283 42.3973593
2200 2 41636957 -71.1749978 42.4241455
1300 1 42930643 -71.1328286 42.3973936
4250 1 45171239 -71.13418 42.398356
3000 2 46549963 -71.1363105 42.3997194
2700 3 46820306 -71.1318391800088 42.4211967224721
4000 2 46863757 -71.146493 42.392281
4000 3 46863764 -71.146493 42.392281
1950 1 46904690 -71.1711452 42.4217029
2000 1 47040376 -71.1580842 42.419379
1900 1 47047411 -71.146103 42.408149
3950 4 47229937 -71.1311301871905 42.3931666378995
5250 2 47557231 -71.145365 42.393737
6000 5 48049907 -71.158155 42.431678
8500 4 48414796 -71.134475 42.394474
4800 4 48603131 -71.1323882 42.4169659
2200 2 48615423 -71.1439317660186 42.4086327778984
3000 3 48666819 -71.133936 42.418154
3000 3 48852706 -71.135723 42.419753
3500 2 48891785 -71.1333583 42.3950628
2800 2 48946126 -71.141283 42.412969
3100 3 48958405 -71.158256 42.41535
4900 4 48993738 -71.134475 42.394432
2800 2 49011919 -71.1421668543712 42.4148747778984
3200 2 49716774 -71.13163 42.398194
4000 4 49787511 -71.163944085988 42.4312287778984
2400 2 49915726 -71.1334238671669 42.4033766497556
2400 1 49969453 -71.131142 42.418833
8000 4 49999505 -71.134475 42.394474
2300 2 50068416 -71.133293 42.424646
3600 4 50156080 -71.144103 42.405389
2700 2 50197780 -71.15349 42.413468
2800 2 50246222 -71.147987 42.40591
1950 0 50250316 -71.161056 42.416521
2750 2 50252280 -71.1486873 42.4128699
3600 3 50267527 -71.1417077789116 42.4095437778984
3000 3 50272992 -71.1815069729455 42.4232487778984
2600 2 50291074 -71.1430128 42.406056
2150 1 50298630 -71.134936 42.399597
3200 4 50309303 -71.135723 42.419753
2100 1 50326087 -71.133608 42.413853
3950 4 50349575 -71.136072 42.394997
2200 2 50397328 -71.139556 42.409184
4480 2 50403687 -71.145638 42.391718
4540 2 50403688 -71.145638 42.391718
3600 2 50413753 -71.13619219444 42.3927286378995
3162 1 50417045 -71.146895 42.395474
2600 2 50428708 -71.1435087 42.4026767
4150 3 50430322 -71.1736587086131 42.3979859700638
3276 1 50438149 -71.13418 42.398356
2833 1 50448451 -71.145365 42.393737
2500 1 50457787 -71.132827 42.39745
4800 4 48967412 -71.125019 42.350846
3600 4 48487682 -71.125915 42.34936
2100 0 46605263 -71.121733 42.350874
3800 4 43777619 -71.126437 42.349265
275 0 46960450 -71.130919 42.36034
2995 2 47378028 -71.129821 42.35014
4557 1 48049898 -71.1304134064432 42.3534610660475
3655 1 48059694 -71.1296495 42.3529714
3000 2 48591996 -71.119296 42.347331
4140 2 48625671 -71.121385 42.352745
3100 3 48728484 -71.128702 42.352199
1550 5 48846681 -71.1308 42.3561
1550 4 48846938 -71.1308 42.3561
2450 2 48932213 -71.129502 42.350846
5500 4 48964103 -71.119296 42.347331
1895 0 49011979 -71.1306134126273 42.3539400660475
2000 0 49080540 -71.129502 42.350846
4900 3 49143230 -71.130541 42.35218
4500 4 49183648 -71.129502 42.350846
2000 0 49273212 -71.129143 42.350988
2500 2 49287566 -71.129143 42.350988
6800 6 49399290 -71.129901 42.348047
3100 3 49456466 -71.12537 42.35061
2950 3 49493884 -71.126437 42.349265
3600 4 49548075 -71.12584 42.349524
3600 4 49599711 -71.128329 42.352041
10470 2 49612877 -71.128336 42.360519
5000 5 49669927 -71.128856 42.351716
15000 3 49711312 -71.129402 42.351199
2650 2 49738835 -71.122167 42.352336
2650 2 49794830 -71.121632 42.352172
2775 3 49794841 -71.122167 42.352336
4100 3 49794872 -71.125355 42.360939
3200 2 49835624 -71.122019 42.345726
3700 4 49884460 -71.12858 42.351125
4000 3 49900187 -71.126513 42.34842
2700 3 50013514 -71.12719 42.358396
3700 4 50087247 -71.130659 42.345735
3300 4 50102130 -71.130293 42.353199
4500 2 50118161 -71.126329 42.353307
3000 2 50128142 -71.127019 42.351037
3300 3 50137536 -71.127019 42.351037
3800 3 50155739 -71.124867 42.348113
2950 3 50195977 -71.12858 42.354883
2700 3 50204604 -71.129234 42.361297
2500 3 50267555 -71.1283914678512 42.3582170660475
2400 2 50269726 -71.127548 42.355037
2650 0 50322328 -71.129023 42.350955
2819 1 50334678 -71.1236885366494 42.3635440660475
3600 2 50334702 -71.121058 42.345449
4440 4 50355061 -71.127658 42.358503
4200 3 50355062 -71.127658 42.358503
3600 3 50385672 -71.121058 42.345449
3800 1 50385800 -71.121946 42.351572
3800 4 50389655 -71.131033 42.357514
2495 1 50400171 -71.130553 42.34886
2000 1 50403427 -71.127429 42.35114
2000 0 50408283 -71.129955 42.353777
3400 1 50413749 -71.124286 42.352428
5750 7 50438106 -71.1243 42.3597
2200 0 50438145 -71.126811 42.350056
5200 2 50448523 -71.124999 42.354037
1750 1 50453922 -71.128271 42.352269
3700 2 13430644 -71.1065016262827 42.3666196378995
3600 2 13430660 -71.1130836325802 42.3662406378995
4400 3 24207135 -71.1130836325802 42.3662406378995
4400 3 25089410 -71.1104567684835 42.3580146378995
3600 3 26412691 -71.1079796 42.3647895
3800 3 26647282 -71.1121997069011 42.3617416378995
3695 2 26647283 -71.108045610464 42.3675766378995
4100 3 31596221 -71.1094306767583 42.3635686378995
3100 2 35178729 -71.1133736389436 42.3658536378995
3000 2 35178730 -71.1132906292579 42.3664396378995
2200 0 36701624 -71.1136116325471 42.3662406378995
3200 2 37275714 -71.113689634828 42.3661026378995
4600 3 41645816 -71.106027 42.365706
6250 5 44351996 -71.107753 42.34815
3525 1 44911740 -71.1080136123485 42.3674626378995
3400 3 45444662 -71.108199 42.3571041
3500 2 45791925 -71.1068486520834 42.3650586378995
2945 1 45829766 -71.110636 42.367792
4550 3 45851850 -71.106027 42.365706
3675 3 46578797 -71.113238 42.36128
1950 1 48058432 -71.1089947492681 42.3591776378995
2000 0 48291592 -71.1077974 42.3674454
8500 3 48442851 -71.113371 42.364326
8500 4 48442882 -71.113365 42.364334
2200 1 48442889 -71.107949 42.345412
2800 1 48658690 -71.1147003 42.3677541
2985 2 48684391 -71.1081383 42.3677852
5500 2 48777041 -71.110251 42.365262
2550 1 48799595 -71.1132175 42.3593426
3050 2 48937032 -71.118065 42.347511
3000 2 48977611 -71.1135156 42.3677267
3525 1 49067477 -71.1064391 42.3657247
3525 1 49088361 -71.1054556328777 42.3662206378995
4290 1 49103071 -71.105914 42.356777
4150 3 49151455 -71.109367 42.362836
2400 1 49288422 -71.118065 42.347511
2760 1 49372467 -71.107857 42.345449
7050 1 49417097 -71.108708 42.346135
4250 4 49443803 -71.116512 42.349449
3750 3 49456471 -71.110277 42.360311
3540 0 49618943 -71.11059 42.3463
3400 2 49786684 -71.11342 42.364689
4795 3 49823932 -71.116512 42.345876
3000 2 49835622 -71.116512 42.349449
8000 3 49976146 -71.113371 42.364326
4975 5 49980506 -71.112251 42.357626
5880 6 49980507 -71.112313 42.357572
2600 2 49996066 -71.116495 42.345449
4400 3 50038273 -71.1121147056452 42.3618176378995
4400 3 50057546 -71.1130599 42.3613599
2400 2 50111011 -71.1093768 42.3635752
3300 2 50117619 -71.1063766 42.3574868
3500 2 50143846 -71.1134037 42.3646847
2200 0 50145301 -71.1134156358198 42.3660426378995
11500 7 50155651 -71.10739 42.345563
3200 2 50155654 -71.117074 42.348812
7500 3 50159475 -71.1057921 42.3599447
4250 3 50159578 -71.1121557 42.3652534
3800 2 50200389 -71.106638 42.359988
2500 0 50223790 -71.1091369 42.351438
2550 1 50236124 -71.1113416411419 42.3657206378995
4000 2 50248984 -71.1075006 42.3660343
4350 1 50316205 -71.105914 42.356777
4000 2 50327457 -71.107533 42.365661
2800 1 50334710 -71.107367 42.367107
4125 3 50344210 -71.116017 42.347468
3500 3 50386279 -71.111866 42.361818
2500 1 50417055 -71.1066776174561 42.3671536378995
3000 1 50428715 -71.1141469 42.3674092
6400 4 50430330 -71.108418 42.358366
3400 2 50107910 -71.121988 42.384925
4900 2 13069050 -71.122143 42.388577
2440 0 16557009 -71.129658 42.387138
3120 1 13430610 -71.1213464864338 42.3750786378995
4115 2 13430642 -71.1213464864503 42.3750776378995
3525 1 13430646 -71.1192603821072 42.3813856378995
3535 1 13430673 -71.1194603935537 42.3807006378995
3625 1 30442935 -71.1215874954955 42.3745306378995
2625 0 31570545 -71.1184915146597 42.3733786378995
3500 1 33040868 -71.1216494115496 42.3796096378995
2500 0 36212138 -71.1191515277219 42.3725816378995
3795 2 36701625 -71.1215874954955 42.3745306378995
3225 0 37308674 -71.1210575088229 42.3737246378995
3525 1 40995914 -71.122775 42.373991
3600 4 40996271 -71.119561 42.386336
3000 1 41645989 -71.122688 42.379148
3450 1 45336956 -71.122626 42.374069
3255 2 45336990 -71.122023 42.380515
4800 3 45481475 -71.1212323813959 42.3814296378995
4650 3 45726090 -71.1209843888891 42.3809766378995
2880 0 45726526 -71.120299 42.380925
5200 3 45833941 -71.124355 42.378408
2500 1 45862961 -71.12019 42.37212
2950 2 46846798 -71.1287108 42.3824097
3100 2 47191061 -71.124669 42.390091
2695 0 48989251 -71.122688 42.379148
3325 2 49036153 -71.1218768 42.3802087
4200 4 49113937 -71.123082 42.387686
8900 3 49453478 -71.12237 42.389253
3090 1 49716605 -71.1211524861031 42.3750986378995
2500 1 49801497 -71.12019 42.37212
5500 2 49823962 -71.127956485607 42.3751286378995
3450 1 49999497 -71.122775 42.373991
5000 1 50021497 -71.124474 42.372929
4000 1 50057664 -71.1218768 42.3802087
2500 1 50080259 -71.12019 42.37212
2850 2 50127519 -71.1306112 42.3842328
3600 2 50165623 -71.1194354031803 42.3801126378995
2950 2 50165624 -71.1277194846479 42.3751866378995
2950 2 50169087 -71.12872 42.374757
3790 2 50249353 -71.120506413281 42.3800630136925
3400 2 50260712 -71.1220654 42.3849201
3600 2 50268927 -71.125735 42.372728
3700 3 50294634 -71.120138 42.385039
2995 1 50323293 -71.122688 42.379148
2100 0 50343819 -71.125618 42.379705
4400 4 50386281 -71.122574 42.388095
3400 1 50418806 -71.1245873938679 42.3806756378995
1925 0 50435801 -71.11873 42.381419
4300 3 50444411 -71.1252943958363 42.3805566378995
2975 2 50444412 -71.1252943958363 42.3805566378995
3800 3 50457924 -71.130592 42.386473
3400 2 40343594 -71.112339 42.370049
2919 2 40343589 -71.111877 42.36913
2795 1 35001587 -71.117046 42.384956
3500 2 35001589 -71.117046 42.384956
2550 0 35001574 -71.108505 42.370252
3100 1 35001575 -71.108505 42.370252
2560 0 67212 -71.108995 42.368903
2495 1 13468691 -71.1169703124106 42.3855986378995
2600 2 14638581 -71.1167955090361 42.3858093446277
3100 1 17901098 -71.1075995955704 42.3684806378995
3100 1 24772162 -71.1093815950744 42.3685076378995
3600 2 30330974 -71.1093815950744 42.3685076378995
2750 1 31106552 -71.1074555100796 42.3736486378995
2600 1 35667633 -71.1111565304996 42.3724136378995
2395 1 40995643 -71.106008 42.386087
3700 4 40996269 -71.106008 42.386759
3700 4 40996300 -71.106008 42.386759
4999 4 40996391 -71.113689 42.369571
2600 1 42055126 -71.112195 42.371952
2395 1 45108818 -71.1054230343351 42.3854446497556
2600 1 45336972 -71.110484 42.371287
2600 1 45386392 -71.1091245459584 42.3714786378995
8100 7 45517690 -71.106841 42.374298
3500 4 45570782 -71.105616 42.377984
2995 2 45718647 -71.1095975992732 42.3682536378995
2850 1 45726091 -71.1167653669053 42.3823056378995
7599 5 46915526 -71.113689 42.369571
2700 2 47304689 -71.10774 42.368158
3000 2 48761495 -71.109716 42.375079
3528 2 48790813 -71.1117825 42.3692697
2700 2 48799119 -71.1124141 42.3717804
3800 3 48799129 -71.1080365 42.3688518
3650 2 48851835 -71.1169711 42.3854982
3100 2 48851876 -71.1116631 42.3703825
3700 3 48885370 -71.106008 42.386759
2500 1 48954879 -71.1117825 42.3692697
2550 1 49067505 -71.1053559 42.3770374
4100 3 49096553 -71.108163 42.374533
2900 1 49169790 -71.1113854 42.3707047
3999 4 49315933 -71.118062 42.381032
3375 1 49449388 -71.109008 42.370346
3075 1 49449390 -71.117339 42.38546
6660 1 49582749 -71.110911 42.372494
4195 3 49884257 -71.105381 42.36928
2495 1 49897471 -71.1065390255852 42.3863836497556
4600 4 50030096 -71.106646 42.377069
3600 2 50109309 -71.106646 42.376561
3800 3 50110937 -71.1102533 42.3866419
3600 3 50118022 -71.112123 42.387919
3595 2 50178269 -71.116812 42.385007
4500 3 50198144 -71.1104471 42.3869357
2400 2 50209203 -71.1108763 42.3872986
3700 4 50223759 -71.106008 42.386759
2300 0 50224406 -71.112195 42.371952
2850 2 50232135 -71.108289 42.376925
1950 0 50262062 -71.1152 42.371571
4350 2 50287335 -71.112296 42.376021
2300 1 50290120 -71.1131586 42.372055
3500 2 50308377 -71.110454 42.381883
3300 3 50309380 -71.1168503 42.3874799
4800 4 50318068 -71.1139450021383 42.3888996497556
2900 2 50367351 -71.110371 42.376846
3150 1 50375738 -71.116965 42.385473
4195 3 50375739 -71.105381 42.36928
2600 1 50393128 -71.1104606 42.3713032
2600 1 50397330 -71.110484 42.371287
3800 3 50408517 -71.109243 42.385176
2100 1 50415385 -71.1132861 42.3860736
5500 5 50419732 -71.106238 42.382798
6600 6 50419742 -71.106238 42.382798
2700 2 50421709 -71.1068606009758 42.3681506378995
2600 2 50426441 -71.117106 42.388011
2600 2 50428462 -71.1133248 42.3841551
3600 3 50428562 -71.1065994402782 42.3778696378995
2600 2 50428712 -71.1133248 42.3841551
3000 2 50443988 -71.1083794577424 42.3768136378995
3100 2 50446569 -71.108887 42.368059
10500 5 50041808 -71.099134 42.350396
2630 0 42926891 -71.099897 42.347946
3710 2 64206 -71.104646 42.3646
3895 2 13430628 -71.102882643274 42.3655916378995
4500 3 26647284 -71.1049886337537 42.3661676378995
2000 0 30714657 -71.1033 42.3634
4650 3 31456525 -71.1050786339851 42.3661536378995
2815 0 40995703 -71.099815 42.363753
5375 2 40996274 -71.099815 42.363753
5994 3 40996410 -71.099815 42.363753
9750 5 42563049 -71.0991109 42.35047
3460 0 43809837 -71.099815 42.363753
3420 0 45230573 -71.099815 42.363753
3330 0 45230575 -71.099815 42.363753
3000 0 45424847 -71.0991836665283 42.3641846378995
2700 1 45995140 -71.103921 42.36513
3600 2 46284398 -71.0977300528609 42.347944577533
3218 1 46391525 -71.101008 42.359874
3742 1 46391527 -71.101008 42.359874
4010 1 46391529 -71.101008 42.359874
3591 1 46486079 -71.101008 42.359874
3598 1 46486080 -71.101008 42.359874
3608 1 46486081 -71.101008 42.359874
3652 1 46486082 -71.101008 42.359874
3657 1 46486083 -71.101008 42.359874
3828 1 46486084 -71.101008 42.359874
3367 1 46514667 -71.102418 42.360783
4750 2 46928052 -71.102822 42.346582
4000 2 47456701 -71.1023147019271 42.3620426378995
4320 1 48499116 -71.101008 42.359874
4620 1 48560594 -71.101008 42.359874
4560 1 48657446 -71.100291 42.363748
3030 2 48790789 -71.1037608 42.3612649
2350 1 48878351 -71.104238 42.345726
6370 1 48921587 -71.102418 42.360783
4440 1 48921588 -71.102418 42.360783
3600 2 49172745 -71.0990315 42.3675693
3270 0 49190788 -71.104349 42.36334
2150 0 49290157 -71.0939560300149 42.346413577533
3270 1 49669576 -71.099423 42.362387
4000 2 49962354 -71.1025996977131 42.3622976378995
3300 2 49966204 -71.093316 42.348398
3600 3 50102128 -71.103949 42.34619
2950 1 50102647 -71.1032 42.3634
4000 2 50112281 -71.0990315 42.3675693
3000 3 50178268 -71.096264 42.365554
4300 3 50187411 -71.1032 42.3634
4200 2 50232132 -71.093316 42.348398
6200 3 50252321 -71.098467 42.367439
3995 3 50300582 -71.104949 42.345449
2900 1 50310118 -71.101039 42.350172
2550 1 50334712 -71.103479 42.346799
2900 1 50374558 -71.101464 42.350234
5695 3 50377863 -71.101102 42.362616
1975 0 50379448 -71.103962 42.347294
4160 1 50392413 -71.103921 42.36513
2700 2 50421626 -71.097543 42.365715
3800 2 50430332 -71.097867 42.366675
3200 2 50451525 -71.099182 42.365994
6500 5 50454213 -71.103708 42.346476
3415 0 34539413 -71.080773 42.34815
4892 2 47476997 -71.080773 42.34815
3024 0 49116408 -71.081921 42.366001
3875 1 38844468 -71.079719 42.348099
3540 0 22915103 -71.08162 42.347959
9095 3 27250005 -71.08162 42.347959
3065 0 16557498 -71.082178 42.366835
3216 1 16557500 -71.082178 42.366835
3193 0 65048 -71.083719 42.365063
3458 1 16555648 -71.083719 42.365063
2200 0 33109065 -71.0796293 42.3461367
4540 1 33743365 -71.087588 42.363297
5080 1 35152470 -71.080773 42.34815
2695 0 35366796 -71.0886125 42.3508066
4150 0 35636615 -71.087588 42.363297
3400 1 36243328 -71.0797918 42.3510094
3900 2 36884163 -71.0889839 42.3507214
4340 1 39687870 -71.087588 42.363297
4880 1 39693362 -71.08162 42.347959
2870 1 42055198 -71.085907 42.360093
2450 0 42055269 -71.085907 42.360093
2225 0 42055270 -71.085907 42.360093
6800 2 43677162 -71.080465 42.3504375
5340 2 44929448 -71.089851 42.350572
2695 1 45383559 -71.088709 42.350793
3726 1 45649255 -71.08361 42.36374
3995 1 45649256 -71.08263 42.36305
4293 1 45649257 -71.08342 42.36369
5070 1 45649258 -71.08232 42.36363
2349 1 45649346 -71.08271 42.34975
2395 0 46407008 -71.0860741017522 42.351220577533
2800 1 46652230 -71.079379 42.353283
3250 1 46699286 -71.0885053 42.3504313
2200 0 47656904 -71.0905260669782 42.3488905775331
4000 1 48095993 -71.086986 42.351117
4130 1 48302656 -71.086986 42.351117
4500 1 48425246 -71.081877 42.353214
4560 1 48560598 -71.083719 42.365063
4630 1 48697891 -71.080773 42.34815
12000 3 49193424 -71.089242 42.351168
44700 2 49357382 -71.08448 42.352831
4590 1 49400230 -71.083207 42.366027
13560 2 49732244 -71.086192 42.348823
3250 1 49840275 -71.090792 42.349482
4950 2 49865569 -71.0829487 42.3523648
2700 1 49869133 -71.089039 42.350699
2300 1 49946053 -71.088636 42.345823
2525 0 49964530 -71.084861 42.351846
3600 1 50016269 -71.080469 42.35041
3900 2 50043868 -71.0889839 42.3507214
3250 1 50144326 -71.080299 42.353069
5900 3 50158632 -71.084144 42.352089
10500 3 50159307 -71.0822909 42.3490622
19500 3 50159635 -71.0822059 42.3530548
3400 2 50213296 -71.087815 42.34597
2900 2 50300000 -71.0899528 42.3510368
3400 2 50300362 -71.0797918 42.3510094
3700 1 50310208 -71.084163 42.349823
4200 0 50316202 -71.081484 42.349695
8160 1 50319525 -71.08156 42.34964
3300 1 50328375 -71.084144 42.352089
2775 1 50352417 -71.0816470996626 42.3510805775331
5500 2 50368051 -71.0815411 42.3518929
3000 0 50381972 -71.0828151230215 42.3526455775331
2395 0 50392798 -71.0851281 42.3517616
4250 1 50408444 -71.08123 42.349712
4250 1 50408445 -71.081326 42.349712
2200 0 50417054 -71.079601 42.346182
3300 1 50417057 -71.08388 42.350793
4300 4 49937237 -71.1019898 42.3765925
2200 2 45177933 -71.1020209 42.3682799
1100 1 44944040 -71.100497 42.3707247
1100 1 44944085 -71.100497 42.3707247
2100 0 39882898 -71.100494 42.387783
1995 0 35001561 -71.102398 42.387797
2195 0 35001562 -71.102398 42.387797
1995 0 33958589 -71.102102 42.387655
8400 3 24605186 -71.0979235325828 42.3722876378995
3595 2 30894993 -71.0929065895862 42.3688396378995
2950 2 32098563 -71.1021245902144 42.3688016378995
2550 1 35902823 -71.1012525902144 42.3688016378995
4400 2 36186253 -71.0925395884291 42.3689096378995
2800 3 40995878 -71.102519 42.390016
3800 5 40996227 -71.095604 42.389043
7900 3 40996413 -71.098962 42.371826
7985 7 40996434 -71.098459 42.369962
4200 4 41245353 -71.099976 42.38446
4295 3 41692651 -71.093911 42.3684
3995 2 41692657 -71.0984 42.371978
5100 2 42535679 -71.098962 42.371826
2000 0 45595449 -71.1033288 42.369129
4500 3 45866142 -71.103479 42.373644
3550 3 45888891 -71.103935 42.377179
3995 2 46533799 -71.0984 42.371978
4495 3 46543320 -71.101764 42.374832
3300 4 47136051 -71.102557 42.389306
2000 0 47578757 -71.10211 42.388038
2675 1 48734335 -71.0978692 42.3796861
2000 0 48744706 -71.102831 42.37333
5810 3 48792896 -71.094333 42.372644
2500 1 48799134 -71.1038807 42.3692848
2750 1 49011959 -71.1028625749726 42.3697236378995
5375 5 49081614 -71.098459 42.369962
2000 0 49259448 -71.100921 42.369903
4000 3 49351576 -71.0946284 42.3684823
2750 3 49541771 -71.099747 42.383694
4300 4 49685364 -71.097851 42.374148
3500 3 49794792 -71.098474 42.38438
4595 4 49801504 -71.101814 42.374832
3600 2 49855533 -71.1016923 42.3742178
4595 3 49880649 -71.101814 42.374832
3875 3 49910193 -71.0947117 42.3683734
4700 4 49917307 -71.092301 42.388398
2200 2 49918493 -71.1000779 42.3767942
2000 1 49959338 -71.10339 42.369059
3995 2 49999501 -71.0984 42.371978
2600 1 49999925 -71.0939465779979 42.3695406378995
4250 4 50047278 -71.1040204 42.3820976
2795 1 50049761 -71.102102 42.387655
4175 3 50080247 -71.093911 42.3684
3950 2 50098657 -71.1038485693849 42.3700616378995
4950 4 50104289 -71.103494 42.387419
4600 3 50113319 -71.1017582 42.3748762
2800 2 50157612 -71.103078 42.383366
4750 4 50178266 -71.10474 42.370631
2800 1 50185087 -71.099806 42.3763693
4000 2 50195958 -71.092976 42.38246
2550 1 50204923 -71.102983 42.387942
2650 2 50217742 -71.0962977 42.379653
4175 3 50219166 -71.093911 42.3684
7900 7 50243610 -71.098459 42.369962
2900 3 50295430 -71.0944080073666 42.3883386497556
2800 3 50310294 -71.102519 42.390016
2800 3 50310295 -71.102519 42.390016
5750 3 50314739 -71.095824 42.373533
2700 2 50355155 -71.094985 42.369079
3800 4 50397536 -71.101803 42.386883
3400 3 50404727 -71.095931 42.369988
4800 3 50418807 -71.1025015038955 42.3740226378995
3700 3 50427166 -71.104102 42.377049
2200 1 50430333 -71.103594 42.385253
3100 3 50434718 -71.0962561138476 42.3769096497556
2400 2 50435800 -71.096732 42.369197
2425 0 50438167 -71.104887 42.3696
2195 2 50443991 -71.1043161217364 42.3760626497556
2795 1 50444287 -71.1018362 42.387674
1750 0 50457909 -71.1031770193696 42.3870506497556
4000 3 50457989 -71.09467 42.36848
2300 1 50313991 -71.087986 42.38758
3000 2 40343601 -71.087601 42.370549
3795 2 15482783 -71.0886025546051 42.3709556378995
2995 2 26153842 -71.0802725807586 42.3693736378995
3795 2 33979966 -71.0886035546051 42.3709556378995
3000 4 40995867 -71.082636 42.389641
2800 3 46621459 -71.081144 42.387523
2300 1 46707914 -71.088015 42.387523
1700 0 47138158 -71.0889290535386 42.3833836497556
5630 3 47291709 -71.089896 42.370571
5210 3 47291710 -71.089896 42.370571
5090 3 47903641 -71.090053 42.370696
14970 3 48168333 -71.09044 42.38502
3000 4 48539999 -71.08756 42.389101
3300 1 48830912 -71.079552 42.368535
2700 2 48891798 -71.0903651 42.3795237
2200 1 48954885 -71.0921063 42.3723574
3150 1 49094294 -71.0857455189091 42.3731146378995
9150 2 49205128 -71.08535 42.369679
6600 3 49206748 -71.091515 42.389672
4000 4 49327980 -71.090053 42.370696
3950 3 49351311 -71.0898896 42.3706192
10500 4 49606119 -71.08785 42.381205
4100 3 49679979 -71.081311 42.368898
3200 2 49907826 -71.086815 42.370991
4600 4 49947012 -71.089425 42.383502
4600 4 50008581 -71.0894689 42.3834233
2000 2 50019085 -71.0823962 42.3715827
3975 4 50106614 -71.081802 42.386087
2900 1 50137546 -71.0821445657809 42.3702796378995
3300 1 50221001 -71.0868252 42.3742011
2500 2 50226696 -71.0798685408827 42.3717856378995
2400 2 50236201 -71.088525 42.385043
3200 2 50239294 -71.082666 42.372483
3500 3 50271999 -71.08562 42.383715
4670 2 50288616 -71.091232 42.382561
3000 4 50309301 -71.082636 42.389641
3200 3 50310296 -71.083758 42.382095
3200 2 50314829 -71.086369 42.372679
3000 3 50325973 -71.0806830320148 42.3856936497556
2400 2 50326181 -71.083369 42.383138
3130 0 50368167 -71.091232 42.382561
3600 4 50375740 -71.089059 42.371651
3000 3 50380756 -71.081116 42.383925
2400 1 50382190 -71.084945 42.3715239
2600 3 50386263 -71.090709 42.387204
2000 1 50390245 -71.0825362 42.3716007
4600 4 50419846 -71.089438 42.383342
2550 2 50431757 -71.0811382 42.3847148
3200 2 50438136 -71.08262 42.382958
2700 2 50448546 -71.090143 42.390267
2100 1 50454911 -71.082274 42.368627
3800 4 50455560 -71.087698 42.382925
3100 2 50457988 -71.084281 42.384739
2650 3 46776711 -71.127802 42.40736
3075 1 46978645 -71.129929 42.392448
2650 2 13430578 -71.1079479407483 42.3954856497556
3750 3 13430656 -71.1251621961943 42.3926286378995
4000 4 24873404 -71.117707 42.39114
2500 1 26918810 -71.1170259059521 42.3992256497556
2250 0 31570546 -71.1170259059521 42.3992256497556
3100 3 32279528 -71.126812849175 42.4053056497556
2650 1 40912723 -71.1250329054952 42.3992666497556
4400 3 40996382 -71.11301 42.400702
3500 2 41377322 -71.130527 42.412389
3600 4 41645813 -71.12952 42.40513
5400 6 45337054 -71.111247 42.403738
3950 3 45390777 -71.1253221294376 42.3966556378995
5500 5 45455600 -71.128758 42.400531
4450 4 45826695 -71.1160047 42.3910908
3375 3 45846194 -71.126493 42.4023133
4000 4 45950345 -71.112956 42.411531
3000 3 46291744 -71.127963 42.407763
3500 4 46479782 -71.105205 42.396232
3000 3 46878449 -71.121946 42.402039
2200 2 46905451 -71.116228 42.395448
2200 1 48043548 -71.1169891 42.3984703
2800 2 48299900 -71.1060009195749 42.3977566497556
5000 6 48539992 -71.125618 42.406184
5000 5 48658402 -71.1238545 42.4039015
3000 3 48701677 -71.112343 42.408049
2450 1 48734718 -71.1170625 42.393428
3800 4 48774507 -71.1297325 42.4047839
3400 3 48817670 -71.1148269442443 42.3951106497556
2850 2 48958728 -71.106586 42.398399
2900 3 48989265 -71.106586 42.398399
4000 4 49014494 -71.1206131 42.3940936
5000 5 49031048 -71.1250328469737 42.4055416497556
5000 6 49077159 -71.1300026 42.4065746
4000 5 49113939 -71.125718 42.406023
5500 4 49121997 -71.1067813442638 42.4028247224721
10500 3 49205753 -71.115329 42.402157
4500 5 49217697 -71.116772 42.402635
9240 2 49694530 -71.106172 42.400286
4650 4 49743627 -71.1182465 42.3945311
4550 4 49743745 -71.1182465 42.3945311
3375 3 49744272 -71.1263944 42.4023199
9800 4 49804714 -71.120618 42.390348
4200 5 49835604 -71.107287 42.390513
2200 2 49844292 -71.129402 42.4083
3400 1 49855656 -71.111939 42.400727
3400 3 49869457 -71.127632 42.408023
4800 5 49877261 -71.123218 42.403778
4200 4 49881376 -71.116793 42.404887
5750 3 49943081 -71.120303 42.391788
3200 3 50012016 -71.1240328943426 42.4004626497556
4800 5 50013700 -71.1271898505368 42.4051596497556
3800 4 50021275 -71.126181 42.401052
4650 4 50057428 -71.1232086 42.403797
3200 3 50063621 -71.127398 42.405948
5250 4 50080028 -71.116679 42.404075
3800 2 50080248 -71.125032 42.39031
2700 3 50100369 -71.106339 42.405961
2800 3 50109316 -71.1117823043854 42.4072867224721
2300 1 50109347 -71.128702 42.396567
3800 2 50114083 -71.1250543 42.3903334
4300 2 50138723 -71.119686 42.393796
4300 1 50169163 -71.119686 42.393796
2500 1 50178274 -71.116668 42.401796
3100 2 50219457 -71.11259 42.401601
2800 2 50226695 -71.1259602284008 42.3906766378995
4400 5 50233988 -71.120499 42.394488
2495 2 50247115 -71.109652 42.412174
2400 1 50258823 -71.12441 42.401399
2800 3 50270455 -71.1103953472127 42.4024947224721
3000 3 50272170 -71.108096 42.400352
2500 1 50273019 -71.110053 42.397418
3600 4 50290313 -71.1295453 42.4051806
3000 2 50290391 -71.1081339 42.4003486
2400 2 50309296 -71.118531 42.4117
4400 3 50310291 -71.1216 42.3999
2300 2 50323200 -71.128702 42.396567
4300 4 50382067 -71.117911 42.401049
2100 0 50386957 -71.130527 42.412389
2950 2 50387552 -71.113888 42.391541
4000 3 50389520 -71.12837 42.408338
2840 0 50392421 -71.123679 42.395204
3700 4 50402934 -71.1271789 42.4117002
4000 4 50419103 -71.115509 42.391204
3600 3 50421625 -71.122963 42.403649
3900 2 50433952 -71.114584 42.394624
2400 2 50435802 -71.116743 42.394609
2350 1 50435803 -71.129702 42.405053
3495 3 50438156 -71.119685921393 42.3975616497556
3600 3 50442200 -71.12952 42.40513
3600 2 50447119 -71.111447 42.391085
2000 1 50448483 -71.109901 42.407389
2600 2 35176411 -71.105405 42.423707
3350 4 40996197 -71.113189 42.414604
3000 3 45749657 -71.1195882522938 42.4131137224721
3000 3 49809973 -71.126702 42.414276
2250 2 49925698 -71.113698 42.415468
3300 3 49999891 -71.1122602389534 42.4146057224721
3350 4 50300604 -71.112956 42.414642
1800 1 50389616 -71.10990821404 42.4173917224721
2600 3 50416590 -71.1221352285539 42.4157687224721
3300 3 50419721 -71.113405 42.415263
5800 7 50419727 -71.110512 42.420144
2600 2 50421750 -71.1219762288937 42.4157307224721
3000 3 50423167 -71.107457 42.421418
2900 2 50457935 -71.128429 42.415428
2796 1 46399232 -71.094844 42.405997
2419 0 46399231 -71.094844 42.405997
3300 3 40984961 -71.100914 42.415379
2675 0 36275659 -71.080116 42.403796
2622 1 36275662 -71.080116 42.403796
2232 0 36275683 -71.080116 42.403796
2925 0 31371252 -71.080795 42.394186
2925 0 22915729 -71.080442 42.395356
2300 2 40095683 -71.104255957827 42.3936536497556
5500 7 40996417 -71.098985 42.394388
5500 5 40996424 -71.103646 42.390597
1900 1 45708285 -71.099126 42.396326
2100 1 45855561 -71.102494 42.397204
2800 2 46323574 -71.103495 42.42588
3400 3 46942865 -71.081921 42.409453
1800 1 47335831 -71.10239 42.419665
2200 1 47997266 -71.1038097 42.4018567
3700 0 48022114 -71.080442 42.395356
2700 3 48440037 -71.095474 42.421433
2700 3 48539960 -71.101876 42.398492
2700 3 48701678 -71.081003 42.4073
3395 2 48817696 -71.0934 42.392806
3395 2 48941831 -71.0934 42.392806
2800 3 49083522 -71.093489 42.424971
3000 3 49131066 -71.091012 42.424551
3275 2 49146075 -71.088183 42.394597
6720 3 49204192 -71.090931 42.392737
4000 4 49276640 -71.091824 42.423579
3570 1 49358951 -71.090931 42.392737
5490 2 49651373 -71.081666 42.407081
2500 2 49826643 -71.089986 42.421843
3500 2 49829896 -71.087597955021 42.3939546497556
2750 2 49872599 -71.105102 42.396029
2650 2 49999948 -71.095377 42.391488
2200 2 50049755 -71.083921 42.426358
3095 3 50061773 -71.096909 42.394753
3200 4 50098588 -71.09333 42.417201
2800 2 50098631 -71.0985829310616 42.3965246497556
2050 2 50102132 -71.10439 42.401682
3200 4 50118262 -71.0989823880641 42.3979227224721
4800 5 50157680 -71.088326 42.434557
2700 2 50178315 -71.104841 42.394296
4000 4 50178316 -71.0995 42.396869
2900 2 50183038 -71.100116 42.394362
2400 2 50207025 -71.083419 42.400741
3300 3 50211780 -71.104533 42.398432
2550 4 50251023 -71.093 42.3904
2400 2 50253959 -71.100981 42.393407
3850 4 50258824 -71.099788 42.391174
5500 7 50265686 -71.098985 42.394388
2750 1 50356928 -71.084719 42.390532
2350 2 50381962 -71.103172 42.418209
2700 3 50389611 -71.091454 42.424985
1800 1 50400189 -71.0984079757802 42.3917276497556
3800 4 50421735 -71.100238 42.392418
3500 3 50421736 -71.0943841678525 42.4225557224721
2895 3 50421740 -71.085728 42.425296
3250 2 50426028 -71.087144 42.396159
2500 2 50435148 -71.099361 42.396794
2200 2 50438166 -71.0823946836655 42.4194676010472
2500 2 50443987 -71.0856069390515 42.3956676497556
1600 0 50447117 -71.081257 42.428335
900 1 50454958 -71.091215 42.394971
3345 2 50455712 -71.103708 42.395882
1400 1 50457908 -71.0901711642296 42.4229607224721
3000 3 50457009 -71.076217 42.284068
2800 2 50368696 -71.0761275 42.2920656
850 3 50026750 -71.0752889 42.2821882
2200 2 40357156 -71.051058 42.289284
2195 0 39613346 -71.065346 42.284405
1850 0 50290051 -71.031113 42.273716
3300 4 45608239 -71.0618782549068 42.294399577533
3200 4 47032728 -71.068445 42.292709
3310 1 47257730 -71.067379 42.271849
1775 1 47614036 -71.031093133554 42.2843170662945
8400 2 47850356 -71.05955 42.29871
2810 0 48560595 -71.067379 42.271849
3200 4 48862945 -71.054016 42.288284
3100 4 49115450 -71.060048 42.295177
3150 4 49220165 -71.066597 42.279529
2700 1 49283134 -71.05955 42.29872
3000 3 49446237 -71.0788543384673 42.3000135775331
4200 2 49509872 -71.074752 42.28068
4770 2 49520617 -71.053832 42.29255
2700 1 49522183 -71.045926 42.286835
3000 1 49537617 -71.05955 42.29872
5550 2 49591910 -71.068164 42.288992
3270 1 49597584 -71.068164 42.288992
5850 0 49623835 -71.030242 42.273825
5400 0 49623841 -71.030242 42.273825
6060 0 49623843 -71.030242 42.273825
5850 0 49623866 -71.030242 42.273825
3100 4 49740020 -71.074917 42.281978
2400 2 49764251 -71.0763341595276 42.2879895775331
2295 2 49788626 -71.035349 42.263324
2020 1 49788627 -71.035349 42.263324
10500 3 49807887 -71.068164 42.288992
2400 2 49826612 -71.058152 42.288414
2400 2 49848273 -71.06258 42.284859
2800 2 49877225 -71.07046 42.289472
2900 3 49877240 -71.070768 42.283019
2450 1 49909855 -71.029902 42.274068
2200 2 49968564 -71.058304 42.289978
3000 2 50022613 -71.069262 42.293071
3400 2 50043669 -71.054425 42.296116
4800 5 50058984 -71.060975 42.279169
2700 3 50086794 -71.068245 42.300416
5950 6 50164043 -71.0714397 42.298475
4000 4 50164066 -71.0714397 42.298475
2900 3 50169142 -71.078132 42.295667
3600 3 50249017 -71.0323926 42.2601604
3100 4 50250336 -71.076435 42.296853
3600 3 50310586 -71.066835 42.294315
2800 2 50313152 -71.0555202291915 42.292671577533
2700 3 50332395 -71.0740815 42.2927213
2595 3 50381993 -71.074268 42.292228
2850 2 50389615 -71.064545 42.282342
2800 3 50389627 -71.050472 42.297759
2993 1 50404690 -71.02984 42.298924
3150 3 50408374 -71.053832 42.294805
2300 2 50430360 -71.051872 42.288883
2550 3 50432051 -71.0704127 42.295812
2550 3 50432083 -71.0704127 42.295812
4050 4 50435908 -71.059845 42.282068
3250 3 50440571 -71.066393 42.273926
1600 1 50447121 -71.0549071 42.2849871
800 3 50026536 -71.0673984 42.3014227
850 3 50026205 -71.0627534 42.3104805
2395 0 49154467 -71.063762 42.310406
3000 3 46962940 -71.062739 42.317113
2450 2 48394768 -71.0568164 42.3036298
2900 4 39607603 -71.079038 42.304294
2600 3 31844863 -71.0642391 42.310437
800 1 46714513 -71.067393 42.3014
3350 4 47400402 -71.0749868 42.3189773
2750 3 48276826 -71.069916 42.301357
3100 3 48824794 -71.0580836306255 42.319629577533
3600 4 48900258 -71.05479 42.319081
3000 3 49016253 -71.05479 42.319081
5490 2 49241416 -71.056069 42.313406
5370 2 49243102 -71.056304 42.313442
6360 2 49243115 -71.056304 42.313442
3200 4 49276798 -71.058845 42.317428
6300 2 49312369 -71.073057 42.316376
2750 1 49321562 -71.05344 42.318077
2880 1 49476089 -71.056304 42.313442
2880 1 49481067 -71.056304 42.313442
3750 1 49489182 -71.061465 42.313913
2375 3 49814524 -71.072965 42.304808
2400 3 49905928 -71.062756 42.315585
950 1 49959691 -71.0618677 42.3030473
2700 3 50086799 -71.064327 42.306257
3200 4 50124043 -71.068715452743 42.307688577533
2950 3 50142918 -71.056985 42.321858
2800 2 50144333 -71.063059 42.316995
2800 3 50166507 -71.077996 42.309061
2400 2 50173653 -71.0623474 42.315648
3350 4 50207091 -71.075317 42.309564
3350 4 50237948 -71.067591 42.301564
3300 3 50267557 -71.056964 42.321313
3100 4 50300573 -71.066961 42.3044
3375 5 50330707 -71.0614566389257 42.3201865775331
4380 3 50368168 -71.060662 42.319077
4500 3 50377854 -71.061407 42.316284
2500 2 50384696 -71.075038 42.313868
2500 2 50389625 -71.058845 42.317428
3300 3 50389626 -71.059356 42.320904
3700 4 50396420 -71.064941 42.30246
3000 3 50396446 -71.064941 42.30246
3150 3 50408759 -71.075163 42.312254
3400 4 50419789 -71.076353 42.312833
4000 4 50429331 -71.076668 42.31953
3600 4 50429736 -71.057146 42.320198
2800 3 50430362 -71.077132 42.316165
3300 4 50435907 -71.055514 42.316853
3700 3 50438164 -71.06458 42.316
2800 3 50443798 -71.0610827 42.3067781
3500 3 50448513 -71.062992 42.320396
475 5 50026828 -71.0728749 42.3240591
5400 4 49215704 -71.0542786 42.3294981
3250 3 43579979 -71.06943 42.323198
3100 0 32489209 -71.062692 42.343617
3460 1 29676909 -71.067778 42.340039
3500 1 26405791 -71.068059 42.340127
4440 1 33606693 -71.062692 42.343617
4180 2 40500103 -71.064678 42.343779
4155 2 42663170 -71.062429 42.344182
2550 1 45383654 -71.074563 42.343918
1259 1 45649314 -71.05662 42.34255
7041 1 45649319 -71.06593 42.34517
6320 2 45649321 -71.06593 42.34517
2349 1 45649325 -71.07644 42.34447
2349 1 45649328 -71.07647 42.34453
2349 1 45649336 -71.07639 42.34454
2349 1 45649350 -71.07645 42.3445
3870 1 45649353 -71.07301 42.34291
2070 1 45813520 -71.07644 42.34447
1980 1 45813540 -71.07636 42.34448
4150 4 46479388 -71.063941 42.343217
2975 1 46509867 -71.070188 42.34415
3000 1 46573631 -71.074479 42.337227
700 1 46842521 -71.072833 42.324018
4130 1 47264180 -71.071965 42.337289
4490 1 47264181 -71.071965 42.337289
16145 2 47545399 -71.07644 42.34447
15779 2 47808173 -71.07041 42.32958
3577 0 48326940 -71.064173 42.345127
3590 1 48507239 -71.056134 42.342482
4500 1 48560593 -71.068622 42.338332
3750 0 48560604 -71.068622 42.338332
3000 1 48591875 -71.078494 42.342932
11500 4 48645697 -71.078668 42.342799
3600 2 48797183 -71.053788 42.333249
3750 0 48880262 -71.068622 42.338332
2900 1 48942632 -71.054907 42.334894
3400 2 49001305 -71.069634 42.337018
3600 2 49031025 -71.053788 42.333249
2395 2 49117290 -71.054134 42.334364
3233 0 49121945 -71.062729 42.345113
3670 1 49121946 -71.062729 42.345113
5393 2 49121947 -71.062729 42.345113
5100 4 49171553 -71.060092 42.322967
4800 3 49178767 -71.055249 42.331736
6750 1 49251530 -71.07457 42.343293
3300 0 49315745 -71.0761 42.33438
8400 4 49617711 -71.059208 42.323479
7950 1 49689496 -71.069992 42.344066
2900 1 49749062 -71.0767899108151 42.338423577533
2200 1 49763727 -71.075752 42.335833
4500 4 49815823 -71.054298 42.329544
2900 1 49860601 -71.055951 42.341601
3000 1 49872544 -71.0783991 42.3429751
6800 4 49883939 -71.0553367719689 42.3291125775331
6000 1 49970661 -71.069992 42.341412
3200 2 50012774 -71.075965 42.33537
3100 2 50027464 -71.054696 42.336249
2585 0 50028293 -71.061429 42.345337
3900 2 50043675 -71.077448 42.34197
3808 1 50049773 -71.063806 42.3452
3667 1 50049774 -71.062835 42.345165
2500 0 50051844 -71.07824 42.33455
3250 2 50051845 -71.07824 42.33455
5504 2 50055430 -71.063758 42.344486
4300 2 50078462 -71.068462 42.342109
3200 1 50089324 -71.073397 42.337018
3800 2 50093286 -71.0662367 42.3401544
1940 1 50098577 -71.0585277628152 42.3284985775331
3600 2 50149398 -71.0765767 42.3405758
3000 2 50149504 -71.0749752 42.3356234
2200 1 50223758 -71.056569 42.330303
5200 4 50270478 -71.055209837693 42.3335205775331
2600 1 50320995 -71.074049 42.337408
3440 1 50323295 -71.062692 42.343617
2950 1 50328374 -71.066059 42.339119
3900 2 50335312 -71.073624 42.336592
3500 3 50381974 -71.057507 42.329913
3000 2 50381976 -71.057507 42.329913
3000 2 50392495 -71.057832 42.323823
4275 2 50392696 -71.0563933 42.339165
4800 4 50400164 -71.057507 42.330722
4500 3 50417053 -71.070073 42.342021
2450 1 50421723 -71.075479 42.33498
3450 4 50429735 -71.056696 42.328103
2100 1 50430327 -71.077624 42.325667
3102 1 50455251 -71.0639527 42.3452614
5200 3 50457916 -71.074188 42.337076
2500 1 39004030 -71.0395579 42.3191719
2800 1 35001591 -71.043565 42.330957
2735 0 35001582 -71.048995 42.34062
3940 1 35529425 -71.048995 42.34062
4200 3 37038344 -71.0350818 42.3316376
3250 1 38737168 -71.043565 42.330957
4100 1 38737169 -71.048995 42.34062
3880 1 44851702 -71.048995 42.34062
4740 1 44851703 -71.048995 42.34062
4010 1 44851704 -71.048995 42.34062
3520 0 44894568 -71.048995 42.34062
3500 3 45387860 -71.053134 42.31733
1082 1 45649315 -71.04498 42.33573
3570 1 46009582 -71.043565 42.330957
3450 1 46009583 -71.043565 42.330957
3550 1 46009584 -71.043565 42.330957
4250 2 46078189 -71.043565 42.330957
3300 3 46226191 -71.040798 42.332076
3200 2 46664458 -71.052193 42.336076
2750 1 47399375 -71.051146 42.334137
2550 2 47408757 -71.042980811166 42.3317415775331
3500 1 47620144 -71.049269 42.340037
4250 2 47620148 -71.049269 42.340037
3770 1 48880263 -71.041465 42.317284
3800 3 49010826 -71.049593 42.33963
3400 1 49103069 -71.040265 42.316906
3400 3 49137879 -71.050749 42.308721
3200 3 49223509 -71.0350818 42.3316376
8070 2 49230145 -71.038575 42.336969
14850 2 49237625 -71.05291 42.333684
3000 1 49456502 -71.047055 42.331392
6000 2 49497711 -71.049579 42.339719
9000 2 49731166 -71.052168 42.342084
4250 3 49749161 -71.051183 42.339854
5150 4 49753158 -71.052607 42.333903
2600 2 49794889 -71.034419 42.331341
3600 3 49803467 -71.0360028043669 42.3312855775331
3650 3 49806892 -71.052864 42.310195
3750 2 49844712 -71.048298 42.335753
4400 4 49910009 -71.0413568 42.3343444
2800 2 49910227 -71.0473112 42.3326204
4200 2 49974815 -71.053403 42.340884
4050 3 50019476 -71.0470143 42.3311533
3000 2 50042100 -71.052183 42.337469
3650 2 50056024 -71.050468 42.340735
3500 2 50100362 -71.041706 42.334289
3900 3 50100798 -71.0350818 42.3316376
2890 1 50101067 -71.040265 42.316906
2500 1 50109312 -71.037122 42.331646
3300 2 50117938 -71.048509 42.339459
6000 4 50144327 -71.050417 42.340695
2200 0 50157450 -71.0444074 42.337189
3800 2 50164990 -71.053272 42.329788
3000 2 50174455 -71.045712 42.331601
2520 2 50199417 -71.031393 42.333292
2500 0 50210905 -71.047247 42.330942
2200 1 50213864 -71.0515531 42.3342607
2850 1 50214543 -71.046347 42.33743
2400 1 50248966 -71.0388427 42.3363281
2000 1 50250311 -71.0461848918281 42.3371505775331
3300 2 50269875 -71.041379 42.335969
7800 6 50270477 -71.0310858597038 42.3349965775331
4800 3 50270479 -71.044169835501 42.3333735775331
3000 2 50284709 -71.037045 42.336061
7000 5 50291454 -71.0459883 42.3347469
3150 1 50301043 -71.0498223 42.3398254
3025 1 50301074 -71.0438586 42.3306161
4200 2 50317997 -71.034065 42.337913
3550 2 50323084 -71.042554 42.330684
2500 2 50334713 -71.039166 42.332031
4150 3 50339576 -71.030389 42.337254
2100 1 50349578 -71.039275 42.332093
3100 3 50349579 -71.039166 42.332031
3095 1 50366577 -71.043565 42.330957
2750 0 50368166 -71.042838 42.335671
4400 4 50385810 -71.041339 42.334356
4200 3 50385811 -71.046974 42.331119
4000 2 50392740 -71.0494754 42.3387404
3000 2 50404761 -71.0497108 42.3386425
4000 2 50406655 -71.036892 42.332093
5650 5 50408410 -71.037097 42.332175
2950 1 50442187 -71.050058 42.333957
4400 4 50446574 -71.041339 42.334356
3600 2 50451531 -71.040874 42.336778
2160 0 31371403 -71.020318 42.278538
2600 2 49547573 -71.006668 42.258272
3200 2 49903342 -71.019142 42.264529
6000 3 49919806 -71.026001 42.333469
4600 2 49924592 -71.025769 42.337303
2800 3 49964539 -71.002119 42.261159
2300 2 49982450 -71.016868 42.260492
3500 3 50041309 -71.014011 42.277052
2000 2 50213639 -71.022285 42.269578
2650 2 50223544 -71.0067 42.256488
2999 3 50233450 -71.0067 42.256488
2650 2 50333228 -71.0067 42.256488
2250 1 50333242 -71.0067 42.256488
3500 2 50334694 -71.027302 42.333552
2500 2 50342294 -71.013344 42.273153
2400 2 50380638 -71.021204 42.265127
2500 1 50389522 -71.0197118408139 42.2663700662945
3021 0 49116172 -71.078729 42.365824
3074 0 46753016 -71.078353 42.367627
3299 0 46753018 -71.078353 42.367627
3444 1 49116404 -71.078652 42.366311
3465 0 22917430 -71.07924 42.348555
2895 0 3114183 -71.068278 42.364334
2945 1 16555364 -71.068278 42.364334
2730 0 17810855 -71.068661 42.364386
3000 1 28722844 -71.0760805 42.3546337
2850 0 36667088 -71.0785151 42.3540398
2850 0 36667110 -71.0785151 42.3540398
2850 0 36678048 -71.0785151 42.3540398
2950 0 36678066 -71.0785151 42.3540398
3500 1 36678586 -71.0785151 42.3540398
4130 1 37264555 -71.068854 42.365162
2000 0 39105182 -71.0675818 42.3598384
6500 2 39346609 -71.0788633 42.3508138
2850 1 44185138 -71.0726569 42.3504366
3622 1 45649313 -71.07072 42.35849
1740 1 45813518 -71.07194 42.34842
4250 0 46409306 -71.073929 42.348755
2500 1 46590522 -71.069662 42.346726
2500 1 47326383 -71.067678 42.349838
8610 1 47512190 -71.06984 42.34842
5880 1 47512191 -71.07074 42.34839
4830 1 47512194 -71.0696 42.34858
4250 1 47648488 -71.068662 42.364386
6920 1 47732349 -71.06975 42.34842
6990 1 47924344 -71.07079 42.34835
4700 1 48302659 -71.073929 42.348755
2575 1 49011933 -71.068458 42.359168
2500 0 49031063 -71.067389 42.365723
1800 0 49120269 -71.067918 42.359857
3700 2 49145269 -71.07024 42.360378
5310 1 49230665 -71.069881 42.34842
3720 1 49230669 -71.070479 42.348406
4260 1 49230671 -71.069818 42.34842
5970 1 49230673 -71.069927 42.348412
6150 0 49230680 -71.069597 42.348582
4470 0 49230687 -71.069818 42.34842
4440 1 49230692 -71.069597 42.348582
4590 0 49230694 -71.069927 42.348412
2500 1 49297281 -71.07024 42.360378
4170 1 49309284 -71.070188 42.34842
4590 1 49419264 -71.069739 42.34842
4650 1 49419267 -71.069739 42.34842
6420 1 49419274 -71.069739 42.34842
2600 1 49458818 -71.067975 42.349079
6210 1 49581252 -71.079202 42.353318
8940 1 49654932 -71.071852 42.346317
5100 1 49712596 -71.069818 42.34842
4950 1 49712628 -71.069597 42.348582
22500 4 49719686 -71.070217 42.35618
7320 1 49732688 -71.067042 42.361062
4600 3 49742394 -71.0674972159532 42.3588705775331
6900 2 49792306 -71.072601 42.355745
2870 0 49824086 -71.068124 42.349217
4000 1 49827255 -71.0694832272712 42.3596285775331
3575 1 49832427 -71.068573 42.360493
4000 1 49962905 -71.07157 42.345636
12500 3 50010654 -71.069113 42.349387
7700 3 50016297 -71.068319 42.349768
5500 2 50016298 -71.068319 42.349768
3650 1 50016299 -71.068319 42.349768
3700 2 50029905 -71.0670412887068 42.3637425775331
3270 1 50033404 -71.067927 42.349293
6500 3 50092140 -71.0732458 42.3549779
10000 2 50124887 -71.0673232 42.3511754
3650 2 50157337 -71.0676419 42.3596207
3600 0 50157661 -71.078624 42.351269
6350 2 50170177 -71.0788633 42.3508138
31050 2 50200769 -71.07808 42.35096
22470 1 50200770 -71.0709 42.34591
3900 2 50249369 -71.0791866481304 42.3678152756373
3250 1 50258818 -71.075833 42.352972
5900 2 50298705 -71.0788633 42.3508138
2400 1 50330709 -71.0683832271518 42.3596205775331
4025 1 50392707 -71.0694156 42.3498136
3850 1 50404701 -71.078668 42.346047
3750 1 50406654 -71.067301 42.351103
2200 0 50413750 -71.07777 42.35335
4000 1 50416276 -71.07157 42.345636
3400 2 50434923 -71.071524 42.35849
3000 2 50457905 -71.067678 42.349838
2985 0 22915527 -71.063961 42.351344
3214 1 22915543 -71.063961 42.351344
3585 0 16557465 -71.062103 42.351972
4630 1 39447721 -71.059208 42.35214
5340 1 39791156 -71.059208 42.35214
4560 1 39791157 -71.059208 42.35214
3453 1 45649318 -71.0608 42.35209
3606 1 45649320 -71.06083 42.35224
1650 1 45649322 -71.06426 42.35226
1200 1 45649360 -71.06462 42.35145
2130 1 45649374 -71.06203 42.35521
10200 1 45903308 -71.06087 42.35529
7650 0 45903311 -71.06462 42.35145
7680 1 45953694 -71.0621 42.3552
3788 1 47629067 -71.062724 42.351523
3656 1 48383059 -71.060346 42.349412
8100 1 48485226 -71.06215 42.35509
2450 0 49050585 -71.064393 42.351988
5730 1 49196401 -71.062183 42.355056
6570 0 49196405 -71.062183 42.355056
6840 1 49225900 -71.06201 42.351514
4000 1 49325954 -71.062778 42.353458
2775 1 49326804 -71.064393 42.351988
8820 1 49417771 -71.054484 42.354699
6420 1 49417772 -71.060416 42.355302
7980 1 49417774 -71.058527 42.352172
8790 1 49417781 -71.057373 42.355213
8610 1 49417782 -71.056575 42.351288
7200 1 49417783 -71.060245 42.354699
21450 4 49417789 -71.059907 42.355439
9270 1 49417791 -71.057516 42.355285
8310 1 49417792 -71.061301 42.355069
26970 4 49417794 -71.062739 42.353532
8880 1 49417797 -71.059093 42.352283
21840 4 49417799 -71.065686 42.355908
9690 1 49417802 -71.062227 42.355626
8610 1 49417806 -71.061212 42.356207
23820 4 49417817 -71.062198 42.35441
21660 4 49417877 -71.061035 42.354004
8100 1 49417880 -71.05665 42.351168
7800 1 49417882 -71.055555 42.353651
11220 2 49417890 -71.063634 42.354103
6000 1 49417896 -71.057679 42.356048
7440 1 49417897 -71.063216 42.355183
9810 1 49417898 -71.056775 42.35327
7800 1 49417908 -71.059688 42.355564
7050 1 49459914 -71.057451 42.355367
8910 1 49459925 -71.061756 42.354564
5160 1 49494636 -71.062183 42.355056
5310 1 49496148 -71.062183 42.355056
5850 1 49501609 -71.056499 42.354229
5850 1 49505446 -71.063083 42.356214
5310 1 49506414 -71.062183 42.355056
5610 0 49506425 -71.062183 42.355056
6090 0 49506445 -71.062183 42.355056
5040 1 49506449 -71.062183 42.355056
6960 1 49506452 -71.062183 42.355056
4440 0 49506463 -71.062183 42.355056
6720 0 49506464 -71.062183 42.355056
12840 2 49687225 -71.060954 42.35535
5580 0 49712406 -71.062183 42.355056
5610 1 49712422 -71.062183 42.355056
4710 1 49712426 -71.062183 42.355056
4100 1 49909776 -71.061961 42.353439
1925 1 49999956 -71.0639530373863 42.3469075775331
3644 0 50317683 -71.0638300981104 42.3509765775331
4101 1 50317684 -71.0638300981104 42.3509765775331
5547 2 50317703 -71.0638300981104 42.3509765775331
2000 4 50343837 -71.060756 42.351671
3600 1 50349494 -71.063389 42.354439
2100 0 50425277 -71.0605442 42.3505081
2500 1 50425334 -71.0605442 42.3505081
3100 0 50432060 -71.065611 42.34662
1100 0 50092238 -71.0631272 42.3595766
2600 1 50040276 -71.062489 42.358671
4025 1 45998344 -71.064497 42.365031
2450 1 33535296 -71.065535 42.365627
4580 2 31062332 -71.054193 42.35914
3295 1 31062325 -71.054193 42.35914
3440 0 29673541 -71.065368 42.367606
2995 0 29673535 -71.065368 42.367606
3440 0 22918661 -71.063294 42.36595
2995 0 22918655 -71.063294 42.36595
3499 0 16557571 -71.060562 42.365162
3468 1 16557576 -71.060562 42.365162
2590 0 16555334 -71.063958 42.362819
2395 0 64800 -71.063958 42.362819
3335 1 36918188 -71.053929 42.359152
5045 3 37094938 -71.06369 42.362765
4500 1 37212423 -71.061656 42.365661
4380 1 37240023 -71.061656 42.365661
4500 1 38987087 -71.061656 42.365661
1836 1 45649324 -71.06355 42.36017
3738 1 45649363 -71.06271 42.35844
4572 0 45649364 -71.06271 42.35844
2070 1 45813523 -71.06346 42.36017
3435 1 45813542 -71.06423 42.35974
10770 1 45903312 -71.06346 42.36017
2575 1 46260711 -71.064327 42.360543
5130 2 46519531 -71.055077 42.362994
2100 1 46918593 -71.05526 42.365842
5080 2 47291708 -71.054403 42.367429
4750 3 47638476 -71.064331 42.364725
4440 1 48095994 -71.054193 42.35914
4720 1 48349004 -71.060562 42.365162
4000 1 48425261 -71.064301 42.360326
4630 1 48425395 -71.060562 42.365162
4500 1 48610001 -71.061656 42.365661
6500 4 48682249 -71.0580902874074 42.3636555775331
4470 1 48984828 -71.054193 42.35914
3700 1 49117270 -71.054389 42.358172
3740 0 49180229 -71.061656 42.365661
10740 1 49401196 -71.054146 42.366311
8280 1 49417809 -71.055329 42.357171
17100 3 49417810 -71.063415 42.357344
12330 2 49417878 -71.059417 42.357073
13650 2 49417886 -71.054165 42.358646
20190 4 49417899 -71.061518 42.360479
8550 1 49417909 -71.061611 42.357922
3840 0 49474090 -71.064173 42.359745
4230 1 49475781 -71.064173 42.359745
4350 1 49476289 -71.064173 42.359745
9150 2 49520565 -71.063972 42.360519
10230 2 49581862 -71.063183 42.360689
4300 1 49883925 -71.060006 42.357244
4650 1 49937485 -71.063294 42.36595
4660 1 50014445 -71.063294 42.36595
4480 1 50015899 -71.063294 42.36595
6000 4 50026987 -71.055373 42.365706
2750 1 50098589 -71.062421 42.358244
4000 0 50101076 -71.063294 42.36595
6500 2 50117606 -71.061656 42.365661
6000 4 50156050 -71.0553517 42.365719
2300 1 50161489 -71.0630409 42.3609881
4115 1 50173959 -71.061656 42.365661
3950 2 50174184 -71.0551778 42.3634415
8000 3 50226697 -71.0543552903048 42.3638495775331
3950 1 50232136 -71.06014 42.36654
2800 0 50267541 -71.0652392291974 42.3597575775331
2750 2 50291102 -71.0563553219238 42.3659665775331
6000 3 50295389 -71.0589183297208 42.3664885775331
2400 1 50313140 -71.053828 42.365581
5250 2 50334709 -71.055298 42.363571
2900 1 50352419 -71.0643592383508 42.3603705775331
2300 1 50369669 -71.064331 42.365429
2750 1 50392906 -71.0623515 42.3581971
4470 2 50396716 -71.061327 42.36448
4050 1 50403022 -71.0553018 42.3637344
4620 1 50403685 -71.063294 42.36595
3276 0 50421695 -71.0625943088695 42.3650925775331
2850 1 50429757 -71.0553714 42.3662513
6771 2 50443978 -71.0625943088695 42.3650925775331
7700 4 50446431 -71.0534636 42.364773
3000 1 50448527 -71.0655352198353 42.3591305775331
3483 1 50457917 -71.0561752809557 42.363223577533
2700 1 50041083 -71.0646 42.378
3040 0 49320942 -71.075289 42.372467
2780 0 46786374 -71.073163 42.370069
2621 0 46786378 -71.073163 42.370069
1637 0 46786371 -71.073163 42.370069
2268 0 46786369 -71.073163 42.370069
3545 1 49115960 -71.074606 42.368073
2755 0 39433095 -71.07389 42.370468
2858 0 5464804 -71.077709 42.384669
3183 1 5464807 -71.077709 42.384669
3900 2 21269005 -71.0675379 42.3812314
2600 1 25966574 -71.0644465 42.3737389
3450 2 45481626 -71.0616568893433 42.379058005681
2839 0 46991545 -71.0749 42.3874
3980 1 48022113 -71.073163 42.370069
3300 1 49161233 -71.0785135869909 42.3689966378995
3614 1 49175245 -71.0749 42.3874
6150 1 49389353 -71.062035 42.374179
9750 1 49638009 -71.062373 42.378838
5970 3 49678252 -71.077764 42.385958
21990 5 49730604 -71.07924 42.38315
4400 4 49774749 -71.078509 42.369962
3300 1 49827282 -71.0787125904293 42.3687886378995
5440 2 49967306 -71.07389 42.370468
2700 1 50033915 -71.0629 42.38011
4770 2 50118206 -71.071708 42.371561
3000 2 50142896 -71.077708 42.383577
2200 1 50157711 -71.079278 42.385204
3400 1 50215457 -71.056399 42.368162
3695 2 50302970 -71.0777331 42.3718237
2400 1 50322291 -71.064393 42.377494
3500 1 50330322 -71.0722521 42.3688865
2600 1 50400147 -71.064504 42.373705
3400 3 50404713 -71.0629 42.38011
3219 1 50438118 -71.071708 42.371561
3549 0 50448404 -71.071708 42.371561
4000 2 50457899 -71.0780186002154 42.3681966378995
3150 0 46732019 -71.046698 42.348982
3468 0 43459194 -71.044412 42.351135
3250 0 40268766 -71.0447 42.3492
3057 0 40268765 -71.0447 42.3492
2979 1 40268775 -71.0447 42.3492
3233 0 39357860 -71.042079 42.348398
2749 0 12513818 -71.047646 42.349582
3050 0 16555753 -71.048628 42.348768
3375 1 16555763 -71.048628 42.348768
4050 1 39088610 -71.049782 42.365219
4520 1 42541033 -71.046698 42.348983
4620 1 42541036 -71.046698 42.348983
3640 1 42663097 -71.049649 42.348956
26850 3 45649316 -71.05266 42.36428
4531 1 45649317 -71.04305 42.35151
4320 1 45649335 -71.05266 42.36428
3720 1 45649370 -71.04025 42.36583
5010 1 45813514 -71.0533 42.35912
3540 0 47557230 -71.048628 42.348768
2898 0 47582066 -71.046302 42.352285
5000 4 47620155 -71.05288 42.364501
7000 4 47634087 -71.052666 42.364392
4640 1 47729404 -71.046259 42.351591
3700 0 47838575 -71.046259 42.351591
2500 1 47961021 -71.030228 42.364245
2900 2 47961076 -71.030228 42.364245
3016 0 48620811 -71.04609 42.353146
4700 4 48810466 -71.032166 42.366204
5724 2 49157993 -71.0439501179466 42.3523055775331
8970 2 49480903 -71.040499 42.349584
2900 2 49545946 -71.032228 42.364661
17850 3 49560193 -71.052688 42.36428
5670 1 49684747 -71.052613 42.364252
2750 2 49824061 -71.030969 42.365245
6000 4 49910190 -71.0526651 42.3626218
1600 1 49954457 -71.0527980700135 42.3618763138285
2400 1 50169695 -71.0506801 42.3660596
3700 2 50213293 -71.050964 42.357813
3200 1 50265375 -71.051311 42.364978
3950 2 50315945 -71.0525056 42.367164
2550 0 50340539 -71.051311 42.364978
3650 1 50349902 -71.0498 42.358117
4700 4 50381334 -71.032062 42.366233
4377 1 50381953 -71.046259 42.351591
2800 1 50384177 -71.0533998 42.363643
2600 2 50400089 -71.0529092969658 42.364295577533
5988 2 50417058 -71.043138 42.351472
5879 2 50438125 -71.046259 42.351591
5327 1 50438133 -71.0466761128419 42.351963577533
3039 0 50448425 -71.047197098797 42.3510225775331
17880 3 50458382 -71.051272 42.364641
2200 0 50388676 -71.037053 42.381804
2100 1 46709708 -71.036109 42.387783
2200 2 46810491 -71.036109 42.387783
2850 3 49933903 -71.034627 42.377152
2500 2 46248510 -71.03528 42.379846
2200 1 41833481 -71.034592 42.380184
2275 1 49897248 -71.031242 42.37939
2999 0 40258454 -71.049491 42.378297
4471 2 40258484 -71.049491 42.378297
2476 1 40258453 -71.049491 42.378297
2337 1 40258462 -71.049491 42.378297
3200 2 39500733 -71.042591 42.371767
2475 1 43160950 -71.038045 42.370705
3200 3 45559299 -71.034708 42.375179
3600 3 46061428 -71.032716 42.381184
2450 1 47248098 -71.042936 42.368597
3525 3 47611625 -71.039592 42.373679
2800 2 47611626 -71.030437 42.377316
2385 1 47611629 -71.030437 42.377316
3000 2 47611633 -71.033391 42.369532
4600 3 47611635 -71.030437 42.377316
2850 2 47611636 -71.039592 42.373679
3200 1 49155957 -71.052089 42.374991
4000 6 49175088 -71.038242 42.376893
4000 5 49218392 -71.030592 42.378832
5130 2 49354679 -71.040079 42.388919
5700 1 49599813 -71.0345 42.367994
3200 1 49783588 -71.052069 42.373544
2950 2 49798904 -71.035292 42.379468
2700 1 49824060 -71.034808 42.373561
2400 2 49824084 -71.034019 42.371069
3000 3 49852643 -71.034233 42.373544
2400 1 49898777 -71.0325 42.370782
2600 3 49900416 -71.0342873626137 42.3686905775331
4000 3 49999885 -71.039393 42.37327
3850 4 50027711 -71.03781 42.380059
4600 4 50039311 -71.03205 42.370665
2650 3 50049775 -71.037708 42.370561
3750 2 50078587 -71.0343674 42.3802208
2295 2 50180568 -71.032257 42.379814
3250 4 50195997 -71.034203 42.374135
3100 2 50217881 -71.0403366 42.3874376
3180 2 50249524 -71.033053 42.370552
3125 3 50252758 -71.0386176 42.3779194
2750 2 50252777 -71.031834 42.376452
4200 2 50261472 -71.0521911 42.3734076
2550 2 50265068 -71.031603 42.38211
2300 1 50293605 -71.038664 42.369079
2300 1 50294360 -71.038919 42.3685
2600 2 50294363 -71.029779 42.377888
2100 1 50317991 -71.040838 42.369792
3800 2 50339581 -71.032053 42.379135
3275 3 50339588 -71.032053 42.379135
2900 2 50373879 -71.036549 42.36895
3300 3 50386914 -71.034808 42.373561
2000 0 50387324 -71.042676 42.387942
3125 3 50416289 -71.038393 42.378021
2475 1 50416291 -71.031916 42.370582
3100 3 50431759 -71.031349 42.375808
1995 1 50440497 -71.042035 42.371629
3500 4 50457918 -71.042113536037 42.3893026158673
3500 5 50375728 -71.062359 42.421601
2490 0 50248858 -71.071219 42.427093
2815 1 45585723 -71.063083 42.425776
1750 0 42477626 -71.033592 42.394806
2500 3 42043410 -71.038971 42.391296
2550 1 42351365 -71.036778 42.39045
2375 1 30604100 -71.074086 42.427976
1970 0 30604099 -71.074086 42.427976
2635 0 29849317 -71.076309 42.412065
2965 1 29849321 -71.076309 42.412065
2365 1 29849320 -71.076309 42.412065
2730 0 22915452 -71.078353 42.394794
2992 1 22216653 -71.075509 42.40913
2605 0 22216651 -71.075509 42.40913
1941 0 22216649 -71.075509 42.40913
1981 1 22216650 -71.075509 42.40913
2757 1 22216597 -71.077794 42.405503
2813 1 22216598 -71.077794 42.405503
2325 0 64013 -71.074132 42.427872
3100 2 64015 -71.074132 42.427872
4060 1 39690060 -71.078173 42.393915
1850 0 45378308 -71.073383 42.428159
2600 2 45708280 -71.075202 42.431292
2600 3 46304501 -71.0451447 42.4083767
4130 1 47838581 -71.078353 42.394794
4750 2 47871297 -71.078353 42.394794
1800 1 48459374 -71.041579 42.433665
2400 2 49107817 -71.060048 42.432591
8670 2 49247758 -71.069041 42.427846
5400 1 49248037 -71.067664 42.430699
5850 2 49354007 -71.06343 42.420137
4650 2 49465161 -71.058113 42.409599
2310 1 49481515 -71.036393 42.405149
7530 3 49502958 -71.045339 42.417981
5100 2 49506554 -71.069059 42.417493
4620 1 49528150 -71.051832 42.417996
15000 6 49602986 -71.050618 42.407118
11250 3 49606444 -71.077288 42.43318
9000 3 49706871 -71.050417 42.405858
5970 3 49730787 -71.062393 42.410768
999 1 49807878 -71.0651957 42.4194725
2750 3 50000019 -71.050249 42.406389
2400 2 50021610 -71.0671865 42.4300763
3050 2 50030176 -71.065686 42.412951
3500 3 50098729 -71.074951 42.433689
3310 2 50140208 -71.0383876899514 42.3987116158673
3500 3 50142722 -71.042232 42.409453
4192 3 50169103 -71.0383876899514 42.3987116158673
9600 1 50200764 -71.0738 42.43398
2679 1 50206997 -71.037361 42.399524
3720 1 50221196 -71.042026 42.413071
2100 1 50223419 -71.033393 42.395033
3200 4 50228534 -71.0685599 42.4201786
2000 1 50233441 -71.031154 42.398932
2000 1 50239557 -71.052268 42.4277382
4000 1 50248801 -71.078353 42.394794
4400 5 50267552 -71.032708 42.396932
2800 2 50284902 -71.059544 42.403233
2800 2 50290338 -71.0489643 42.4061842
2800 3 50302474 -71.0447128 42.4149801
2500 3 50313167 -71.0336908076985 42.4059066158673
2900 3 50317990 -71.0630989784718 42.4156066700587
2200 1 50333646 -71.070808 42.414753
3099 1 50340523 -71.045441 42.401352
2200 1 50346366 -71.057237 42.404675
1900 2 50354959 -71.0591812 42.4072679
1500 1 50355006 -71.0591812 42.4072679
2650 3 50362546 -71.047684 42.414441
11400 2 50363430 -71.060283 42.401483
3975 4 50375341 -71.066818 42.418786
2800 2 50377860 -71.079229 42.405719
2500 2 50384671 -71.041759 42.422885
2100 2 50389637 -71.0410228831666 42.4227206700587
3200 3 50395321 -71.05718 42.417025
3195 3 50397872 -71.039423 42.40836
4130 1 50408443 -71.078353 42.394794
2405 1 50421660 -71.063415 42.400522
2435 0 50430324 -71.077141676269 42.4199656010472
2000 2 50438194 -71.056555 42.424213
1500 0 50443994 -71.0540509500205 42.4177306700587
2368 0 50448448 -71.037361 42.399524
2700 2 50454339 -71.077906 42.42922
1500 0 50457515 -71.054753 42.416442
1980 1 50457991 -71.058814 42.420615
2400 1 49500432 -70.98733 42.374696
2340 0 48980301 -70.990416 42.414013
2300 1 46820068 -70.991297 42.403053
1650 1 46783720 -71.000549 42.406614
3500 4 42043422 -71.015584 42.400019
2500 3 41639132 -71.022759 42.380739
1800 1 44289161 -70.9804188 42.4282118
3600 4 48712971 -71.0014566060949 42.3849825775331
1800 1 48718012 -71.006671 42.423646
3100 3 49077720 -71.013547 42.424129
3200 2 49131912 -71.009808 42.38538
12300 1 49170215 -71.01104 42.42282
36180 2 49170218 -71.01085 42.42292
4770 2 49393522 -70.98372 42.394631
2220 2 49461265 -70.989019 42.396505
8850 4 49473835 -70.992756 42.406587
9000 2 49559781 -71.005518 42.388695
5970 2 49596469 -70.986752 42.368578
3540 2 49600508 -71.012009 42.418903
5550 1 49629905 -70.989399 42.398243
5550 2 49634265 -70.993515 42.419029
4380 2 49672188 -71.019843 42.411468
3000 1 49706239 -71.00964 42.415312
3000 2 50045103 -71.0145899 42.3837682
2500 3 50072543 -70.9903785941248 42.3788940291952
2600 2 50139228 -71.017409 42.40644
3000 2 50140704 -70.979449 42.429302
8550 2 50151098 -70.98579 42.420774
2900 1 50177400 -71.020599 42.401778
3300 4 50287358 -71.000216 42.390332
2200 1 50300954 -70.995449 42.406464
3400 2 50386304 -71.008903 42.387419
2500 2 50396064 -71.018109 42.384498
2603 1 50443980 -70.9941471871294 42.3996332552488
2100 1 50448543 -71.0247 42.3755
2800 2 50451520 -70.978497 42.372468
